1	0	1999	1	0	1999	1	0	1999	1	0	1999	1	0	1999	1	0	1999	1	0	1999	1	0	1999	1	0	1999	
1	0	2000	1	0	2000	1	0	2000	1	0	2000	1	0	2000	1	0	2000	1	0	2000	1	0	2000	1	0	2000	
1	0	2000	1	0	2000	1	0	2000	1	0	2000	1	0	2000	1	0	2000	1	0	2000	1	0	2000	1	0	2000	
1	0	2000	1	0	2000	1	0	2000	1	0	2000	1	0	2000	1	0	2000	1	0	2000	1	0	2000	1	0	2000	
1	0	2000	1	0	2000	1	0	2000	1	0	2000	1	0	2000	1	0	2000	1	0	2000	1	0	2000	1	0	2000	
1	0	2000	1	0	2000	1	0	2000	1	0	2000	1	0	2000	1	0	2000	1	0	2000	1	0	2000	1	0	2000	
1	0	2000	1	0	2000	1	0	2000	1	0	2000	1	0	2000	1	0	2000	1	0	2000	1	0	2000	1	0	2000	
1	0	2000	1	0	2000	1	0	2000	1	0	2000	1	0	2000	1	0	2000	1	0	2000	1	0	2000	1	0	2000	
1	0	2000	1	0	2000	1	0	2000	1	0	2000	1	0	2000	1	0	2000	1	0	2000	1	0	2000	1	0	2000	
1	0	2000	1	0	2000	1	0	2000	1	0	2000	1	0	2000	1	0	2000	1	0	2000	1	0	2000	1	0	2000	
1	0	2000	1	0	2000	1	0	2000	1	0	2000	1	0	2000	1	0	2000	1	0	2000	1	0	2000	1	0	2000	
1	0	2000	1	0	2000	1	0	2000	1	0	2000	1	0	2000	1	0	2000	1	0	2000	1	0	2000	1	0	2000	
1	0	2000	1	0	2000	1	0	2000	1	0	2000	1	0	2000	1	0	2000	1	0	2000	1	0	2000	1	0	2000	
1	0	1997	1	0	1997	1	0	1997	1	0	1997	1	0	1997	1	0	1997	1	0	1997	1	0	1997	1	0	1997	
1	0	1409	1	0	1409	1	0	1409	1	0	1409	1	0	1409	1	0	1409	1	0	1409	1	0	1409	1	0	1409	
1	0	2000	1	0	2000	1	0	2000	1	0	2000	1	0	2000	1	0	2000	1	0	2000	1	0	2000	1	0	2000	
1	0	2000	1	0	2000	1	0	2000	1	0	2000	1	0	2000	1	0	2000	1	0	2000	1	0	2000	1	0	2000	
1	0	2000	1	0	2000	1	0	2000	1	0	2000	1	0	2000	1	0	2000	1	0	2000	1	0	2000	1	0	2000	
1	0	2000	1	0	2000	1	0	2000	1	0	2000	1	0	2000	1	0	2000	1	0	2000	1	0	2000	1	0	2000	
1	0	2000	1	0	2000	1	0	2000	1	0	2000	1	0	2000	1	0	2000	1	0	2000	1	0	2000	1	0	2000	
1	0	2000	1	0	2000	1	0	2000	1	0	2000	1	0	2000	1	0	2000	1	0	2000	1	0	2000	1	0	2000	
1	0	2000	1	0	2000	1	0	2000	1	0	2000	1	0	2000	1	0	2000	1	0	2000	1	0	2000	1	0	2000	
1	0	2000	1	0	2000	1	0	2000	1	0	2000	1	0	2000	1	0	2000	1	0	2000	1	0	2000	1	0	2000	
1	0	2000	1	0	2000	1	0	2000	1	0	2000	1	0	2000	1	0	2000	1	0	2000	1	0	2000	1	0	2000	
1	0	2000	1	0	2000	1	0	2000	1	0	2000	1	0	2000	1	0	2000	1	0	2000	1	0	2000	1	0	2000	
1	0	2000	1	0	2000	1	0	2000	1	0	2000	1	0	2000	1	0	2000	1	0	2000	1	0	2000	1	0	2000	
1	0	2000	1	0	2000	1	0	2000	1	0	2000	1	0	2000	1	0	2000	1	0	2000	1	0	2000	1	0	2000	
1	0	2000	1	0	2000	1	0	2000	1	0	2000	1	0	2000	1	0	2000	1	0	2000	1	0	2000	1	0	2000	
1	0	1999	1	0	1999	1	0	1999	1	0	1999	1	0	1999	1	0	1999	1	0	1999	1	0	1999	1	0	1999	
1	0	1992	1	0	1992	1	0	1992	1	0	1992	1	0	1992	1	0	1992	1	0	1992	1	0	1992	1	0	1992	
1	0	1881	1	0	1881	1	0	1881	1	0	1881	1	0	1881	1	0	1881	1	0	1881	1	0	1881	1	0	1881	
1	0	1422	1	0	1422	1	0	1422	1	0	1422	1	0	1422	1	0	1422	1	0	1422	1	0	1422	1	0	1422	
1	0	1071	1	0	1071	1	0	1071	1	0	1071	1	0	1071	1	0	1071	1	0	1071	1	0	1071	1	0	1071	
1	0	2000	1	0	2000	1	0	2000	1	0	2000	1	0	2000	1	0	2000	1	0	2000	1	0	2000	1	0	2000	
1	0	2000	1	0	2000	1	0	2000	1	0	2000	1	0	2000	1	0	2000	1	0	2000	1	0	2000	1	0	2000	
1	0	2000	1	0	2000	1	0	2000	1	0	2000	1	0	2000	1	0	2000	1	0	2000	1	0	2000	1	0	2000	
1	0	2000	1	0	2000	1	0	2000	1	0	2000	1	0	2000	1	0	2000	1	0	2000	1	0	2000	1	0	2000	
1	0	2000	1	0	2000	1	0	2000	1	0	2000	1	0	2000	1	0	2000	1	0	2000	1	0	2000	1	0	2000	
1	0	2000	1	0	2000	1	0	2000	1	0	2000	1	0	2000	1	0	2000	1	0	2000	1	0	2000	1	0	2000	
1	0	2000	1	0	2000	1	0	2000	1	0	2000	1	0	2000	1	0	2000	1	0	2000	1	0	2000	1	0	2000	
1	0	2000	1	0	2000	1	0	2000	1	0	2000	1	0	2000	1	0	2000	1	0	2000	1	0	2000	1	0	2000	
1	0	2000	1	0	2000	1	0	2000	1	0	2000	1	0	2000	1	0	2000	1	0	2000	1	0	2000	1	0	2000	
1	0	2000	1	0	2000	1	0	2000	1	0	2000	1	0	2000	1	0	2000	1	0	2000	1	0	2000	1	0	2000	
1	0	2000	1	0	2000	1	0	2000	1	0	2000	1	0	2000	1	0	2000	1	0	2000	1	0	2000	1	0	2000	
1	0	2000	1	0	2000	1	0	2000	1	0	2000	1	0	2000	1	0	2000	1	0	2000	1	0	2000	1	0	2000	
1	0	2000	1	0	2000	1	0	2000	1	0	2000	1	0	2000	1	0	2000	1	0	2000	1	0	2000	1	0	2000	
1	0	2000	1	0	2000	1	0	2000	1	0	2000	1	0	2000	1	0	2000	1	0	2000	1	0	2000	1	0	2000	
1	0	2000	1	0	2000	1	0	2000	1	0	2000	1	0	2000	1	0	2000	1	0	2000	1	0	2000	1	0	2000	
1	0	2000	1	0	2000	1	0	2000	1	0	2000	1	0	2000	1	0	2000	1	0	2000	1	0	2000	1	0	2000	
1	0	2000	1	0	2000	1	0	2000	1	0	2000	1	0	2000	1	0	2000	1	0	2000	1	0	2000	1	0	2000	
1	0	2000	1	0	2000	1	0	2000	1	0	2000	1	0	2000	1	0	2000	1	0	2000	1	0	2000	1	0	2000	
1	0	2000	1	0	2000	1	0	2000	1	0	2000	1	0	2000	1	0	2000	1	0	2000	1	0	2000	1	0	2000	
1	0	2000	1	0	2000	1	0	2000	1	0	2000	1	0	2000	1	0	2000	1	0	2000	1	0	2000	1	0	2000	
1	0	2000	1	0	2000	1	0	2000	1	0	2000	1	0	2000	1	0	2000	1	0	2000	1	0	2000	1	0	2000	
1	0	2000	1	0	2000	1	0	2000	1	0	2000	1	0	2000	1	0	2000	1	0	2000	1	0	2000	1	0	2000	
1	0	2000	1	0	2000	1	0	2000	1	0	2000	1	0	2000	1	0	2000	1	0	2000	1	0	2000	1	0	2000	
1	0	2000	1	0	2000	1	0	2000	1	0	2000	1	0	2000	1	0	2000	1	0	2000	1	0	2000	1	0	2000	
1	0	2000	1	0	2000	1	0	2000	1	0	2000	1	0	2000	1	0	2000	1	0	2000	1	0	2000	1	0	2000	
1	0	2000	1	0	2000	1	0	2000	1	0	2000	1	0	2000	1	0	2000	1	0	2000	1	0	2000	1	0	2000	
1.000	0.001	2000	1.000	0.001	2000	1.000	0.001	2000	1.000	0.001	2000	1.000	0.001	2000	1.000	0.001	2000	1.000	0.001	2000	1.000	0.001	2000	1.000	0.000	2000	
1.000	0.001	2000	1.000	0.001	2000	1.000	0.001	2000	1.000	0.001	2000	1.000	0.001	2000	1.000	0.001	2000	1.000	0.001	2000	1.000	0.001	2000	1.000	0.000	2000	
1.000	0.001	2000	1.000	0.001	2000	1.000	0.001	2000	1.000	0.001	2000	1.000	0.001	2000	1.000	0.001	2000	1.000	0.001	2000	1.000	0.001	2000	1.000	0.000	2000	
0.999	0.001	2000	0.999	0.001	2000	0.999	0.001	2000	0.999	0.001	2000	0.999	0.001	2000	0.999	0.001	2000	0.999	0.001	2000	0.999	0.001	2000	1.000	0.001	2000	
0.999	0.002	2000	0.999	0.002	2000	0.999	0.002	2000	0.999	0.002	2000	0.999	0.002	2000	0.999	0.002	2000	0.999	0.002	2000	0.999	0.002	2000	1.000	0.001	2000	
0.999	0.002	2000	0.999	0.002	2000	0.999	0.002	2000	0.999	0.002	2000	0.999	0.002	2000	0.999	0.002	2000	0.999	0.002	2000	0.999	0.002	2000	1.000	0.001	2000	
0.999	0.002	2000	0.999	0.002	2000	0.999	0.002	2000	0.999	0.002	2000	0.999	0.002	2000	0.999	0.002	2000	0.999	0.002	2000	0.999	0.002	2000	1.000	0.001	2000	
0.999	0.002	2000	0.999	0.002	2000	0.999	0.002	2000	0.999	0.002	2000	0.999	0.002	2000	0.999	0.002	2000	0.999	0.002	2000	0.999	0.002	2000	1.000	0.001	2000	
0.999	0.002	2000	0.999	0.002	2000	0.999	0.002	2000	0.999	0.002	2000	0.999	0.002	2000	0.999	0.002	2000	0.999	0.002	2000	0.999	0.002	2000	1.000	0.001	2000	
1.000	0.001	2000	1.000	0.001	2000	1.000	0.001	2000	1.000	0.001	2000	1.000	0.001	2000	1.000	0.001	2000	1.000	0.001	2000	1.000	0.001	2000	1.000	0.001	2000	
1.000	0.001	2000	1.000	0.001	2000	1.000	0.001	2000	1.000	0.001	2000	1.000	0.001	2000	1.000	0.001	2000	1.000	0.001	2000	1.000	0.001	2000	1.000	0.000	2000	
1.000	0.001	2000	1.000	0.001	2000	1.000	0.001	2000	1.000	0.001	2000	1.000	0.001	2000	1.000	0.001	2000	1.000	0.001	2000	1.000	0.001	2000	1.000	0.000	2000	
1.000	0.000	2000	1.000	0.000	2000	1.000	0.000	2000	1.000	0.000	2000	1.000	0.000	2000	1.000	0.000	2000	1.000	0.000	2000	1.000	0.000	2000	1.000	0.000	2000	
1.000	0.000	2000	1.000	0.000	2000	1.000	0.000	2000	1.000	0.000	2000	1.000	0.000	2000	1.000	0.000	2000	1.000	0.000	2000	1.000	0.000	2000	1.000	0.000	2000	
1	0	2000	1	0	2000	1	0	2000	1	0	2000	1	0	2000	1	0	2000	1	0	2000	1	0	2000	1	0	2000	
1	0	2000	1	0	2000	1	0	2000	1	0	2000	1	0	2000	1	0	2000	1	0	2000	1	0	2000	1	0	2000	
1	0	2000	1	0	2000	1	0	2000	1	0	2000	1	0	2000	1	0	2000	1	0	2000	1	0	2000	1	0	2000	
1	0	2000	1	0	2000	1	0	2000	1	0	2000	1	0	2000	1	0	2000	1	0	2000	1	0	2000	1	0	2000	
1	0	2000	1	0	2000	1	0	2000	1	0	2000	1	0	2000	1	0	2000	1	0	2000	1	0	2000	1	0	2000	
1	0	2000	1	0	2000	1	0	2000	1	0	2000	1	0	2000	1	0	2000	1	0	2000	1	0	2000	1	0	2000	
0.966	0.025	2000	0.966	0.025	2000	0.966	0.025	2000	0.966	0.025	2000	0.966	0.025	2000	0.966	0.025	2000	0.966	0.025	2000	0.988	0.012	2000	1.000	0.001	2000	
0.953	0.029	2000	0.953	0.029	2000	0.953	0.029	2000	0.953	0.029	2000	0.953	0.029	2000	0.953	0.029	2000	0.953	0.029	2000	0.983	0.014	2000	1.000	0.001	2000	
0.941	0.033	2000	0.941	0.033	2000	0.941	0.033	2000	0.941	0.033	2000	0.941	0.033	2000	0.941	0.033	2000	0.941	0.033	2000	0.977	0.017	2000	0.999	0.001	2000	
0.934	0.034	2000	0.934	0.034	2000	0.934	0.034	2000	0.934	0.034	2000	0.934	0.034	2000	0.934	0.034	2000	0.934	0.034	2000	0.972	0.018	2000	0.999	0.002	2000	
0.924	0.036	2000	0.924	0.036	2000	0.924	0.036	2000	0.924	0.036	2000	0.924	0.036	2000	0.924	0.036	2000	0.924	0.036	2000	0.968	0.020	2000	0.999	0.002	2000	
0.920	0.038	2000	0.920	0.038	2000	0.920	0.038	2000	0.920	0.038	2000	0.920	0.038	2000	0.920	0.038	2000	0.920	0.038	2000	0.965	0.021	2000	0.999	0.002	2000	
0.915	0.038	2000	0.915	0.038	2000	0.915	0.038	2000	0.915	0.038	2000	0.915	0.038	2000	0.915	0.038	2000	0.915	0.038	2000	0.963	0.022	2000	0.999	0.002	2000	
0.914	0.040	2000	0.914	0.040	2000	0.914	0.040	2000	0.914	0.040	2000	0.914	0.040	2000	0.914	0.040	2000	0.914	0.040	2000	0.962	0.023	2000	0.998	0.002	2000	
0.916	0.039	2000	0.916	0.039	2000	0.916	0.039	2000	0.916	0.039	2000	0.916	0.039	2000	0.916	0.039	2000	0.916	0.039	2000	0.964	0.021	2000	0.999	0.002	2000	
0.922	0.037	2000	0.922	0.037	2000	0.922	0.037	2000	0.922	0.037	2000	0.922	0.037	2000	0.922	0.037	2000	0.922	0.037	2000	0.966	0.020	2000	0.999	0.002	2000	
0.931	0.035	2000	0.931	0.035	2000	0.931	0.035	2000	0.931	0.035	2000	0.931	0.035	2000	0.931	0.035	2000	0.931	0.035	2000	0.972	0.019	2000	0.999	0.002	2000	
0.944	0.031	2000	0.944	0.031	2000	0.944	0.031	2000	0.944	0.031	2000	0.944	0.031	2000	0.944	0.031	2000	0.944	0.031	2000	0.978	0.016	2000	1.000	0.001	2000	
0.959	0.026	2000	0.959	0.026	2000	0.959	0.026	2000	0.959	0.026	2000	0.959	0.026	2000	0.959	0.026	2000	0.959	0.026	2000	0.986	0.013	2000	1.000	0.001	2000	
0.975	0.020	2000	0.975	0.020	2000	0.975	0.020	2000	0.975	0.020	2000	0.975	0.020	2000	0.975	0.020	2000	0.975	0.020	2000	0.992	0.009	2000	1.000	0.000	2000	
0.987	0.014	2000	0.987	0.014	2000	0.987	0.014	2000	0.987	0.014	2000	0.987	0.014	2000	0.987	0.014	2000	0.987	0.014	2000	0.997	0.005	2000	1.000	0.000	2000	
0.996	0.007	2000	0.996	0.007	2000	0.996	0.007	2000	0.996	0.007	2000	0.996	0.007	2000	0.996	0.007	2000	0.996	0.007	2000	0.999	0.002	2000	1	0	2000	
0.999	0.003	2000	0.999	0.003	2000	0.999	0.003	2000	0.999	0.003	2000	0.999	0.003	2000	0.999	0.003	2000	0.999	0.003	2000	1.000	0.001	2000	1	0	2000	
1.000	0.002	2000	1.000	0.002	2000	1.000	0.002	2000	1.000	0.002	2000	1.000	0.002	2000	1.000	0.002	2000	1.000	0.002	2000	1.000	0.000	2000	1	0	2000	
1.000	0.001	2000	1.000	0.001	2000	1.000	0.001	2000	1.000	0.001	2000	1.000	0.001	2000	1.000	0.001	2000	1.000	0.001	2000	1.000	0.000	2000	1	0	2000	
1.000	0.002	2000	1.000	0.002	2000	1.000	0.002	2000	1.000	0.002	2000	1.000	0.002	2000	1.000	0.002	2000	1.000	0.002	2000	1.000	0.000	2000	1	0	2000	
1.000	0.001	2000	1.000	0.001	2000	1.000	0.001	2000	1.000	0.001	2000	1.000	0.001	2000	1.000	0.001	2000	1.000	0.001	2000	1.000	0.000	2000	1	0	2000	
1.000	0.001	2000	1.000	0.001	2000	1.000	0.001	2000	1.000	0.001	2000	1.000	0.001	2000	1.000	0.001	2000	1.000	0.001	2000	1.000	0.000	2000	1	0	2000	
0.811	0.082	2000	0.811	0.082	2000	0.811	0.082	2000	0.811	0.082	2000	0.811	0.082	2000	0.811	0.082	2000	0.928	0.042	2000	0.994	0.007	2000	1.000	0.000	2000	
0.771	0.085	2000	0.771	0.085	2000	0.771	0.085	2000	0.771	0.085	2000	0.771	0.085	2000	0.771	0.085	2000	0.905	0.049	2000	0.990	0.009	2000	1.000	0.001	2000	
0.741	0.086	2000	0.741	0.086	2000	0.741	0.086	2000	0.741	0.086	2000	0.741	0.086	2000	0.741	0.086	2000	0.884	0.051	2000	0.986	0.012	2000	1.000	0.001	2000	
0.714	0.089	2000	0.714	0.089	2000	0.714	0.089	2000	0.714	0.089	2000	0.714	0.089	2000	0.714	0.089	2000	0.865	0.055	2000	0.981	0.014	2000	1.000	0.001	2000	
0.696	0.091	2000	0.696	0.091	2000	0.696	0.091	2000	0.696	0.091	2000	0.696	0.091	2000	0.696	0.091	2000	0.848	0.057	2000	0.976	0.016	2000	0.999	0.001	2000	
0.677	0.091	2000	0.677	0.091	2000	0.677	0.091	2000	0.677	0.091	2000	0.677	0.091	2000	0.677	0.091	2000	0.835	0.059	2000	0.973	0.017	2000	0.999	0.001	2000	
0.669	0.093	2000	0.669	0.093	2000	0.669	0.093	2000	0.669	0.093	2000	0.669	0.093	2000	0.669	0.093	2000	0.826	0.061	2000	0.969	0.019	2000	0.999	0.002	2000	
0.659	0.093	2000	0.659	0.093	2000	0.659	0.093	2000	0.659	0.093	2000	0.659	0.093	2000	0.659	0.093	2000	0.820	0.062	2000	0.967	0.019	2000	0.999	0.002	2000	
0.658	0.091	2000	0.658	0.091	2000	0.658	0.091	2000	0.658	0.091	2000	0.658	0.091	2000	0.658	0.091	2000	0.818	0.062	2000	0.966	0.019	2000	0.999	0.002	2000	
0.663	0.093	2000	0.663	0.093	2000	0.663	0.093	2000	0.663	0.093	2000	0.663	0.093	2000	0.663	0.093	2000	0.824	0.061	2000	0.968	0.019	2000	0.999	0.002	2000	
0.673	0.092	2000	0.673	0.092	2000	0.673	0.092	2000	0.673	0.092	2000	0.673	0.092	2000	0.673	0.092	2000	0.832	0.059	2000	0.971	0.017	2000	0.999	0.002	2000	
0.694	0.092	2000	0.694	0.092	2000	0.694	0.092	2000	0.694	0.092	2000	0.694	0.092	2000	0.694	0.092	2000	0.846	0.060	2000	0.976	0.016	2000	0.999	0.001	2000	
0.716	0.091	2000	0.716	0.091	2000	0.716	0.091	2000	0.716	0.091	2000	0.716	0.091	2000	0.716	0.091	2000	0.867	0.055	2000	0.981	0.014	2000	1.000	0.001	2000	
0.768	0.087	2000	0.768	0.087	2000	0.768	0.087	2000	0.768	0.087	2000	0.768	0.087	2000	0.768	0.087	2000	0.902	0.048	2000	0.990	0.009	2000	1.000	0.000	2000	
0.828	0.076	2000	0.828	0.076	2000	0.828	0.076	2000	0.828	0.076	2000	0.828	0.076	2000	0.828	0.076	2000	0.939	0.038	2000	0.996	0.006	2000	1.000	0.000	2000	
0.986	0.023	2000	0.986	0.023	2000	0.986	0.023	2000	0.986	0.023	2000	0.986	0.023	2000	0.986	0.023	2000	0.999	0.004	2000	1	0	2000	1	0	2000	
0.986	0.022	2000	0.986	0.022	2000	0.986	0.022	2000	0.986	0.022	2000	0.986	0.022	2000	0.986	0.022	2000	0.999	0.004	2000	1	0	2000	1	0	2000	
0.987	0.021	2000	0.987	0.021	2000	0.987	0.021	2000	0.987	0.021	2000	0.987	0.021	2000	0.987	0.021	2000	0.999	0.004	2000	1	0	2000	1	0	2000	
0.992	0.016	2000	0.992	0.016	2000	0.992	0.016	2000	0.992	0.016	2000	0.992	0.016	2000	0.992	0.016	2000	1.000	0.002	2000	1	0	2000	1	0	2000	
0.994	0.013	2000	0.994	0.013	2000	0.994	0.013	2000	0.994	0.013	2000	0.994	0.013	2000	0.994	0.013	2000	1.000	0.002	2000	1	0	2000	1	0	2000	
0.999	0.002	2000	0.999	0.002	2000	0.999	0.002	2000	0.999	0.002	2000	0.999	0.002	2000	0.999	0.002	2000	0.999	0.002	2000	1.000	0.001	2000	1	0	2000	
0.997	0.005	2000	0.997	0.005	2000	0.997	0.005	2000	0.997	0.005	2000	0.997	0.005	2000	0.997	0.005	2000	0.997	0.005	2000	0.999	0.002	2000	1	0	2000	
0.992	0.009	2000	0.992	0.009	2000	0.992	0.009	2000	0.992	0.009	2000	0.992	0.009	2000	0.992	0.009	2000	0.992	0.009	2000	0.997	0.005	2000	1.000	0.000	2000	
0.986	0.011	2000	0.986	0.011	2000	0.986	0.011	2000	0.986	0.011	2000	0.986	0.011	2000	0.986	0.011	2000	0.986	0.011	2000	0.994	0.007	2000	1.000	0.000	2000	
0.978	0.016	2000	0.978	0.016	2000	0.978	0.016	2000	0.978	0.016	2000	0.978	0.016	2000	0.978	0.016	2000	0.978	0.016	2000	0.989	0.010	2000	1.000	0.000	2000	
0.969	0.019	2000	0.969	0.019	2000	0.969	0.019	2000	0.969	0.019	2000	0.969	0.019	2000	0.969	0.019	2000	0.969	0.019	2000	0.984	0.012	2000	1.000	0.001	2000	
0.962	0.021	2000	0.962	0.021	2000	0.962	0.021	2000	0.962	0.021	2000	0.962	0.021	2000	0.962	0.021	2000	0.962	0.021	2000	0.979	0.014	2000	1.000	0.001	2000	
0.953	0.023	2000	0.953	0.023	2000	0.953	0.023	2000	0.953	0.023	2000	0.953	0.023	2000	0.953	0.023	2000	0.953	0.023	2000	0.974	0.015	2000	0.999	0.001	2000	
0.947	0.025	2000	0.947	0.025	2000	0.947	0.025	2000	0.947	0.025	2000	0.947	0.025	2000	0.947	0.025	2000	0.947	0.025	2000	0.969	0.017	2000	0.999	0.002	2000	
0.941	0.027	2000	0.941	0.027	2000	0.941	0.027	2000	0.941	0.027	2000	0.941	0.027	2000	0.941	0.027	2000	0.941	0.027	2000	0.965	0.018	2000	0.999	0.002	2000	
0.938	0.027	2000	0.938	0.027	2000	0.938	0.027	2000	0.938	0.027	2000	0.938	0.027	2000	0.938	0.027	2000	0.938	0.027	2000	0.963	0.019	2000	0.999	0.002	2000	
0.937	0.027	2000	0.937	0.027	2000	0.937	0.027	2000	0.937	0.027	2000	0.937	0.027	2000	0.937	0.027	2000	0.937	0.027	2000	0.962	0.019	2000	0.998	0.002	2000	
0.937	0.028	2000	0.937	0.028	2000	0.937	0.028	2000	0.937	0.028	2000	0.937	0.028	2000	0.937	0.028	2000	0.937	0.028	2000	0.962	0.019	2000	0.998	0.002	2000	
0.942	0.026	2000	0.942	0.026	2000	0.942	0.026	2000	0.942	0.026	2000	0.942	0.026	2000	0.942	0.026	2000	0.942	0.026	2000	0.966	0.018	2000	0.999	0.002	2000	
0.951	0.025	2000	0.951	0.025	2000	0.951	0.025	2000	0.951	0.025	2000	0.951	0.025	2000	0.951	0.025	2000	0.951	0.025	2000	0.972	0.016	2000	0.999	0.002	2000	
0.962	0.021	2000	0.962	0.021	2000	0.962	0.021	2000	0.962	0.021	2000	0.962	0.021	2000	0.962	0.021	2000	0.962	0.021	2000	0.979	0.014	2000	1.000	0.001	2000	
0.977	0.016	2000	0.977	0.016	2000	0.977	0.016	2000	0.977	0.016	2000	0.977	0.016	2000	0.977	0.016	2000	0.977	0.016	2000	0.989	0.010	2000	1.000	0.000	2000	
0.998	0.006	2000	0.998	0.006	2000	0.998	0.006	2000	0.998	0.006	2000	0.998	0.006	2000	0.998	0.006	2000	0.999	0.005	2000	1.000	0.000	2000	1	0	2000	
0.989	0.015	2000	0.989	0.015	2000	0.989	0.015	2000	0.989	0.015	2000	0.989	0.015	2000	0.989	0.015	2000	0.992	0.011	2000	1.000	0.000	2000	1	0	2000	
0.978	0.021	2000	0.978	0.021	2000	0.978	0.021	2000	0.978	0.021	2000	0.978	0.021	2000	0.978	0.021	2000	0.984	0.016	2000	1.000	0.001	2000	1	0	2000	
0.965	0.028	2000	0.965	0.028	2000	0.965	0.028	2000	0.965	0.028	2000	0.965	0.028	2000	0.965	0.028	2000	0.973	0.023	2000	0.999	0.002	2000	1	0	2000	
0.950	0.034	2000	0.950	0.034	2000	0.950	0.034	2000	0.950	0.034	2000	0.950	0.034	2000	0.950	0.034	2000	0.960	0.029	2000	0.998	0.003	2000	1.000	0.000	2000	
0.935	0.040	2000	0.935	0.040	2000	0.935	0.040	2000	0.935	0.040	2000	0.935	0.040	2000	0.935	0.040	2000	0.947	0.034	2000	0.997	0.004	2000	1.000	0.000	2000	
0.919	0.042	2000	0.919	0.042	2000	0.919	0.042	2000	0.919	0.042	2000	0.919	0.042	2000	0.919	0.042	2000	0.933	0.036	2000	0.995	0.005	2000	1.000	0.000	2000	
0.904	0.049	2000	0.904	0.049	2000	0.904	0.049	2000	0.904	0.049	2000	0.904	0.049	2000	0.904	0.049	2000	0.920	0.043	2000	0.994	0.007	2000	1.000	0.000	2000	
0.895	0.050	2000	0.895	0.050	2000	0.895	0.050	2000	0.895	0.050	2000	0.895	0.050	2000	0.895	0.050	2000	0.912	0.045	2000	0.992	0.007	2000	1.000	0.000	2000	
0.883	0.054	2000	0.883	0.054	2000	0.883	0.054	2000	0.883	0.054	2000	0.883	0.054	2000	0.883	0.054	2000	0.901	0.048	2000	0.990	0.008	2000	1.000	0.000	2000	
0.877	0.054	2000	0.877	0.054	2000	0.877	0.054	2000	0.877	0.054	2000	0.877	0.054	2000	0.877	0.054	2000	0.895	0.048	2000	0.989	0.009	2000	1.000	0.000	2000	
0.875	0.054	2000	0.875	0.054	2000	0.875	0.054	2000	0.875	0.054	2000	0.875	0.054	2000	0.875	0.054	2000	0.894	0.047	2000	0.989	0.009	2000	1.000	0.000	2000	
0.874	0.054	2000	0.874	0.054	2000	0.874	0.054	2000	0.874	0.054	2000	0.874	0.054	2000	0.874	0.054	2000	0.893	0.048	2000	0.989	0.009	2000	1.000	0.000	2000	
0.881	0.054	2000	0.881	0.054	2000	0.881	0.054	2000	0.881	0.054	2000	0.881	0.054	2000	0.881	0.054	2000	0.899	0.048	2000	0.990	0.009	2000	1.000	0.000	2000	
0.896	0.050	2000	0.896	0.050	2000	0.896	0.050	2000	0.896	0.050	2000	0.896	0.050	2000	0.896	0.050	2000	0.913	0.044	2000	0.992	0.007	2000	1.000	0.000	2000	
0.914	0.047	2000	0.914	0.047	2000	0.914	0.047	2000	0.914	0.047	2000	0.914	0.047	2000	0.914	0.047	2000	0.929	0.041	2000	0.995	0.005	2000	1.000	0.000	2000	
0.948	0.036	2000	0.948	0.036	2000	0.948	0.036	2000	0.948	0.036	2000	0.948	0.036	2000	0.948	0.036	2000	0.958	0.030	2000	0.998	0.003	2000	1.000	0.000	2000	
0.967	0.031	2000	0.967	0.031	2000	0.967	0.031	2000	0.967	0.031	2000	0.967	0.031	2000	0.967	0.031	2000	0.992	0.011	2000	1.000	0.000	2000	1	0	2000	
0.948	0.040	2000	0.948	0.040	2000	0.948	0.040	2000	0.948	0.040	2000	0.948	0.040	2000	0.948	0.040	2000	0.985	0.015	2000	1.000	0.001	2000	1	0	2000	
0.926	0.048	2000	0.926	0.048	2000	0.926	0.048	2000	0.926	0.048	2000	0.926	0.048	2000	0.926	0.048	2000	0.976	0.021	2000	0.999	0.002	2000	1	0	2000	
0.904	0.054	2000	0.904	0.054	2000	0.904	0.054	2000	0.904	0.054	2000	0.904	0.054	2000	0.904	0.054	2000	0.965	0.026	2000	0.999	0.002	2000	1	0	2000	
0.883	0.060	2000	0.883	0.060	2000	0.883	0.060	2000	0.883	0.060	2000	0.883	0.060	2000	0.883	0.060	2000	0.953	0.031	2000	0.998	0.003	2000	1.000	0.000	2000	
0.863	0.065	2000	0.863	0.065	2000	0.863	0.065	2000	0.863	0.065	2000	0.863	0.065	2000	0.863	0.065	2000	0.942	0.034	2000	0.997	0.004	2000	1.000	0.000	2000	
0.848	0.066	2000	0.848	0.066	2000	0.848	0.066	2000	0.848	0.066	2000	0.848	0.066	2000	0.848	0.066	2000	0.932	0.037	2000	0.995	0.005	2000	1.000	0.000	2000	
0.831	0.070	2000	0.831	0.070	2000	0.831	0.070	2000	0.831	0.070	2000	0.831	0.070	2000	0.831	0.070	2000	0.922	0.041	2000	0.994	0.006	2000	1.000	0.000	2000	
0.824	0.071	2000	0.824	0.071	2000	0.824	0.071	2000	0.824	0.071	2000	0.824	0.071	2000	0.824	0.071	2000	0.917	0.041	2000	0.993	0.006	2000	1.000	0.000	2000	
0.820	0.070	2000	0.820	0.070	2000	0.820	0.070	2000	0.820	0.070	2000	0.820	0.070	2000	0.820	0.070	2000	0.915	0.042	2000	0.993	0.006	2000	1.000	0.000	2000	
0.820	0.070	2000	0.820	0.070	2000	0.820	0.070	2000	0.820	0.070	2000	0.820	0.070	2000	0.820	0.070	2000	0.914	0.042	2000	0.993	0.007	2000	1.000	0.000	2000	
0.828	0.069	2000	0.828	0.069	2000	0.828	0.069	2000	0.828	0.069	2000	0.828	0.069	2000	0.828	0.069	2000	0.919	0.040	2000	0.993	0.006	2000	1.000	0.000	2000	
0.840	0.068	2000	0.840	0.068	2000	0.840	0.068	2000	0.840	0.068	2000	0.840	0.068	2000	0.840	0.068	2000	0.927	0.039	2000	0.995	0.005	2000	1.000	0.000	2000	
0.865	0.064	2000	0.865	0.064	2000	0.865	0.064	2000	0.865	0.064	2000	0.865	0.064	2000	0.865	0.064	2000	0.944	0.034	2000	0.997	0.004	2000	1.000	0.000	2000	
0.911	0.052	2000	0.911	0.052	2000	0.911	0.052	2000	0.911	0.052	2000	0.911	0.052	2000	0.911	0.052	2000	0.968	0.024	2000	0.999	0.002	2000	1	0	2000	
0.911	0.057	2000	0.911	0.057	2000	0.911	0.057	2000	0.911	0.057	2000	0.911	0.057	2000	0.927	0.050	2000	0.994	0.008	2000	1.000	0.000	2000	1	0	2000	
0.878	0.067	2000	0.878	0.067	2000	0.878	0.067	2000	0.878	0.067	2000	0.878	0.067	2000	0.898	0.059	2000	0.990	0.011	2000	1.000	0.000	2000	1	0	2000	
0.850	0.072	2000	0.850	0.072	2000	0.850	0.072	2000	0.850	0.072	2000	0.850	0.072	2000	0.873	0.064	2000	0.983	0.015	2000	1.000	0.001	2000	1	0	2000	
0.805	0.078	2000	0.805	0.078	2000	0.805	0.078	2000	0.805	0.078	2000	0.805	0.078	2000	0.831	0.071	2000	0.972	0.019	2000	0.999	0.002	2000	1	0	2000	
0.779	0.083	2000	0.779	0.083	2000	0.779	0.083	2000	0.779	0.083	2000	0.779	0.083	2000	0.805	0.077	2000	0.962	0.023	2000	0.999	0.002	2000	1	0	2000	
0.752	0.084	2000	0.752	0.084	2000	0.752	0.084	2000	0.752	0.084	2000	0.752	0.084	2000	0.779	0.077	2000	0.951	0.027	2000	0.998	0.003	2000	1.000	0.000	2000	
0.733	0.089	2000	0.733	0.089	2000	0.733	0.089	2000	0.733	0.089	2000	0.733	0.089	2000	0.761	0.083	2000	0.943	0.030	2000	0.997	0.004	2000	1.000	0.000	2000	
0.710	0.089	2000	0.710	0.089	2000	0.710	0.089	2000	0.710	0.089	2000	0.710	0.089	2000	0.739	0.083	2000	0.933	0.033	2000	0.995	0.004	2000	1.000	0.000	2000	
0.707	0.087	2000	0.707	0.087	2000	0.707	0.087	2000	0.707	0.087	2000	0.707	0.087	2000	0.737	0.082	2000	0.932	0.032	2000	0.995	0.004	2000	1.000	0.000	2000	
0.701	0.088	2000	0.701	0.088	2000	0.701	0.088	2000	0.701	0.088	2000	0.701	0.088	2000	0.731	0.083	2000	0.929	0.033	2000	0.995	0.005	2000	1.000	0.000	2000	
0.708	0.086	2000	0.708	0.086	2000	0.708	0.086	2000	0.708	0.086	2000	0.708	0.086	2000	0.739	0.081	2000	0.932	0.032	2000	0.995	0.004	2000	1.000	0.000	2000	
0.724	0.086	2000	0.724	0.086	2000	0.724	0.086	2000	0.724	0.086	2000	0.724	0.086	2000	0.753	0.080	2000	0.939	0.031	2000	0.996	0.004	2000	1.000	0.000	2000	
0.752	0.084	2000	0.752	0.084	2000	0.752	0.084	2000	0.752	0.084	2000	0.752	0.084	2000	0.781	0.076	2000	0.952	0.027	2000	0.997	0.003	2000	1.000	0.000	2000	
0.811	0.075	2000	0.811	0.075	2000	0.811	0.075	2000	0.811	0.075	2000	0.811	0.075	2000	0.837	0.068	2000	0.973	0.019	2000	0.999	0.001	2000	1	0	2000	
0.705	0.092	2000	0.705	0.092	2000	0.705	0.092	2000	0.705	0.092	2000	0.721	0.089	2000	0.922	0.038	2000	0.994	0.007	2000	1.000	0.000	2000	1	0	2000	
0.647	0.096	2000	0.647	0.096	2000	0.647	0.096	2000	0.647	0.096	2000	0.663	0.094	2000	0.887	0.046	2000	0.987	0.010	2000	1.000	0.001	2000	1	0	2000	
0.620	0.098	2000	0.620	0.098	2000	0.620	0.098	2000	0.620	0.098	2000	0.636	0.095	2000	0.869	0.048	2000	0.982	0.011	2000	1.000	0.001	2000	1	0	2000	
0.596	0.097	2000	0.596	0.097	2000	0.596	0.097	2000	0.596	0.097	2000	0.611	0.095	2000	0.850	0.052	2000	0.977	0.014	2000	0.999	0.001	2000	1	0	2000	
0.582	0.096	2000	0.582	0.096	2000	0.582	0.096	2000	0.582	0.096	2000	0.598	0.094	2000	0.838	0.054	2000	0.973	0.015	2000	0.999	0.001	2000	1	0	2000	
0.567	0.100	2000	0.567	0.100	2000	0.567	0.100	2000	0.567	0.100	2000	0.584	0.098	2000	0.830	0.056	2000	0.971	0.015	2000	0.999	0.001	2000	1	0	2000	
0.577	0.095	2000	0.577	0.095	2000	0.577	0.095	2000	0.577	0.095	2000	0.593	0.093	2000	0.835	0.054	2000	0.972	0.015	2000	0.999	0.001	2000	1	0	2000	
0.589	0.099	2000	0.589	0.099	2000	0.589	0.099	2000	0.589	0.099	2000	0.605	0.097	2000	0.843	0.054	2000	0.975	0.015	2000	0.999	0.001	2000	1	0	2000	
0.614	0.097	2000	0.614	0.097	2000	0.614	0.097	2000	0.614	0.097	2000	0.630	0.094	2000	0.864	0.050	2000	0.981	0.012	2000	1.000	0.001	2000	1	0	2000	
0.657	0.097	2000	0.657	0.097	2000	0.657	0.097	2000	0.657	0.097	2000	0.673	0.094	2000	0.892	0.045	2000	0.988	0.009	2000	1.000	0.000	2000	1	0	2000	
0.261	0.095	13	0.279	0.098	133	0.262	0.111	796	0.269	0.117	1724	0.422	0.119	1999	0.668	0.085	2000	0.889	0.042	2000	0.987	0.010	2000	1.000	0.001	2000	
0.303	0.130	13	0.282	0.108	137	0.249	0.102	797	0.252	0.111	1683	0.390	0.116	1995	0.629	0.085	2000	0.862	0.046	2000	0.980	0.012	2000	1.000	0.001	2000	
0.340	0.122	15	0.295	0.114	131	0.251	0.104	752	0.242	0.107	1657	0.371	0.113	1996	0.602	0.087	2000	0.842	0.047	2000	0.974	0.014	2000	0.999	0.001	2000	
0.274	0.045	18	0.265	0.104	127	0.242	0.097	784	0.234	0.106	1663	0.360	0.111	1998	0.590	0.085	2000	0.832	0.049	2000	0.971	0.015	2000	0.999	0.001	2000	
0.269	0.085	13	0.278	0.105	122	0.242	0.102	730	0.233	0.105	1670	0.357	0.108	1997	0.587	0.087	2000	0.830	0.051	2000	0.970	0.015	2000	0.999	0.001	2000	
0.277	0.107	14	0.285	0.113	129	0.245	0.103	770	0.239	0.104	1662	0.363	0.113	1997	0.594	0.088	2000	0.835	0.050	2000	0.972	0.014	2000	0.999	0.001	2000	
0.263	0.095	12	0.286	0.115	122	0.248	0.102	761	0.246	0.109	1687	0.380	0.116	1997	0.614	0.089	2000	0.850	0.048	2000	0.977	0.013	2000	0.999	0.001	2000	
0.314	0.065	15	0.290	0.109	135	0.251	0.101	811	0.258	0.115	1752	0.412	0.117	2000	0.653	0.084	2000	0.877	0.044	2000	0.984	0.011	2000	1.000	0.001	2000	
0.249	0.072	12	0.290	0.102	142	0.270	0.114	854	0.287	0.125	1785	0.448	0.120	1997	0.694	0.083	2000	0.905	0.039	2000	0.991	0.007	2000	1.000	0.000	2000	
0.344	0.133	16	0.310	0.121	161	0.293	0.125	989	0.334	0.134	1846	0.529	0.124	2000	0.778	0.078	2000	0.949	0.029	2000	0.997	0.004	2000	1.000	0.000	2000	
0.340	0.106	32	0.342	0.136	210	0.322	0.134	1110	0.381	0.141	1895	0.597	0.124	1999	0.835	0.071	2000	0.973	0.021	2000	0.999	0.002	2000	1	0	2000	
0.353	0.148	20	0.344	0.137	215	0.346	0.138	1171	0.431	0.156	1933	0.662	0.126	2000	0.887	0.061	2000	0.986	0.014	2000	1.000	0.001	2000	1	0	2000	
0.361	0.137	33	0.373	0.144	259	0.395	0.159	1276	0.507	0.167	1956	0.742	0.120	2000	0.934	0.048	2000	0.995	0.008	2000	1.000	0.000	2000	1	0	2000	
0.279	0.117	271	0.279	0.117	271	0.265	0.116	1210	0.332	0.128	1923	0.544	0.108	2000	0.794	0.068	2000	0.956	0.024	2000	0.998	0.003	2000	1.000	0.000	2000	
0.263	0.106	263	0.263	0.106	263	0.256	0.108	1165	0.305	0.122	1911	0.496	0.109	2000	0.744	0.073	2000	0.934	0.029	2000	0.995	0.005	2000	1.000	0.000	2000	
0.251	0.102	276	0.251	0.102	276	0.241	0.104	1112	0.289	0.120	1902	0.475	0.109	2000	0.725	0.073	2000	0.924	0.031	2000	0.994	0.005	2000	1.000	0.000	2000	
0.256	0.099	281	0.256	0.099	281	0.243	0.106	1098	0.285	0.116	1897	0.463	0.107	2000	0.715	0.073	2000	0.918	0.032	2000	0.993	0.006	2000	1.000	0.000	2000	
0.263	0.108	226	0.263	0.108	226	0.245	0.108	1107	0.288	0.120	1898	0.467	0.108	1999	0.716	0.075	2000	0.919	0.033	2000	0.993	0.006	2000	1.000	0.000	2000	
0.269	0.114	246	0.269	0.114	246	0.245	0.108	1073	0.294	0.119	1909	0.481	0.109	2000	0.729	0.072	2000	0.926	0.031	2000	0.994	0.005	2000	1.000	0.000	2000	
0.266	0.105	238	0.266	0.105	238	0.253	0.108	1102	0.304	0.123	1907	0.502	0.109	2000	0.752	0.073	2000	0.938	0.029	2000	0.996	0.004	2000	1.000	0.000	2000	
0.278	0.110	292	0.278	0.110	292	0.267	0.117	1216	0.329	0.127	1927	0.538	0.109	2000	0.787	0.068	2000	0.953	0.024	2000	0.998	0.003	2000	1.000	0.000	2000	
0.280	0.121	318	0.280	0.121	318	0.278	0.121	1296	0.366	0.134	1963	0.584	0.111	2000	0.829	0.064	2000	0.969	0.020	2000	0.999	0.002	2000	1	0	2000	
0.306	0.135	356	0.306	0.135	356	0.303	0.129	1329	0.405	0.142	1964	0.644	0.112	2000	0.875	0.057	2000	0.983	0.014	2000	1.000	0.001	2000	1	0	2000	
0.321	0.134	334	0.321	0.134	334	0.331	0.137	1415	0.463	0.149	1973	0.714	0.107	2000	0.917	0.048	2000	0.992	0.008	2000	1.000	0.000	2000	1	0	2000	
0.363	0.142	422	0.363	0.142	422	0.389	0.156	1524	0.546	0.158	1989	0.791	0.100	2000	0.955	0.035	2000	0.998	0.004	2000	1.000	0.000	2000	1	0	2000	
0.261	0.109	884	0.261	0.109	884	0.256	0.113	1405	0.344	0.126	1972	0.571	0.101	2000	0.816	0.061	2000	0.966	0.019	2000	0.999	0.002	2000	1	0	2000	
0.253	0.108	851	0.253	0.108	851	0.252	0.113	1403	0.339	0.123	1957	0.550	0.102	2000	0.798	0.062	2000	0.958	0.021	2000	0.998	0.002	2000	1	0	2000	
0.254	0.108	852	0.254	0.108	852	0.247	0.107	1372	0.331	0.120	1962	0.546	0.101	2000	0.794	0.064	2000	0.957	0.021	2000	0.998	0.002	2000	1	0	2000	
0.257	0.107	828	0.257	0.107	828	0.255	0.111	1386	0.338	0.121	1968	0.555	0.100	2000	0.803	0.058	2000	0.960	0.020	2000	0.998	0.002	2000	1	0	2000	
0.263	0.111	899	0.263	0.111	899	0.266	0.115	1439	0.355	0.128	1968	0.579	0.101	2000	0.820	0.058	2000	0.966	0.018	2000	0.999	0.002	2000	1.000	0.000	2000	
0.278	0.116	894	0.278	0.116	894	0.276	0.118	1441	0.374	0.129	1977	0.609	0.099	2000	0.845	0.054	2000	0.974	0.016	2000	0.999	0.001	2000	1	0	2000	
0.285	0.123	967	0.285	0.123	967	0.288	0.126	1515	0.406	0.132	1984	0.642	0.103	2000	0.871	0.053	2000	0.983	0.013	2000	1.000	0.001	2000	1	0	2000	
0.305	0.129	1027	0.305	0.129	1027	0.318	0.136	1582	0.454	0.137	1991	0.694	0.098	2000	0.904	0.046	2000	0.990	0.009	2000	1.000	0.000	2000	1	0	2000	
0.332	0.137	1125	0.332	0.137	1125	0.343	0.143	1674	0.502	0.143	1990	0.752	0.096	2000	0.937	0.038	2000	0.996	0.006	2000	1.000	0.000	2000	1	0	2000	
0.371	0.151	1209	0.371	0.151	1209	0.404	0.157	1726	0.584	0.147	1999	0.826	0.084	2000	0.968	0.027	2000	0.999	0.003	2000	1	0	2000	1	0	2000	
0.297	0.127	1312	0.297	0.127	1312	0.307	0.133	1555	0.436	0.137	1984	0.676	0.103	2000	0.895	0.049	2000	0.989	0.010	2000	1.000	0.001	2000	1	0	2000	
0.268	0.114	1212	0.268	0.114	1212	0.270	0.118	1484	0.388	0.128	1974	0.630	0.101	2000	0.862	0.054	2000	0.980	0.014	2000	1.000	0.001	2000	1	0	2000	
0.272	0.121	1244	0.272	0.121	1244	0.275	0.121	1474	0.383	0.130	1982	0.618	0.101	2000	0.854	0.055	2000	0.978	0.014	2000	1.000	0.001	2000	1	0	2000	
0.275	0.120	1298	0.275	0.120	1298	0.278	0.121	1520	0.391	0.131	1980	0.625	0.102	2000	0.859	0.054	2000	0.979	0.014	2000	1.000	0.001	2000	1	0	2000	
0.275	0.117	1253	0.275	0.117	1253	0.284	0.123	1500	0.397	0.132	1986	0.637	0.101	2000	0.869	0.052	2000	0.982	0.013	2000	1.000	0.001	2000	1	0	2000	
0.285	0.124	1294	0.285	0.124	1294	0.297	0.128	1507	0.418	0.133	1977	0.659	0.102	2000	0.882	0.052	2000	0.986	0.011	2000	1.000	0.001	2000	1	0	2000	
0.298	0.127	1361	0.298	0.127	1361	0.311	0.133	1605	0.450	0.137	1982	0.694	0.100	2000	0.904	0.046	2000	0.990	0.009	2000	1.000	0.000	2000	1	0	2000	
0.326	0.134	1384	0.326	0.134	1384	0.333	0.140	1627	0.486	0.143	1992	0.735	0.094	2000	0.929	0.041	2000	0.994	0.007	2000	1.000	0.000	2000	1	0	2000	
0.352	0.149	1459	0.352	0.149	1459	0.364	0.149	1701	0.541	0.143	1997	0.790	0.091	2000	0.954	0.032	2000	0.998	0.004	2000	1.000	0.000	2000	1	0	2000	
0.401	0.160	1569	0.401	0.160	1569	0.424	0.162	1759	0.619	0.148	1999	0.852	0.082	2000	0.976	0.023	2000	0.999	0.002	2000	1	0	2000	1	0	2000	
0.503	0.168	1715	0.503	0.168	1715	0.515	0.166	1775	0.734	0.135	1999	0.927	0.055	2000	0.994	0.009	2000	1.000	0.000	2000	1	0	2000	1	0	2000	
0.426	0.158	1682	0.426	0.158	1682	0.436	0.158	1755	0.651	0.138	1997	0.877	0.070	2000	0.984	0.016	2000	1.000	0.001	2000	1	0	2000	1	0	2000	
0.376	0.148	1666	0.376	0.148	1666	0.386	0.150	1728	0.592	0.141	1999	0.837	0.079	2000	0.973	0.022	2000	0.999	0.002	2000	1	0	2000	1	0	2000	
0.368	0.145	1630	0.368	0.145	1630	0.377	0.147	1699	0.575	0.138	1994	0.820	0.082	2000	0.967	0.025	2000	0.999	0.002	2000	1.000	0.000	2000	1	0	2000	
0.368	0.146	1642	0.368	0.146	1642	0.377	0.146	1701	0.572	0.139	1998	0.820	0.082	2000	0.967	0.026	2000	0.999	0.002	2000	1.000	0.000	2000	1	0	2000	
0.363	0.144	1646	0.363	0.144	1646	0.372	0.145	1710	0.573	0.142	1994	0.829	0.081	2000	0.970	0.024	2000	0.999	0.002	2000	1.000	0.000	2000	1	0	2000	
0.392	0.152	1667	0.392	0.152	1667	0.400	0.154	1731	0.605	0.142	2000	0.844	0.078	2000	0.975	0.021	2000	0.999	0.002	2000	1	0	2000	1	0	2000	
0.402	0.156	1665	0.402	0.156	1665	0.409	0.155	1741	0.625	0.144	1999	0.861	0.076	2000	0.980	0.018	2000	1.000	0.001	2000	1	0	2000	1	0	2000	
0.441	0.161	1679	0.441	0.161	1679	0.453	0.160	1740	0.669	0.143	1998	0.889	0.069	2000	0.987	0.014	2000	1.000	0.001	2000	1	0	2000	1	0	2000	
0.487	0.169	1713	0.487	0.169	1713	0.502	0.168	1779	0.723	0.136	1999	0.923	0.059	2000	0.993	0.009	2000	1.000	0.000	2000	1	0	2000	1	0	2000	
0.554	0.178	1720	0.554	0.178	1720	0.567	0.176	1771	0.789	0.126	1999	0.954	0.042	2000	0.998	0.005	2000	1	0	2000	1	0	2000	1	0	2000	
0.996	0.008	2000	0.996	0.008	2000	0.996	0.008	2000	0.996	0.008	2000	0.996	0.008	2000	0.996	0.008	2000	1.000	0.000	2000	1	0	2000	1	0	2000	
0.985	0.017	2000	0.985	0.017	2000	0.985	0.017	2000	0.985	0.017	2000	0.985	0.017	2000	0.985	0.017	2000	1.000	0.002	2000	1	0	2000	1	0	2000	
0.969	0.027	2000	0.969	0.027	2000	0.969	0.027	2000	0.969	0.027	2000	0.969	0.027	2000	0.969	0.027	2000	0.998	0.004	2000	1	0	2000	1	0	2000	
0.956	0.033	2000	0.956	0.033	2000	0.956	0.033	2000	0.956	0.033	2000	0.956	0.033	2000	0.956	0.033	2000	0.996	0.005	2000	1.000	0.000	2000	1	0	2000	
0.946	0.036	2000	0.946	0.036	2000	0.946	0.036	2000	0.946	0.036	2000	0.946	0.036	2000	0.946	0.036	2000	0.995	0.007	2000	1.000	0.000	2000	1	0	2000	
0.945	0.036	2000	0.945	0.036	2000	0.945	0.036	2000	0.945	0.036	2000	0.945	0.036	2000	0.945	0.036	2000	0.994	0.007	2000	1.000	0.000	2000	1	0	2000	
0.946	0.037	2000	0.946	0.037	2000	0.946	0.037	2000	0.946	0.037	2000	0.946	0.037	2000	0.946	0.037	2000	0.995	0.007	2000	1.000	0.000	2000	1	0	2000	
0.953	0.034	2000	0.953	0.034	2000	0.953	0.034	2000	0.953	0.034	2000	0.953	0.034	2000	0.953	0.034	2000	0.996	0.006	2000	1.000	0.000	2000	1	0	2000	
0.961	0.031	2000	0.961	0.031	2000	0.961	0.031	2000	0.961	0.031	2000	0.961	0.031	2000	0.961	0.031	2000	0.997	0.005	2000	1.000	0.000	2000	1	0	2000	
0.973	0.024	2000	0.973	0.024	2000	0.973	0.024	2000	0.973	0.024	2000	0.973	0.024	2000	0.973	0.024	2000	0.999	0.003	2000	1	0	2000	1	0	2000	
0.984	0.018	2000	0.984	0.018	2000	0.984	0.018	2000	0.984	0.018	2000	0.984	0.018	2000	0.984	0.018	2000	0.999	0.002	2000	1	0	2000	1	0	2000	
0.992	0.013	2000	0.992	0.013	2000	0.992	0.013	2000	0.992	0.013	2000	0.992	0.013	2000	0.992	0.013	2000	1.000	0.001	2000	1	0	2000	1	0	2000	
0.998	0.005	2000	0.998	0.005	2000	0.998	0.005	2000	0.998	0.005	2000	0.998	0.005	2000	0.998	0.005	2000	1.000	0.000	2000	1	0	2000	1	0	2000	
0.552	0.196	1422	0.552	0.196	1422	0.557	0.198	1489	0.738	0.166	1995	0.933	0.066	2000	0.995	0.011	2000	1.000	0.000	2000	1	0	2000	1	0	2000	
0.478	0.173	1364	0.478	0.173	1364	0.483	0.176	1446	0.662	0.168	1988	0.884	0.088	2000	0.985	0.020	2000	1.000	0.001	2000	1	0	2000	1	0	2000	
0.433	0.168	1381	0.433	0.168	1381	0.438	0.172	1437	0.607	0.168	1979	0.842	0.101	2000	0.973	0.028	2000	0.999	0.002	2000	1	0	2000	1	0	2000	
0.399	0.158	1329	0.399	0.158	1329	0.402	0.160	1398	0.556	0.171	1984	0.808	0.105	2000	0.962	0.034	2000	0.999	0.003	2000	1	0	2000	1	0	2000	
0.392	0.157	1374	0.392	0.157	1374	0.397	0.159	1436	0.543	0.164	1985	0.792	0.107	2000	0.954	0.040	2000	0.998	0.005	2000	1.000	0.000	2000	1	0	2000	
0.379	0.157	1308	0.379	0.157	1308	0.386	0.158	1389	0.532	0.168	1976	0.781	0.111	2000	0.952	0.040	2000	0.998	0.005	2000	1	0	2000	1	0	2000	
0.391	0.156	1299	0.391	0.156	1299	0.395	0.158	1363	0.544	0.166	1972	0.785	0.112	2000	0.953	0.040	2000	0.998	0.005	2000	1.000	0.000	2000	1	0	2000	
0.395	0.166	1311	0.395	0.166	1311	0.400	0.166	1387	0.549	0.168	1983	0.796	0.109	2000	0.958	0.036	2000	0.998	0.004	2000	1	0	2000	1	0	2000	
0.408	0.164	1330	0.408	0.164	1330	0.414	0.166	1413	0.577	0.171	1986	0.821	0.100	2000	0.967	0.031	2000	0.999	0.003	2000	1.000	0.000	2000	1	0	2000	
0.435	0.168	1338	0.435	0.168	1338	0.438	0.169	1421	0.606	0.170	1984	0.845	0.099	2000	0.975	0.027	2000	0.999	0.002	2000	1	0	2000	1	0	2000	
0.473	0.180	1431	0.473	0.180	1431	0.484	0.180	1490	0.660	0.168	1984	0.883	0.089	2000	0.986	0.019	2000	1.000	0.001	2000	1	0	2000	1	0	2000	
0.524	0.192	1446	0.524	0.192	1446	0.532	0.190	1510	0.716	0.171	1996	0.918	0.074	2000	0.993	0.013	2000	1.000	0.001	2000	1	0	2000	1	0	2000	
0.595	0.203	1432	0.595	0.203	1432	0.603	0.203	1497	0.788	0.156	1994	0.955	0.055	2000	0.998	0.007	2000	1.000	0.000	2000	1	0	2000	1	0	2000	
0.817	0.144	1997	0.817	0.144	1997	0.817	0.144	1997	0.817	0.144	1997	0.952	0.058	2000	0.997	0.009	2000	1.000	0.000	2000	1	0	2000	1	0	2000	
0.715	0.169	1988	0.715	0.169	1988	0.715	0.169	1988	0.715	0.169	1988	0.897	0.085	2000	0.988	0.019	2000	1.000	0.001	2000	1	0	2000	1	0	2000	
0.647	0.169	1988	0.647	0.169	1988	0.647	0.169	1988	0.647	0.169	1988	0.846	0.099	2000	0.973	0.031	2000	0.999	0.003	2000	1	0	2000	1	0	2000	
0.592	0.169	1980	0.592	0.169	1980	0.592	0.169	1980	0.592	0.169	1980	0.801	0.113	2000	0.958	0.039	2000	0.998	0.005	2000	1.000	0.000	2000	1	0	2000	
0.559	0.169	1977	0.559	0.169	1977	0.559	0.169	1977	0.559	0.169	1977	0.770	0.120	2000	0.946	0.043	2000	0.997	0.007	2000	1.000	0.000	2000	1	0	2000	
0.536	0.164	1971	0.536	0.164	1971	0.536	0.164	1971	0.536	0.164	1971	0.744	0.121	2000	0.933	0.051	2000	0.995	0.008	2000	1.000	0.000	2000	1	0	2000	
0.526	0.164	1971	0.526	0.164	1971	0.526	0.164	1971	0.526	0.164	1971	0.740	0.121	2000	0.930	0.051	2000	0.995	0.009	2000	1.000	0.000	2000	1	0	2000	
0.528	0.165	1962	0.528	0.165	1962	0.528	0.165	1962	0.528	0.165	1962	0.741	0.117	2000	0.932	0.049	2000	0.995	0.008	2000	1.000	0.000	2000	1	0	2000	
0.534	0.166	1976	0.534	0.166	1976	0.534	0.166	1976	0.534	0.166	1976	0.752	0.120	2000	0.937	0.047	2000	0.996	0.008	2000	1.000	0.000	2000	1	0	2000	
0.558	0.165	1975	0.558	0.165	1975	0.558	0.165	1975	0.558	0.165	1975	0.777	0.112	2000	0.946	0.045	2000	0.996	0.007	2000	1.000	0.000	2000	1	0	2000	
0.593	0.174	1972	0.593	0.174	1972	0.593	0.174	1972	0.593	0.174	1972	0.801	0.112	2000	0.959	0.039	2000	0.998	0.005	2000	1.000	0.000	2000	1	0	2000	
0.640	0.170	1988	0.640	0.170	1988	0.640	0.170	1988	0.640	0.170	1988	0.842	0.101	2000	0.971	0.033	2000	0.999	0.003	2000	1	0	2000	1	0	2000	
0.695	0.164	1989	0.695	0.164	1989	0.695	0.164	1989	0.695	0.164	1989	0.882	0.091	2000	0.983	0.024	2000	1.000	0.002	2000	1	0	2000	1	0	2000	
0.772	0.154	1991	0.772	0.154	1991	0.772	0.154	1991	0.772	0.154	1991	0.927	0.075	2000	0.993	0.015	2000	1.000	0.001	2000	1	0	2000	1	0	2000	
0.800	0.176	992	0.800	0.176	992	0.810	0.178	1146	0.906	0.122	1964	0.987	0.034	1998	1.000	0.003	1998	1	0	1998	1	0	1998	1	0	1998	
0.687	0.200	1001	0.687	0.200	1001	0.700	0.197	1178	0.835	0.149	1977	0.966	0.050	2000	0.998	0.007	2000	1.000	0.000	2000	1	0	2000	1	0	2000	
0.604	0.201	989	0.604	0.201	989	0.613	0.201	1192	0.757	0.163	1972	0.930	0.075	2000	0.994	0.014	2000	1.000	0.001	2000	1	0	2000	1	0	2000	
0.534	0.189	964	0.534	0.189	964	0.541	0.191	1158	0.690	0.173	1964	0.893	0.089	2000	0.986	0.023	2000	1.000	0.002	2000	1	0	2000	1	0	2000	
0.500	0.186	906	0.500	0.186	906	0.511	0.184	1097	0.640	0.179	1952	0.857	0.104	2000	0.977	0.029	2000	0.999	0.003	2000	1	0	2000	1	0	2000	
0.481	0.184	909	0.481	0.184	909	0.483	0.183	1100	0.610	0.177	1947	0.834	0.108	2000	0.970	0.033	2000	0.999	0.004	2000	1.000	0.000	2000	1	0	2000	
0.457	0.174	887	0.457	0.174	887	0.465	0.180	1060	0.581	0.180	1947	0.815	0.112	2000	0.961	0.038	2000	0.998	0.005	2000	1	0	2000	1	0	2000	
0.463	0.178	878	0.463	0.178	878	0.457	0.176	1067	0.580	0.180	1930	0.811	0.109	2000	0.960	0.040	2000	0.998	0.005	2000	1.000	0.000	2000	1	0	2000	
0.452	0.174	883	0.452	0.174	883	0.459	0.177	1086	0.574	0.179	1936	0.807	0.114	2000	0.960	0.039	2000	0.998	0.005	2000	1.000	0.000	2000	1	0	2000	
0.461	0.172	916	0.461	0.172	916	0.468	0.177	1097	0.590	0.176	1946	0.816	0.114	2000	0.962	0.038	2000	0.998	0.005	2000	1	0	2000	1	0	2000	
0.483	0.177	874	0.483	0.177	874	0.487	0.183	1085	0.606	0.181	1952	0.831	0.112	2000	0.969	0.035	2000	0.999	0.004	2000	1	0	2000	1	0	2000	
0.506	0.185	918	0.506	0.185	918	0.513	0.187	1084	0.638	0.179	1946	0.859	0.104	2000	0.977	0.028	2000	0.999	0.003	2000	1.000	0.000	2000	1	0	2000	
0.538	0.189	945	0.538	0.189	945	0.547	0.187	1121	0.682	0.172	1961	0.887	0.092	2000	0.985	0.024	2000	1.000	0.002	2000	1	0	2000	1	0	2000	
0.592	0.199	965	0.592	0.199	965	0.596	0.200	1164	0.738	0.172	1960	0.919	0.077	2000	0.992	0.015	2000	1.000	0.001	2000	1	0	2000	1	0	2000	
0.654	0.196	975	0.654	0.196	975	0.665	0.194	1173	0.804	0.161	1965	0.952	0.063	2000	0.997	0.009	2000	1.000	0.000	2000	1	0	2000	1	0	2000	
0.758	0.188	1036	0.758	0.188	1036	0.768	0.186	1209	0.884	0.128	1973	0.981	0.039	1999	0.999	0.004	1999	1	0	1999	1	0	1999	1	0	1999	
0.977	0.066	380	0.977	0.066	380	0.983	0.054	893	0.995	0.029	1734	1.000	0.004	1784	1	0	1784	1	0	1784	1	0	1784	1	0	1784	
0.926	0.116	416	0.926	0.116	416	0.934	0.108	950	0.974	0.068	1918	0.998	0.012	1971	1.000	0.000	1971	1	0	1971	1	0	1971	1	0	1971	
0.855	0.162	423	0.855	0.162	423	0.869	0.155	1003	0.937	0.103	1937	0.993	0.024	1997	1.000	0.001	1997	1	0	1997	1	0	1997	1	0	1997	
0.770	0.189	373	0.770	0.189	373	0.795	0.184	940	0.886	0.137	1941	0.982	0.039	1999	1.000	0.004	1999	1	0	1999	1	0	1999	1	0	1999	
0.683	0.196	422	0.683	0.196	422	0.710	0.203	977	0.833	0.160	1953	0.964	0.057	2000	0.999	0.006	2000	1.000	0.000	2000	1	0	2000	1	0	2000	
0.631	0.207	403	0.631	0.207	403	0.663	0.201	971	0.786	0.168	1941	0.943	0.071	2000	0.995	0.012	2000	1.000	0.000	2000	1	0	2000	1	0	2000	
0.605	0.198	361	0.605	0.198	361	0.627	0.204	893	0.740	0.181	1935	0.922	0.087	2000	0.992	0.017	2000	1.000	0.001	2000	1	0	2000	1	0	2000	
0.576	0.195	359	0.576	0.195	359	0.597	0.189	905	0.716	0.177	1921	0.905	0.091	2000	0.990	0.021	2000	1.000	0.001	2000	1	0	2000	1	0	2000	
0.546	0.200	359	0.546	0.200	359	0.576	0.191	943	0.698	0.183	1939	0.896	0.093	2000	0.987	0.023	2000	1.000	0.001	2000	1	0	2000	1	0	2000	
0.544	0.184	369	0.544	0.184	369	0.565	0.186	909	0.684	0.184	1915	0.887	0.100	2000	0.986	0.022	2000	1.000	0.002	2000	1	0	2000	1	0	2000	
0.532	0.199	365	0.532	0.199	365	0.560	0.193	928	0.688	0.181	1922	0.889	0.099	2000	0.985	0.024	2000	1.000	0.002	2000	1	0	2000	1	0	2000	
0.539	0.191	357	0.539	0.191	357	0.560	0.191	898	0.692	0.183	1914	0.892	0.097	1999	0.986	0.023	2000	1.000	0.001	2000	1	0	2000	1	0	2000	
0.569	0.190	351	0.569	0.190	351	0.589	0.190	902	0.714	0.182	1909	0.903	0.097	2000	0.990	0.020	2000	1.000	0.002	2000	1	0	2000	1	0	2000	
0.574	0.201	388	0.574	0.201	388	0.602	0.204	920	0.731	0.179	1924	0.919	0.085	2000	0.992	0.017	2000	1.000	0.001	2000	1	0	2000	1	0	2000	
0.619	0.199	408	0.619	0.199	408	0.655	0.198	901	0.774	0.175	1934	0.938	0.075	2000	0.996	0.012	2000	1.000	0.001	2000	1	0	2000	1	0	2000	
0.675	0.200	372	0.675	0.200	372	0.698	0.192	942	0.820	0.159	1924	0.960	0.061	1999	0.998	0.008	1999	1.000	0.000	1999	1	0	1999	1	0	1999	
0.747	0.192	415	0.747	0.192	415	0.758	0.194	983	0.865	0.150	1938	0.976	0.046	1999	0.999	0.006	1999	1.000	0.000	1999	1	0	1999	1	0	1999	
0.834	0.171	392	0.834	0.171	392	0.844	0.165	933	0.920	0.118	1946	0.990	0.030	1998	1.000	0.002	1998	1	0	1998	1	0	1998	1	0	1998	
0.954	0.115	129	0.954	0.115	129	0.981	0.057	897	0.995	0.032	1766	1.000	0.004	1827	1	0	1827	1	0	1827	1	0	1827	1	0	1827	
0.940	0.101	132	0.940	0.101	132	0.949	0.104	952	0.982	0.055	1880	0.999	0.013	1941	1	0	1941	1	0	1941	1	0	1941	1	0	1941	
0.910	0.137	157	0.910	0.137	157	0.908	0.136	1000	0.964	0.075	1936	0.997	0.014	1982	1.000	0.001	1982	1	0	1982	1	0	1982	1	0	1982	
0.832	0.168	151	0.832	0.168	151	0.860	0.160	941	0.931	0.108	1933	0.992	0.028	1995	1.000	0.003	1995	1	0	1995	1	0	1995	1	0	1995	
0.756	0.207	147	0.756	0.207	147	0.811	0.175	952	0.896	0.132	1948	0.984	0.037	2000	1.000	0.003	2000	1	0	2000	1	0	2000	1	0	2000	
0.740	0.173	140	0.740	0.173	140	0.757	0.191	964	0.863	0.145	1939	0.975	0.045	2000	0.999	0.005	2000	1	0	2000	1	0	2000	1	0	2000	
0.701	0.197	136	0.701	0.197	136	0.727	0.194	944	0.837	0.153	1912	0.962	0.062	2000	0.998	0.008	2000	1.000	0.000	2000	1	0	2000	1	0	2000	
0.644	0.193	133	0.644	0.193	133	0.691	0.192	928	0.808	0.166	1930	0.954	0.064	2000	0.997	0.011	2000	1.000	0.000	2000	1	0	2000	1	0	2000	
0.636	0.205	144	0.636	0.205	144	0.670	0.197	920	0.789	0.167	1924	0.945	0.070	2000	0.996	0.011	2000	1.000	0.000	2000	1	0	2000	1	0	2000	
0.653	0.204	128	0.653	0.204	128	0.668	0.199	896	0.782	0.169	1920	0.941	0.075	2000	0.996	0.012	2000	1.000	0.001	2000	1	0	2000	1	0	2000	
0.639	0.204	153	0.639	0.204	153	0.666	0.204	979	0.784	0.169	1927	0.942	0.073	2000	0.996	0.012	2000	1.000	0.001	2000	1	0	2000	1	0	2000	
0.613	0.206	141	0.613	0.206	141	0.658	0.203	924	0.784	0.173	1937	0.945	0.069	2000	0.996	0.011	2000	1.000	0.001	2000	1	0	2000	1	0	2000	
0.658	0.191	153	0.658	0.191	153	0.692	0.201	937	0.807	0.169	1918	0.949	0.072	2000	0.996	0.011	2000	1.000	0.000	2000	1	0	2000	1	0	2000	
0.668	0.216	143	0.668	0.216	143	0.707	0.197	974	0.832	0.152	1932	0.962	0.057	1999	0.998	0.008	1999	1.000	0.000	1999	1	0	1999	1	0	1999	
0.718	0.205	144	0.718	0.205	144	0.756	0.183	978	0.859	0.146	1939	0.973	0.048	1999	0.999	0.005	1999	1.000	0.000	1999	1	0	1999	1	0	1999	
0.788	0.182	127	0.788	0.182	127	0.791	0.184	970	0.888	0.138	1922	0.980	0.044	1997	0.999	0.004	1997	1	0	1997	1	0	1997	1	0	1997	
0.802	0.185	147	0.802	0.185	147	0.846	0.166	975	0.925	0.111	1941	0.991	0.028	2000	1.000	0.002	2000	1	0	2000	1	0	2000	1	0	2000	
0.885	0.157	118	0.885	0.157	118	0.903	0.137	952	0.961	0.078	1934	0.996	0.018	1985	1.000	0.001	1985	1	0	1985	1	0	1985	1	0	1985	
1	0	1737	1	0	1737	1	0	1737	1	0	1737	1	0	1737	1	0	1737	1	0	1737	1	0	1737	1	0	1737	
1	0	1892	1	0	1892	1	0	1892	1	0	1892	1	0	1892	1	0	1892	1	0	1892	1	0	1892	1	0	1892	
1	0	1951	1	0	1951	1	0	1951	1	0	1951	1	0	1951	1	0	1951	1	0	1951	1	0	1951	1	0	1951	
1	0	1987	1	0	1987	1	0	1987	1	0	1987	1	0	1987	1	0	1987	1	0	1987	1	0	1987	1	0	1987	
1	0	1993	1	0	1993	1	0	1993	1	0	1993	1	0	1993	1	0	1993	1	0	1993	1	0	1993	1	0	1993	
1.000	0.002	2000	1.000	0.002	2000	1.000	0.002	2000	1.000	0.002	2000	1.000	0.002	2000	1	0	2000	1	0	2000	1	0	2000	1	0	2000	
1.000	0.002	1999	1.000	0.002	1999	1.000	0.002	1999	1.000	0.002	1999	1.000	0.002	1999	1	0	1999	1	0	1999	1	0	1999	1	0	1999	
1.000	0.002	1999	1.000	0.002	1999	1.000	0.002	1999	1.000	0.002	1999	1.000	0.002	1999	1.000	0.000	1999	1	0	1999	1	0	1999	1	0	1999	
1.000	0.002	1998	1.000	0.002	1998	1.000	0.002	1998	1.000	0.002	1998	1.000	0.002	1998	1	0	1998	1	0	1998	1	0	1998	1	0	1998	
1.000	0.006	2000	1.000	0.006	2000	1.000	0.006	2000	1.000	0.006	2000	1.000	0.006	2000	1	0	2000	1	0	2000	1	0	2000	1	0	2000	
1.000	0.003	1999	1.000	0.003	1999	1.000	0.003	1999	1.000	0.003	1999	1.000	0.003	1999	1	0	1999	1	0	1999	1	0	1999	1	0	1999	
1.000	0.004	2000	1.000	0.004	2000	1.000	0.004	2000	1.000	0.004	2000	1.000	0.004	2000	1	0	2000	1	0	2000	1	0	2000	1	0	2000	
1.000	0.002	1999	1.000	0.002	1999	1.000	0.002	1999	1.000	0.002	1999	1.000	0.002	1999	1	0	1999	1	0	1999	1	0	1999	1	0	1999	
1.000	0.002	2000	1.000	0.002	2000	1.000	0.002	2000	1.000	0.002	2000	1.000	0.002	2000	1	0	2000	1	0	2000	1	0	2000	1	0	2000	
1.000	0.002	1995	1.000	0.002	1995	1.000	0.002	1995	1.000	0.002	1995	1.000	0.002	1995	1	0	1995	1	0	1995	1	0	1995	1	0	1995	
1.000	0.000	1995	1.000	0.000	1995	1.000	0.000	1995	1.000	0.000	1995	1.000	0.000	1995	1	0	1995	1	0	1995	1	0	1995	1	0	1995	
1.000	0.001	1982	1.000	0.001	1982	1.000	0.001	1982	1.000	0.001	1982	1.000	0.001	1982	1	0	1982	1	0	1982	1	0	1982	1	0	1982	
1	0	1950	1	0	1950	1	0	1950	1	0	1950	1	0	1950	1	0	1950	1	0	1950	1	0	1950	1	0	1950	
0.999	0.011	1247	0.999	0.011	1247	0.999	0.011	1247	1.000	0.008	1576	1	0	1624	1	0	1624	1	0	1624	1	0	1624	1	0	1624	
0.999	0.007	1341	0.999	0.007	1341	0.999	0.007	1341	1.000	0.005	1740	1	0	1798	1	0	1798	1	0	1798	1	0	1798	1	0	1798	
0.998	0.022	1407	0.998	0.022	1407	0.998	0.022	1407	0.999	0.006	1829	1	0	1884	1	0	1884	1	0	1884	1	0	1884	1	0	1884	
0.995	0.026	1417	0.995	0.026	1417	0.995	0.026	1417	0.998	0.013	1880	1.000	0.000	1931	1	0	1931	1	0	1931	1	0	1931	1	0	1931	
0.992	0.035	1467	0.992	0.035	1467	0.992	0.035	1467	0.998	0.013	1891	1.000	0.001	1962	1	0	1962	1	0	1962	1	0	1962	1	0	1962	
0.990	0.039	1461	0.990	0.039	1461	0.990	0.039	1461	0.997	0.021	1934	1.000	0.001	1978	1	0	1978	1	0	1978	1	0	1978	1	0	1978	
0.984	0.053	1471	0.984	0.053	1471	0.984	0.053	1471	0.996	0.024	1929	1.000	0.003	1993	1	0	1993	1	0	1993	1	0	1993	1	0	1993	
0.984	0.056	1501	0.984	0.056	1501	0.984	0.056	1501	0.994	0.031	1931	1.000	0.001	1994	1	0	1994	1	0	1994	1	0	1994	1	0	1994	
0.980	0.066	1481	0.980	0.066	1481	0.980	0.066	1481	0.992	0.038	1929	1.000	0.004	1996	1	0	1996	1	0	1996	1	0	1996	1	0	1996	
0.981	0.061	1479	0.981	0.061	1479	0.981	0.061	1479	0.993	0.034	1922	1.000	0.003	1994	1	0	1994	1	0	1994	1	0	1994	1	0	1994	
0.980	0.064	1517	0.980	0.064	1517	0.980	0.064	1517	0.993	0.032	1943	1.000	0.006	1995	1	0	1995	1	0	1995	1	0	1995	1	0	1995	
0.979	0.063	1463	0.979	0.063	1463	0.979	0.063	1463	0.993	0.036	1926	1.000	0.002	1991	1	0	1991	1	0	1991	1	0	1991	1	0	1991	
0.983	0.052	1450	0.983	0.052	1450	0.983	0.052	1450	0.993	0.032	1918	1.000	0.002	1990	1	0	1990	1	0	1990	1	0	1990	1	0	1990	
0.985	0.057	1496	0.985	0.057	1496	0.985	0.057	1496	0.995	0.028	1938	1.000	0.001	1985	1	0	1985	1	0	1985	1	0	1985	1	0	1985	
0.989	0.048	1483	0.989	0.048	1483	0.989	0.048	1483	0.995	0.034	1918	1.000	0.001	1985	1	0	1985	1	0	1985	1	0	1985	1	0	1985	
0.991	0.041	1456	0.991	0.041	1456	0.991	0.041	1456	0.996	0.023	1901	1.000	0.001	1962	1	0	1962	1	0	1962	1	0	1962	1	0	1962	
0.994	0.032	1424	0.994	0.032	1424	0.994	0.032	1424	0.998	0.016	1874	1.000	0.001	1933	1	0	1933	1	0	1933	1	0	1933	1	0	1933	
0.997	0.019	1388	0.997	0.019	1388	0.997	0.019	1388	0.999	0.010	1827	1	0	1873	1	0	1873	1	0	1873	1	0	1873	1	0	1873	
1	0	1380	1	0	1380	1	0	1380	1	0	1380	1	0	1380	1	0	1380	1	0	1380	1	0	1380	1	0	1380	
1	0	1590	1	0	1590	1	0	1590	1	0	1590	1	0	1590	1	0	1590	1	0	1590	1	0	1590	1	0	1590	
1	0	1731	1	0	1731	1	0	1731	1	0	1731	1	0	1731	1	0	1731	1	0	1731	1	0	1731	1	0	1731	
1	0	1819	1	0	1819	1	0	1819	1	0	1819	1	0	1819	1	0	1819	1	0	1819	1	0	1819	1	0	1819	
1	0	1884	1	0	1884	1	0	1884	1	0	1884	1	0	1884	1	0	1884	1	0	1884	1	0	1884	1	0	1884	
1	0	1924	1	0	1924	1	0	1924	1	0	1924	1	0	1924	1	0	1924	1	0	1924	1	0	1924	1	0	1924	
1	0	1937	1	0	1937	1	0	1937	1	0	1937	1	0	1937	1	0	1937	1	0	1937	1	0	1937	1	0	1937	
1	0	1954	1	0	1954	1	0	1954	1	0	1954	1	0	1954	1	0	1954	1	0	1954	1	0	1954	1	0	1954	
1	0	1968	1	0	1968	1	0	1968	1	0	1968	1	0	1968	1	0	1968	1	0	1968	1	0	1968	1	0	1968	
1	0	1960	1	0	1960	1	0	1960	1	0	1960	1	0	1960	1	0	1960	1	0	1960	1	0	1960	1	0	1960	
1	0	1970	1	0	1970	1	0	1970	1	0	1970	1	0	1970	1	0	1970	1	0	1970	1	0	1970	1	0	1970	
1.000	0.000	1953	1.000	0.000	1953	1.000	0.000	1953	1.000	0.000	1953	1.000	0.000	1953	1	0	1953	1	0	1953	1	0	1953	1	0	1953	
1	0	1947	1	0	1947	1	0	1947	1	0	1947	1	0	1947	1	0	1947	1	0	1947	1	0	1947	1	0	1947	
1	0	1934	1	0	1934	1	0	1934	1	0	1934	1	0	1934	1	0	1934	1	0	1934	1	0	1934	1	0	1934	
1	0	1916	1	0	1916	1	0	1916	1	0	1916	1	0	1916	1	0	1916	1	0	1916	1	0	1916	1	0	1916	
1	0	1893	1	0	1893	1	0	1893	1	0	1893	1	0	1893	1	0	1893	1	0	1893	1	0	1893	1	0	1893	
1	0	1817	1	0	1817	1	0	1817	1	0	1817	1	0	1817	1	0	1817	1	0	1817	1	0	1817	1	0	1817	
1	0	1738	1	0	1738	1	0	1738	1	0	1738	1	0	1738	1	0	1738	1	0	1738	1	0	1738	1	0	1738	
