7.973	2.811	1999	7.973	2.811	1999	7.973	2.811	1999	7.973	2.811	1999	7.973	2.811	1999	7.973	2.811	1999	7.973	2.811	1999	7.973	2.811	1999	7.973	2.811	1999	
11.258	3.324	2000	11.258	3.324	2000	11.258	3.324	2000	11.258	3.324	2000	11.258	3.324	2000	11.258	3.324	2000	11.258	3.324	2000	11.258	3.324	2000	11.258	3.324	2000	
14.203	3.527	2000	14.203	3.527	2000	14.203	3.527	2000	14.203	3.527	2000	14.203	3.527	2000	14.203	3.527	2000	14.203	3.527	2000	14.203	3.527	2000	14.203	3.527	2000	
15.538	3.824	2000	15.538	3.824	2000	15.538	3.824	2000	15.538	3.824	2000	15.538	3.824	2000	15.538	3.824	2000	15.538	3.824	2000	15.538	3.824	2000	15.538	3.824	2000	
17.228	4.059	2000	17.228	4.059	2000	17.228	4.059	2000	17.228	4.059	2000	17.228	4.059	2000	17.228	4.059	2000	17.228	4.059	2000	17.228	4.059	2000	17.228	4.059	2000	
17.556	4.138	2000	17.556	4.138	2000	17.556	4.138	2000	17.556	4.138	2000	17.556	4.138	2000	17.556	4.138	2000	17.556	4.138	2000	17.556	4.138	2000	17.556	4.138	2000	
17.269	4.071	2000	17.269	4.071	2000	17.269	4.071	2000	17.269	4.071	2000	17.269	4.071	2000	17.269	4.071	2000	17.269	4.071	2000	17.269	4.071	2000	17.269	4.071	2000	
16.595	3.988	2000	16.595	3.988	2000	16.595	3.988	2000	16.595	3.988	2000	16.595	3.988	2000	16.595	3.988	2000	16.595	3.988	2000	16.595	3.988	2000	16.595	3.988	2000	
15.844	4.001	2000	15.844	4.001	2000	15.844	4.001	2000	15.844	4.001	2000	15.844	4.001	2000	15.844	4.001	2000	15.844	4.001	2000	15.844	4.001	2000	15.844	4.001	2000	
14.751	3.713	2000	14.751	3.713	2000	14.751	3.713	2000	14.751	3.713	2000	14.751	3.713	2000	14.751	3.713	2000	14.751	3.713	2000	14.751	3.713	2000	14.751	3.713	2000	
13.397	3.618	2000	13.397	3.618	2000	13.397	3.618	2000	13.397	3.618	2000	13.397	3.618	2000	13.397	3.618	2000	13.397	3.618	2000	13.397	3.618	2000	13.397	3.618	2000	
11.652	3.450	2000	11.652	3.450	2000	11.652	3.450	2000	11.652	3.450	2000	11.652	3.450	2000	11.652	3.450	2000	11.652	3.450	2000	11.652	3.450	2000	11.652	3.450	2000	
9.590	3.142	2000	9.590	3.142	2000	9.590	3.142	2000	9.590	3.142	2000	9.590	3.142	2000	9.590	3.142	2000	9.590	3.142	2000	9.590	3.142	2000	9.590	3.142	2000	
7.355	2.704	1997	7.355	2.704	1997	7.355	2.704	1997	7.355	2.704	1997	7.355	2.704	1997	7.355	2.704	1997	7.355	2.704	1997	7.355	2.704	1997	7.355	2.704	1997	
1.762	0.962	1409	1.762	0.962	1409	1.762	0.962	1409	1.762	0.962	1409	1.762	0.962	1409	1.762	0.962	1409	1.762	0.962	1409	1.762	0.962	1409	1.762	0.962	1409	
15.424	3.959	2000	15.424	3.959	2000	15.424	3.959	2000	15.424	3.959	2000	15.424	3.959	2000	15.424	3.959	2000	15.424	3.959	2000	15.424	3.959	2000	15.424	3.959	2000	
19.651	4.337	2000	19.651	4.337	2000	19.651	4.337	2000	19.651	4.337	2000	19.651	4.337	2000	19.651	4.337	2000	19.651	4.337	2000	19.651	4.337	2000	19.651	4.337	2000	
22.518	4.680	2000	22.518	4.680	2000	22.518	4.680	2000	22.518	4.680	2000	22.518	4.680	2000	22.518	4.680	2000	22.518	4.680	2000	22.518	4.680	2000	22.518	4.680	2000	
23.620	4.595	2000	23.620	4.595	2000	23.620	4.595	2000	23.620	4.595	2000	23.620	4.595	2000	23.620	4.595	2000	23.620	4.595	2000	23.620	4.595	2000	23.620	4.595	2000	
23.802	4.862	2000	23.802	4.862	2000	23.802	4.862	2000	23.802	4.862	2000	23.802	4.862	2000	23.802	4.862	2000	23.802	4.862	2000	23.802	4.862	2000	23.802	4.862	2000	
23.750	4.891	2000	23.750	4.891	2000	23.750	4.891	2000	23.750	4.891	2000	23.750	4.891	2000	23.750	4.891	2000	23.750	4.891	2000	23.750	4.891	2000	23.750	4.891	2000	
23.339	4.735	2000	23.339	4.735	2000	23.339	4.735	2000	23.339	4.735	2000	23.339	4.735	2000	23.339	4.735	2000	23.339	4.735	2000	23.339	4.735	2000	23.339	4.735	2000	
22.497	4.621	2000	22.497	4.621	2000	22.497	4.621	2000	22.497	4.621	2000	22.497	4.621	2000	22.497	4.621	2000	22.497	4.621	2000	22.497	4.621	2000	22.497	4.621	2000	
21.289	4.501	2000	21.289	4.501	2000	21.289	4.501	2000	21.289	4.501	2000	21.289	4.501	2000	21.289	4.501	2000	21.289	4.501	2000	21.289	4.501	2000	21.289	4.501	2000	
19.825	4.447	2000	19.825	4.447	2000	19.825	4.447	2000	19.825	4.447	2000	19.825	4.447	2000	19.825	4.447	2000	19.825	4.447	2000	19.825	4.447	2000	19.825	4.447	2000	
17.804	4.218	2000	17.804	4.218	2000	17.804	4.218	2000	17.804	4.218	2000	17.804	4.218	2000	17.804	4.218	2000	17.804	4.218	2000	17.804	4.218	2000	17.804	4.218	2000	
15.283	3.940	2000	15.283	3.940	2000	15.283	3.940	2000	15.283	3.940	2000	15.283	3.940	2000	15.283	3.940	2000	15.283	3.940	2000	15.283	3.940	2000	15.283	3.940	2000	
12.175	3.438	2000	12.175	3.438	2000	12.175	3.438	2000	12.175	3.438	2000	12.175	3.438	2000	12.175	3.438	2000	12.175	3.438	2000	12.175	3.438	2000	12.175	3.438	2000	
8.984	3.050	1999	8.984	3.050	1999	8.984	3.050	1999	8.984	3.050	1999	8.984	3.050	1999	8.984	3.050	1999	8.984	3.050	1999	8.984	3.050	1999	8.984	3.050	1999	
6.141	2.566	1992	6.141	2.566	1992	6.141	2.566	1992	6.141	2.566	1992	6.141	2.566	1992	6.141	2.566	1992	6.141	2.566	1992	6.141	2.566	1992	6.141	2.566	1992	
2.966	1.622	1881	2.966	1.622	1881	2.966	1.622	1881	2.966	1.622	1881	2.966	1.622	1881	2.966	1.622	1881	2.966	1.622	1881	2.966	1.622	1881	2.966	1.622	1881	
1.759	0.992	1422	1.759	0.992	1422	1.759	0.992	1422	1.759	0.992	1422	1.759	0.992	1422	1.759	0.992	1422	1.759	0.992	1422	1.759	0.992	1422	1.759	0.992	1422	
1.430	0.665	1071	1.430	0.665	1071	1.430	0.665	1071	1.430	0.665	1071	1.430	0.665	1071	1.430	0.665	1071	1.430	0.665	1071	1.430	0.665	1071	1.430	0.665	1071	
29.710	5.397	2000	29.710	5.397	2000	29.710	5.397	2000	29.710	5.397	2000	29.710	5.397	2000	29.710	5.397	2000	29.710	5.397	2000	29.710	5.397	2000	29.710	5.397	2000	
30.852	5.279	2000	30.852	5.279	2000	30.852	5.279	2000	30.852	5.279	2000	30.852	5.279	2000	30.852	5.279	2000	30.852	5.279	2000	30.852	5.279	2000	30.852	5.279	2000	
31.329	5.505	2000	31.329	5.505	2000	31.329	5.505	2000	31.329	5.505	2000	31.329	5.505	2000	31.329	5.505	2000	31.329	5.505	2000	31.329	5.505	2000	31.329	5.505	2000	
31.422	5.369	2000	31.422	5.369	2000	31.422	5.369	2000	31.422	5.369	2000	31.422	5.369	2000	31.422	5.369	2000	31.422	5.369	2000	31.422	5.369	2000	31.422	5.369	2000	
30.961	5.441	2000	30.961	5.441	2000	30.961	5.441	2000	30.961	5.441	2000	30.961	5.441	2000	30.961	5.441	2000	30.961	5.441	2000	30.961	5.441	2000	30.961	5.441	2000	
30.527	5.356	2000	30.527	5.356	2000	30.527	5.356	2000	30.527	5.356	2000	30.527	5.356	2000	30.527	5.356	2000	30.527	5.356	2000	30.527	5.356	2000	30.527	5.356	2000	
29.281	5.177	2000	29.281	5.177	2000	29.281	5.177	2000	29.281	5.177	2000	29.281	5.177	2000	29.281	5.177	2000	29.281	5.177	2000	29.281	5.177	2000	29.281	5.177	2000	
27.817	5.200	2000	27.817	5.200	2000	27.817	5.200	2000	27.817	5.200	2000	27.817	5.200	2000	27.817	5.200	2000	27.817	5.200	2000	27.817	5.200	2000	27.817	5.200	2000	
25.810	5.011	2000	25.810	5.011	2000	25.810	5.011	2000	25.810	5.011	2000	25.810	5.011	2000	25.810	5.011	2000	25.810	5.011	2000	25.810	5.011	2000	25.810	5.011	2000	
23.195	4.766	2000	23.195	4.766	2000	23.195	4.766	2000	23.195	4.766	2000	23.195	4.766	2000	23.195	4.766	2000	23.195	4.766	2000	23.195	4.766	2000	23.195	4.766	2000	
19.387	4.400	2000	19.387	4.400	2000	19.387	4.400	2000	19.387	4.400	2000	19.387	4.400	2000	19.387	4.400	2000	19.387	4.400	2000	19.387	4.400	2000	19.387	4.400	2000	
14.948	3.852	2000	14.948	3.852	2000	14.948	3.852	2000	14.948	3.852	2000	14.948	3.852	2000	14.948	3.852	2000	14.948	3.852	2000	14.948	3.852	2000	14.948	3.852	2000	
8.653	2.901	2000	8.653	2.901	2000	8.653	2.901	2000	8.653	2.901	2000	8.653	2.901	2000	8.653	2.901	2000	8.653	2.901	2000	8.653	2.901	2000	8.653	2.901	2000	
34.563	5.628	2000	34.563	5.628	2000	34.563	5.628	2000	34.563	5.628	2000	34.563	5.628	2000	34.563	5.628	2000	34.563	5.628	2000	34.563	5.628	2000	34.563	5.628	2000	
37.348	5.865	2000	37.348	5.865	2000	37.348	5.865	2000	37.348	5.865	2000	37.348	5.865	2000	37.348	5.865	2000	37.348	5.865	2000	37.348	5.865	2000	37.348	5.865	2000	
38.916	6.019	2000	38.916	6.019	2000	38.916	6.019	2000	38.916	6.019	2000	38.916	6.019	2000	38.916	6.019	2000	38.916	6.019	2000	38.916	6.019	2000	38.916	6.019	2000	
40.126	5.973	2000	40.126	5.973	2000	40.126	5.973	2000	40.126	5.973	2000	40.126	5.973	2000	40.126	5.973	2000	40.126	5.973	2000	40.126	5.973	2000	40.126	5.973	2000	
40.474	5.938	2000	40.474	5.938	2000	40.474	5.938	2000	40.474	5.938	2000	40.474	5.938	2000	40.474	5.938	2000	40.474	5.938	2000	40.474	5.938	2000	40.474	5.938	2000	
40.473	6.066	2000	40.473	6.066	2000	40.473	6.066	2000	40.473	6.066	2000	40.473	6.066	2000	40.473	6.066	2000	40.473	6.066	2000	40.473	6.066	2000	40.473	6.066	2000	
40.146	6.165	2000	40.146	6.165	2000	40.146	6.165	2000	40.146	6.165	2000	40.146	6.165	2000	40.146	6.165	2000	40.146	6.165	2000	40.146	6.165	2000	40.146	6.165	2000	
39.213	6.051	2000	39.213	6.051	2000	39.213	6.051	2000	39.213	6.051	2000	39.213	6.051	2000	39.213	6.051	2000	39.213	6.051	2000	39.213	6.051	2000	39.213	6.051	2000	
37.570	5.848	2000	37.570	5.848	2000	37.570	5.848	2000	37.570	5.848	2000	37.570	5.848	2000	37.570	5.848	2000	37.570	5.848	2000	37.570	5.848	2000	37.570	5.848	2000	
35.289	5.715	2000	35.289	5.715	2000	35.289	5.715	2000	35.289	5.715	2000	35.289	5.715	2000	35.289	5.715	2000	35.289	5.715	2000	35.289	5.715	2000	35.289	5.715	2000	
32.954	5.684	2000	32.954	5.684	2000	32.954	5.684	2000	32.954	5.684	2000	32.954	5.684	2000	32.954	5.684	2000	32.954	5.684	2000	32.954	5.684	2000	32.954	5.684	2000	
29.689	5.545	2000	29.689	5.545	2000	29.689	5.545	2000	29.689	5.545	2000	29.689	5.545	2000	29.689	5.545	2000	29.689	5.545	2000	29.689	5.545	2000	29.689	5.545	2000	
25.084	4.892	2000	25.084	4.892	2000	25.084	4.892	2000	25.084	4.892	2000	25.084	4.892	2000	25.084	4.892	2000	25.084	4.892	2000	25.084	4.892	2000	25.084	4.892	2000	
41.278	6.356	2000	41.278	6.356	2000	41.278	6.356	2000	41.278	6.356	2000	41.278	6.356	2000	41.278	6.356	2000	41.278	6.356	2000	41.278	6.356	2000	41.270	6.341	2000	
44.676	6.427	2000	44.676	6.427	2000	44.676	6.427	2000	44.676	6.427	2000	44.676	6.427	2000	44.676	6.427	2000	44.676	6.427	2000	44.676	6.427	2000	44.654	6.387	2000	
47.312	6.660	2000	47.312	6.660	2000	47.312	6.660	2000	47.312	6.660	2000	47.312	6.660	2000	47.312	6.660	2000	47.312	6.660	2000	47.312	6.660	2000	47.284	6.625	2000	
49.372	6.681	2000	49.372	6.681	2000	49.372	6.681	2000	49.372	6.681	2000	49.372	6.681	2000	49.372	6.681	2000	49.372	6.681	2000	49.372	6.681	2000	49.340	6.643	2000	
50.778	6.828	2000	50.778	6.828	2000	50.778	6.828	2000	50.778	6.828	2000	50.778	6.828	2000	50.778	6.828	2000	50.778	6.828	2000	50.778	6.828	2000	50.731	6.792	2000	
51.285	6.770	2000	51.285	6.770	2000	51.285	6.770	2000	51.285	6.770	2000	51.285	6.770	2000	51.285	6.770	2000	51.285	6.770	2000	51.285	6.770	2000	51.232	6.701	2000	
51.376	6.730	2000	51.376	6.730	2000	51.376	6.730	2000	51.376	6.730	2000	51.376	6.730	2000	51.376	6.730	2000	51.376	6.730	2000	51.376	6.730	2000	51.323	6.656	2000	
50.892	6.847	2000	50.892	6.847	2000	50.892	6.847	2000	50.892	6.847	2000	50.892	6.847	2000	50.892	6.847	2000	50.892	6.847	2000	50.892	6.847	2000	50.840	6.790	2000	
49.496	6.647	2000	49.496	6.647	2000	49.496	6.647	2000	49.496	6.647	2000	49.496	6.647	2000	49.496	6.647	2000	49.496	6.647	2000	49.496	6.647	2000	49.457	6.602	2000	
47.438	6.361	2000	47.438	6.361	2000	47.438	6.361	2000	47.438	6.361	2000	47.438	6.361	2000	47.438	6.361	2000	47.438	6.361	2000	47.438	6.361	2000	47.411	6.321	2000	
44.495	6.456	2000	44.495	6.456	2000	44.495	6.456	2000	44.495	6.456	2000	44.495	6.456	2000	44.495	6.456	2000	44.495	6.456	2000	44.495	6.456	2000	44.477	6.428	2000	
40.528	6.250	2000	40.528	6.250	2000	40.528	6.250	2000	40.528	6.250	2000	40.528	6.250	2000	40.528	6.250	2000	40.528	6.250	2000	40.528	6.250	2000	40.518	6.235	2000	
36.230	5.779	2000	36.230	5.779	2000	36.230	5.779	2000	36.230	5.779	2000	36.230	5.779	2000	36.230	5.779	2000	36.230	5.779	2000	36.230	5.779	2000	36.230	5.778	2000	
32.007	5.508	2000	32.007	5.508	2000	32.007	5.508	2000	32.007	5.508	2000	32.007	5.508	2000	32.007	5.508	2000	32.007	5.508	2000	32.007	5.508	2000	32.008	5.510	2000	
19.795	4.368	2000	19.795	4.368	2000	19.795	4.368	2000	19.795	4.368	2000	19.795	4.368	2000	19.795	4.368	2000	19.795	4.368	2000	19.795	4.368	2000	19.795	4.368	2000	
18.075	4.311	2000	18.075	4.311	2000	18.075	4.311	2000	18.075	4.311	2000	18.075	4.311	2000	18.075	4.311	2000	18.075	4.311	2000	18.075	4.311	2000	18.075	4.311	2000	
16.799	3.999	2000	16.799	3.999	2000	16.799	3.999	2000	16.799	3.999	2000	16.799	3.999	2000	16.799	3.999	2000	16.799	3.999	2000	16.799	3.999	2000	16.799	3.999	2000	
14.040	3.670	2000	14.040	3.670	2000	14.040	3.670	2000	14.040	3.670	2000	14.040	3.670	2000	14.040	3.670	2000	14.040	3.670	2000	14.040	3.670	2000	14.040	3.670	2000	
13.102	3.478	2000	13.102	3.478	2000	13.102	3.478	2000	13.102	3.478	2000	13.102	3.478	2000	13.102	3.478	2000	13.102	3.478	2000	13.102	3.478	2000	13.102	3.478	2000	
10.156	3.151	2000	10.156	3.151	2000	10.156	3.151	2000	10.156	3.151	2000	10.156	3.151	2000	10.156	3.151	2000	10.156	3.151	2000	10.156	3.151	2000	10.156	3.151	2000	
47.002	7.084	2000	47.002	7.084	2000	47.002	7.084	2000	47.002	7.084	2000	47.002	7.084	2000	47.002	7.084	2000	47.002	7.084	2000	46.930	6.963	2000	46.520	6.623	2000	
51.675	7.618	2000	51.675	7.618	2000	51.675	7.618	2000	51.675	7.618	2000	51.675	7.618	2000	51.675	7.618	2000	51.675	7.618	2000	51.552	7.183	2000	51.137	6.876	2000	
55.943	8.251	2000	55.943	8.251	2000	55.943	8.251	2000	55.943	8.251	2000	55.943	8.251	2000	55.943	8.251	2000	55.943	8.251	2000	55.655	7.495	2000	55.272	7.137	2000	
58.973	8.301	2000	58.973	8.301	2000	58.973	8.301	2000	58.973	8.301	2000	58.973	8.301	2000	58.973	8.301	2000	58.973	8.301	2000	58.865	7.671	2000	58.539	7.327	2000	
61.758	8.824	2000	61.758	8.824	2000	61.758	8.824	2000	61.758	8.824	2000	61.758	8.824	2000	61.758	8.824	2000	61.758	8.824	2000	61.455	8.041	2000	61.030	7.662	2000	
63.041	8.519	2000	63.041	8.519	2000	63.041	8.519	2000	63.041	8.519	2000	63.041	8.519	2000	63.041	8.519	2000	63.041	8.519	2000	62.926	7.761	2000	62.617	7.473	2000	
64.545	8.890	2000	64.545	8.890	2000	64.545	8.890	2000	64.545	8.890	2000	64.545	8.890	2000	64.545	8.890	2000	64.545	8.890	2000	64.295	8.103	2000	63.912	7.555	2000	
64.921	9.039	2000	64.921	9.039	2000	64.921	9.039	2000	64.921	9.039	2000	64.921	9.039	2000	64.921	9.039	2000	64.921	9.039	2000	64.491	8.137	2000	64.010	7.654	2000	
64.188	8.834	2000	64.188	8.834	2000	64.188	8.834	2000	64.188	8.834	2000	64.188	8.834	2000	64.188	8.834	2000	64.188	8.834	2000	63.687	7.866	2000	63.363	7.575	2000	
62.215	8.736	2000	62.215	8.736	2000	62.215	8.736	2000	62.215	8.736	2000	62.215	8.736	2000	62.215	8.736	2000	62.215	8.736	2000	61.991	7.902	2000	61.544	7.452	2000	
59.140	8.172	2000	59.140	8.172	2000	59.140	8.172	2000	59.140	8.172	2000	59.140	8.172	2000	59.140	8.172	2000	59.140	8.172	2000	58.939	7.819	2000	58.556	7.193	2000	
54.916	7.781	2000	54.916	7.781	2000	54.916	7.781	2000	54.916	7.781	2000	54.916	7.781	2000	54.916	7.781	2000	54.916	7.781	2000	54.762	7.352	2000	54.382	7.069	2000	
49.479	7.193	2000	49.479	7.193	2000	49.479	7.193	2000	49.479	7.193	2000	49.479	7.193	2000	49.479	7.193	2000	49.479	7.193	2000	49.297	6.891	2000	48.902	6.674	2000	
42.468	6.543	2000	42.468	6.543	2000	42.468	6.543	2000	42.468	6.543	2000	42.468	6.543	2000	42.468	6.543	2000	42.468	6.543	2000	42.326	6.479	2000	41.999	6.125	2000	
35.892	6.209	2000	35.892	6.209	2000	35.892	6.209	2000	35.892	6.209	2000	35.892	6.209	2000	35.892	6.209	2000	35.892	6.209	2000	35.703	6.032	2000	35.561	5.862	2000	
28.198	5.308	2000	28.198	5.308	2000	28.198	5.308	2000	28.198	5.308	2000	28.198	5.308	2000	28.198	5.308	2000	28.198	5.308	2000	28.084	5.192	2000	28.048	5.128	2000	
20.323	4.442	2000	20.323	4.442	2000	20.323	4.442	2000	20.323	4.442	2000	20.323	4.442	2000	20.323	4.442	2000	20.323	4.442	2000	20.296	4.393	2000	20.294	4.389	2000	
19.237	4.281	2000	19.237	4.281	2000	19.237	4.281	2000	19.237	4.281	2000	19.237	4.281	2000	19.237	4.281	2000	19.237	4.281	2000	19.224	4.253	2000	19.224	4.252	2000	
18.197	4.212	2000	18.197	4.212	2000	18.197	4.212	2000	18.197	4.212	2000	18.197	4.212	2000	18.197	4.212	2000	18.197	4.212	2000	18.197	4.209	2000	18.198	4.209	2000	
18.186	4.195	2000	18.186	4.195	2000	18.186	4.195	2000	18.186	4.195	2000	18.186	4.195	2000	18.186	4.195	2000	18.186	4.195	2000	18.175	4.168	2000	18.174	4.166	2000	
17.303	4.034	2000	17.303	4.034	2000	17.303	4.034	2000	17.303	4.034	2000	17.303	4.034	2000	17.303	4.034	2000	17.303	4.034	2000	17.298	4.022	2000	17.299	4.024	2000	
16.261	3.897	2000	16.261	3.897	2000	16.261	3.897	2000	16.261	3.897	2000	16.261	3.897	2000	16.261	3.897	2000	16.261	3.897	2000	16.258	3.887	2000	16.259	3.888	2000	
51.322	10.753	2000	51.322	10.753	2000	51.322	10.753	2000	51.322	10.753	2000	51.322	10.753	2000	51.322	10.753	2000	50.540	8.014	2000	50.048	7.013	2000	49.737	6.809	2000	
57.543	15.500	2000	57.543	15.500	2000	57.543	15.500	2000	57.543	15.500	2000	57.543	15.500	2000	57.543	15.500	2000	56.625	8.857	2000	56.051	7.379	2000	55.725	7.147	2000	
63.076	13.171	2000	63.076	13.171	2000	63.076	13.171	2000	63.076	13.171	2000	63.076	13.171	2000	63.076	13.171	2000	62.001	9.342	2000	61.631	7.693	2000	61.290	7.499	2000	
68.254	15.265	2000	68.254	15.265	2000	68.254	15.265	2000	68.254	15.265	2000	68.254	15.265	2000	68.254	15.265	2000	66.990	10.225	2000	66.442	8.018	2000	66.057	7.798	2000	
72.201	15.453	2000	72.201	15.453	2000	72.201	15.453	2000	72.201	15.453	2000	72.201	15.453	2000	72.201	15.453	2000	71.018	10.680	2000	70.373	8.433	2000	69.895	8.041	2000	
75.778	16.300	2000	75.778	16.300	2000	75.778	16.300	2000	75.778	16.300	2000	75.778	16.300	2000	75.778	16.300	2000	74.132	11.134	2000	73.378	8.342	2000	73.044	8.060	2000	
78.369	17.956	2000	78.369	17.956	2000	78.369	17.956	2000	78.369	17.956	2000	78.369	17.956	2000	78.369	17.956	2000	76.505	11.516	2000	75.747	8.780	2000	75.306	8.253	2000	
79.965	18.083	2000	79.965	18.083	2000	79.965	18.083	2000	79.965	18.083	2000	79.965	18.083	2000	79.965	18.083	2000	77.997	11.716	2000	77.162	8.553	2000	76.820	8.161	2000	
79.968	18.169	2000	79.968	18.169	2000	79.968	18.169	2000	79.968	18.169	2000	79.968	18.169	2000	79.968	18.169	2000	78.563	11.987	2000	77.619	8.593	2000	77.289	8.204	2000	
78.958	17.582	2000	78.958	17.582	2000	78.958	17.582	2000	78.958	17.582	2000	78.958	17.582	2000	78.958	17.582	2000	77.038	11.757	2000	76.424	8.469	2000	76.052	7.920	2000	
77.194	17.589	2000	77.194	17.589	2000	77.194	17.589	2000	77.194	17.589	2000	77.194	17.589	2000	77.194	17.589	2000	75.352	11.238	2000	74.772	8.609	2000	74.402	8.250	2000	
72.802	15.769	2000	72.802	15.769	2000	72.802	15.769	2000	72.802	15.769	2000	72.802	15.769	2000	72.802	15.769	2000	71.707	10.822	2000	70.765	8.332	2000	70.461	8.086	2000	
67.760	14.588	2000	67.760	14.588	2000	67.760	14.588	2000	67.760	14.588	2000	67.760	14.588	2000	67.760	14.588	2000	66.076	10.204	2000	65.591	7.825	2000	65.127	7.547	2000	
58.464	11.918	2000	58.464	11.918	2000	58.464	11.918	2000	58.464	11.918	2000	58.464	11.918	2000	58.464	11.918	2000	57.354	8.544	2000	56.805	7.283	2000	56.475	7.168	2000	
48.141	9.903	2000	48.141	9.903	2000	48.141	9.903	2000	48.141	9.903	2000	48.141	9.903	2000	48.141	9.903	2000	47.500	7.570	2000	46.958	6.765	2000	46.709	6.532	2000	
18.326	4.628	2000	18.326	4.628	2000	18.326	4.628	2000	18.326	4.628	2000	18.326	4.628	2000	18.326	4.628	2000	18.080	4.283	2000	18.055	4.240	2000	18.055	4.240	2000	
18.543	4.517	2000	18.543	4.517	2000	18.543	4.517	2000	18.543	4.517	2000	18.543	4.517	2000	18.543	4.517	2000	18.312	4.162	2000	18.260	4.071	2000	18.260	4.071	2000	
18.070	4.467	2000	18.070	4.467	2000	18.070	4.467	2000	18.070	4.467	2000	18.070	4.467	2000	18.070	4.467	2000	17.829	4.119	2000	17.788	4.035	2000	17.788	4.035	2000	
16.568	4.182	2000	16.568	4.182	2000	16.568	4.182	2000	16.568	4.182	2000	16.568	4.182	2000	16.568	4.182	2000	16.437	3.980	2000	16.429	3.958	2000	16.429	3.958	2000	
14.885	3.974	2000	14.885	3.974	2000	14.885	3.974	2000	14.885	3.974	2000	14.885	3.974	2000	14.885	3.974	2000	14.760	3.745	2000	14.744	3.712	2000	14.744	3.712	2000	
31.655	5.496	2000	31.655	5.496	2000	31.655	5.496	2000	31.655	5.496	2000	31.655	5.496	2000	31.655	5.496	2000	31.655	5.496	2000	31.618	5.431	2000	31.613	5.419	2000	
40.386	6.350	2000	40.386	6.350	2000	40.386	6.350	2000	40.386	6.350	2000	40.386	6.350	2000	40.386	6.350	2000	40.386	6.350	2000	40.282	6.216	2000	40.211	6.116	2000	
50.014	7.277	2000	50.014	7.277	2000	50.014	7.277	2000	50.014	7.277	2000	50.014	7.277	2000	50.014	7.277	2000	50.014	7.277	2000	49.898	7.193	2000	49.684	7.001	2000	
56.977	7.360	2000	56.977	7.360	2000	56.977	7.360	2000	56.977	7.360	2000	56.977	7.360	2000	56.977	7.360	2000	56.977	7.360	2000	56.893	7.335	2000	56.583	7.126	2000	
64.162	7.841	2000	64.162	7.841	2000	64.162	7.841	2000	64.162	7.841	2000	64.162	7.841	2000	64.162	7.841	2000	64.162	7.841	2000	63.995	7.685	2000	63.586	7.420	2000	
70.260	8.394	2000	70.260	8.394	2000	70.260	8.394	2000	70.260	8.394	2000	70.260	8.394	2000	70.260	8.394	2000	70.260	8.394	2000	70.167	8.180	2000	69.832	7.955	2000	
75.575	8.834	2000	75.575	8.834	2000	75.575	8.834	2000	75.575	8.834	2000	75.575	8.834	2000	75.575	8.834	2000	75.575	8.834	2000	75.534	8.624	2000	75.124	8.298	2000	
80.509	8.919	2000	80.509	8.919	2000	80.509	8.919	2000	80.509	8.919	2000	80.509	8.919	2000	80.509	8.919	2000	80.509	8.919	2000	80.374	8.577	2000	79.967	8.277	2000	
83.777	9.304	2000	83.777	9.304	2000	83.777	9.304	2000	83.777	9.304	2000	83.777	9.304	2000	83.777	9.304	2000	83.777	9.304	2000	83.747	8.956	2000	83.561	8.713	2000	
87.122	9.631	2000	87.122	9.631	2000	87.122	9.631	2000	87.122	9.631	2000	87.122	9.631	2000	87.122	9.631	2000	87.122	9.631	2000	87.025	9.189	2000	86.616	8.630	2000	
89.032	9.788	2000	89.032	9.788	2000	89.032	9.788	2000	89.032	9.788	2000	89.032	9.788	2000	89.032	9.788	2000	89.032	9.788	2000	88.832	9.221	2000	88.458	8.635	2000	
89.672	9.756	2000	89.672	9.756	2000	89.672	9.756	2000	89.672	9.756	2000	89.672	9.756	2000	89.672	9.756	2000	89.672	9.756	2000	89.664	9.291	2000	89.366	8.866	2000	
89.096	9.671	2000	89.096	9.671	2000	89.096	9.671	2000	89.096	9.671	2000	89.096	9.671	2000	89.096	9.671	2000	89.096	9.671	2000	88.944	9.129	2000	88.716	8.704	2000	
86.518	9.541	2000	86.518	9.541	2000	86.518	9.541	2000	86.518	9.541	2000	86.518	9.541	2000	86.518	9.541	2000	86.518	9.541	2000	86.371	9.121	2000	86.008	8.629	2000	
82.049	9.257	2000	82.049	9.257	2000	82.049	9.257	2000	82.049	9.257	2000	82.049	9.257	2000	82.049	9.257	2000	82.049	9.257	2000	81.899	8.752	2000	81.494	8.453	2000	
75.145	8.722	2000	75.145	8.722	2000	75.145	8.722	2000	75.145	8.722	2000	75.145	8.722	2000	75.145	8.722	2000	75.145	8.722	2000	74.960	8.407	2000	74.670	8.181	2000	
64.667	7.843	2000	64.667	7.843	2000	64.667	7.843	2000	64.667	7.843	2000	64.667	7.843	2000	64.667	7.843	2000	64.667	7.843	2000	64.557	7.726	2000	64.232	7.521	2000	
32.073	5.638	2000	32.073	5.638	2000	32.073	5.638	2000	32.073	5.638	2000	32.073	5.638	2000	32.073	5.638	2000	32.040	5.577	2000	31.977	5.492	2000	31.977	5.490	2000	
44.461	6.569	2000	44.461	6.569	2000	44.461	6.569	2000	44.461	6.569	2000	44.461	6.569	2000	44.461	6.569	2000	44.400	6.514	2000	44.089	6.274	2000	44.086	6.267	2000	
52.859	7.311	2000	52.859	7.311	2000	52.859	7.311	2000	52.859	7.311	2000	52.859	7.311	2000	52.859	7.311	2000	52.758	7.236	2000	52.392	6.933	2000	52.367	6.902	2000	
60.774	8.120	2000	60.774	8.120	2000	60.774	8.120	2000	60.774	8.120	2000	60.774	8.120	2000	60.774	8.120	2000	60.751	8.058	2000	60.310	7.568	2000	60.222	7.450	2000	
68.234	8.607	2000	68.234	8.607	2000	68.234	8.607	2000	68.234	8.607	2000	68.234	8.607	2000	68.234	8.607	2000	68.247	8.502	2000	67.818	7.904	2000	67.675	7.795	2000	
75.548	9.146	2000	75.548	9.146	2000	75.548	9.146	2000	75.548	9.146	2000	75.548	9.146	2000	75.548	9.146	2000	75.387	8.784	2000	75.087	8.254	2000	74.868	8.102	2000	
82.135	9.976	2000	82.135	9.976	2000	82.135	9.976	2000	82.135	9.976	2000	82.135	9.976	2000	82.135	9.976	2000	82.041	9.689	2000	81.520	8.655	2000	81.228	8.552	2000	
87.350	10.480	2000	87.350	10.480	2000	87.350	10.480	2000	87.350	10.480	2000	87.350	10.480	2000	87.350	10.480	2000	87.286	10.149	2000	86.554	8.798	2000	86.238	8.651	2000	
91.708	10.645	2000	91.708	10.645	2000	91.708	10.645	2000	91.708	10.645	2000	91.708	10.645	2000	91.708	10.645	2000	91.607	10.294	2000	91.204	8.832	2000	90.876	8.657	2000	
95.291	10.989	2000	95.291	10.989	2000	95.291	10.989	2000	95.291	10.989	2000	95.291	10.989	2000	95.291	10.989	2000	95.095	10.616	2000	94.705	9.044	2000	94.340	8.818	2000	
98.335	11.313	2000	98.335	11.313	2000	98.335	11.313	2000	98.335	11.313	2000	98.335	11.313	2000	98.335	11.313	2000	98.140	10.916	2000	97.198	9.179	2000	96.841	8.886	2000	
99.366	11.585	2000	99.366	11.585	2000	99.366	11.585	2000	99.366	11.585	2000	99.366	11.585	2000	99.366	11.585	2000	99.110	11.000	2000	98.411	9.033	2000	98.087	8.924	2000	
98.640	11.738	2000	98.640	11.738	2000	98.640	11.738	2000	98.640	11.738	2000	98.640	11.738	2000	98.640	11.738	2000	98.473	11.290	2000	97.841	9.294	2000	97.556	9.122	2000	
96.294	11.247	2000	96.294	11.247	2000	96.294	11.247	2000	96.294	11.247	2000	96.294	11.247	2000	96.294	11.247	2000	96.130	10.853	2000	95.476	8.950	2000	95.149	8.775	2000	
91.251	10.674	2000	91.251	10.674	2000	91.251	10.674	2000	91.251	10.674	2000	91.251	10.674	2000	91.251	10.674	2000	91.111	10.268	2000	90.529	8.966	2000	90.222	8.785	2000	
82.873	10.020	2000	82.873	10.020	2000	82.873	10.020	2000	82.873	10.020	2000	82.873	10.020	2000	82.873	10.020	2000	82.736	9.570	2000	82.292	8.366	2000	82.042	8.273	2000	
69.091	8.542	2000	69.091	8.542	2000	69.091	8.542	2000	69.091	8.542	2000	69.091	8.542	2000	69.091	8.542	2000	69.082	8.377	2000	68.651	7.727	2000	68.474	7.593	2000	
51.145	7.426	2000	51.145	7.426	2000	51.145	7.426	2000	51.145	7.426	2000	51.145	7.426	2000	51.145	7.426	2000	50.873	7.082	2000	50.642	6.881	2000	50.639	6.875	2000	
59.526	8.122	2000	59.526	8.122	2000	59.526	8.122	2000	59.526	8.122	2000	59.526	8.122	2000	59.526	8.122	2000	59.174	7.511	2000	58.849	7.305	2000	58.829	7.278	2000	
67.826	9.047	2000	67.826	9.047	2000	67.826	9.047	2000	67.826	9.047	2000	67.826	9.047	2000	67.826	9.047	2000	67.430	8.054	2000	67.111	7.876	2000	67.038	7.789	2000	
75.924	9.945	2000	75.924	9.945	2000	75.924	9.945	2000	75.924	9.945	2000	75.924	9.945	2000	75.924	9.945	2000	75.501	8.632	2000	75.126	8.217	2000	74.994	8.102	2000	
82.915	10.615	2000	82.915	10.615	2000	82.915	10.615	2000	82.915	10.615	2000	82.915	10.615	2000	82.915	10.615	2000	82.455	9.192	2000	82.017	8.350	2000	81.826	8.253	2000	
89.145	11.443	2000	89.145	11.443	2000	89.145	11.443	2000	89.145	11.443	2000	89.145	11.443	2000	89.145	11.443	2000	88.491	9.822	2000	88.230	9.170	2000	87.993	9.062	2000	
94.880	12.062	2000	94.880	12.062	2000	94.880	12.062	2000	94.880	12.062	2000	94.880	12.062	2000	94.880	12.062	2000	94.274	10.349	2000	93.669	9.005	2000	93.432	8.955	2000	
99.503	13.139	2000	99.503	13.139	2000	99.503	13.139	2000	99.503	13.139	2000	99.503	13.139	2000	99.503	13.139	2000	98.692	10.246	2000	98.118	9.047	2000	97.814	8.922	2000	
102.996	13.226	2000	102.996	13.226	2000	102.996	13.226	2000	102.996	13.226	2000	102.996	13.226	2000	102.996	13.226	2000	101.977	10.665	2000	101.670	9.187	2000	101.385	9.114	2000	
104.217	13.129	2000	104.217	13.129	2000	104.217	13.129	2000	104.217	13.129	2000	104.217	13.129	2000	104.217	13.129	2000	103.172	10.658	2000	102.886	9.292	2000	102.644	9.184	2000	
104.723	13.294	2000	104.723	13.294	2000	104.723	13.294	2000	104.723	13.294	2000	104.723	13.294	2000	104.723	13.294	2000	103.749	10.682	2000	103.158	9.193	2000	102.836	8.997	2000	
102.175	12.946	2000	102.175	12.946	2000	102.175	12.946	2000	102.175	12.946	2000	102.175	12.946	2000	102.175	12.946	2000	101.374	10.591	2000	100.968	9.452	2000	100.653	9.322	2000	
97.204	12.386	2000	97.204	12.386	2000	97.204	12.386	2000	97.204	12.386	2000	97.204	12.386	2000	97.204	12.386	2000	96.590	10.033	2000	96.155	8.843	2000	95.871	8.701	2000	
88.637	11.832	2000	88.637	11.832	2000	88.637	11.832	2000	88.637	11.832	2000	88.637	11.832	2000	88.637	11.832	2000	87.728	9.665	2000	87.280	8.775	2000	87.018	8.661	2000	
73.466	9.458	2000	73.466	9.458	2000	73.466	9.458	2000	73.466	9.458	2000	73.466	9.458	2000	73.466	9.458	2000	73.166	8.451	2000	72.794	8.078	2000	72.671	7.959	2000	
52.845	8.418	2000	52.845	8.418	2000	52.845	8.418	2000	52.845	8.418	2000	52.845	8.418	2000	52.852	8.351	2000	52.240	7.284	2000	51.969	7.092	2000	51.968	7.089	2000	
60.555	10.259	2000	60.555	10.259	2000	60.555	10.259	2000	60.555	10.259	2000	60.555	10.259	2000	60.487	10.002	2000	59.719	7.752	2000	59.390	7.618	2000	59.379	7.598	2000	
67.752	10.609	2000	67.752	10.609	2000	67.752	10.609	2000	67.752	10.609	2000	67.752	10.609	2000	67.610	10.078	2000	67.080	8.162	2000	66.727	7.943	2000	66.693	7.910	2000	
77.897	12.267	2000	77.897	12.267	2000	77.897	12.267	2000	77.897	12.267	2000	77.897	12.267	2000	77.738	11.436	2000	76.635	8.619	2000	76.205	8.309	2000	76.110	8.234	2000	
84.742	13.430	2000	84.742	13.430	2000	84.742	13.430	2000	84.742	13.430	2000	84.742	13.430	2000	84.590	12.609	2000	83.609	9.143	2000	83.331	8.552	2000	83.132	8.422	2000	
92.787	15.516	2000	92.787	15.516	2000	92.787	15.516	2000	92.787	15.516	2000	92.787	15.516	2000	92.366	14.337	2000	91.122	9.459	2000	90.727	8.818	2000	90.494	8.686	2000	
98.773	16.325	2000	98.773	16.325	2000	98.773	16.325	2000	98.773	16.325	2000	98.773	16.325	2000	98.507	15.008	2000	97.135	10.099	2000	96.730	9.003	2000	96.441	8.889	2000	
103.700	17.403	2000	103.700	17.403	2000	103.700	17.403	2000	103.700	17.403	2000	103.700	17.403	2000	103.124	15.679	2000	101.227	10.439	2000	100.957	9.219	2000	100.641	9.059	2000	
105.935	17.672	2000	105.935	17.672	2000	105.935	17.672	2000	105.935	17.672	2000	105.935	17.672	2000	105.698	16.354	2000	103.686	10.245	2000	103.391	9.284	2000	103.020	9.082	2000	
106.979	17.772	2000	106.979	17.772	2000	106.979	17.772	2000	106.979	17.772	2000	106.979	17.772	2000	106.500	16.280	2000	104.556	10.283	2000	104.157	9.157	2000	103.891	9.051	2000	
105.241	17.660	2000	105.241	17.660	2000	105.241	17.660	2000	105.241	17.660	2000	105.241	17.660	2000	104.731	16.280	2000	103.240	10.600	2000	102.779	9.248	2000	102.500	9.146	2000	
100.693	17.092	2000	100.693	17.092	2000	100.693	17.092	2000	100.693	17.092	2000	100.693	17.092	2000	100.357	15.819	2000	99.032	10.395	2000	98.429	9.139	2000	98.112	9.008	2000	
92.752	15.504	2000	92.752	15.504	2000	92.752	15.504	2000	92.752	15.504	2000	92.752	15.504	2000	92.218	14.277	2000	91.058	9.547	2000	90.617	8.660	2000	90.374	8.537	2000	
77.572	12.318	2000	77.572	12.318	2000	77.572	12.318	2000	77.572	12.318	2000	77.572	12.318	2000	77.176	11.343	2000	76.364	8.586	2000	75.941	8.184	2000	75.848	8.108	2000	
73.180	14.496	2000	73.180	14.496	2000	73.180	14.496	2000	73.180	14.496	2000	73.210	14.333	2000	71.488	8.996	2000	70.957	7.964	2000	70.661	7.827	2000	70.656	7.818	2000	
86.294	20.852	2000	86.294	20.852	2000	86.294	20.852	2000	86.294	20.852	2000	85.908	20.109	2000	83.348	10.655	2000	82.887	8.737	2000	82.526	8.525	2000	82.496	8.492	2000	
91.786	20.695	2000	91.786	20.695	2000	91.786	20.695	2000	91.786	20.695	2000	91.380	19.190	2000	89.566	10.785	2000	89.173	8.836	2000	88.889	8.600	2000	88.826	8.558	2000	
99.341	24.097	2000	99.341	24.097	2000	99.341	24.097	2000	99.341	24.097	2000	98.896	22.878	2000	96.099	11.850	2000	95.348	9.242	2000	94.995	8.940	2000	94.883	8.853	2000	
103.380	24.724	2000	103.380	24.724	2000	103.380	24.724	2000	103.380	24.724	2000	103.113	23.819	2000	100.480	12.732	2000	99.744	9.476	2000	99.428	9.067	2000	99.285	8.984	2000	
107.109	28.258	2000	107.109	28.258	2000	107.109	28.258	2000	107.109	28.258	2000	106.635	27.688	2000	102.717	13.368	2000	101.647	9.667	2000	101.280	9.257	2000	101.089	9.121	2000	
104.869	24.265	2000	104.869	24.265	2000	104.869	24.265	2000	104.869	24.265	2000	104.393	22.643	2000	101.438	12.366	2000	100.829	9.608	2000	100.577	9.240	2000	100.433	9.130	2000	
102.092	24.025	2000	102.092	24.025	2000	102.092	24.025	2000	102.092	24.025	2000	101.754	22.754	2000	98.842	12.464	2000	97.869	9.666	2000	97.486	9.286	2000	97.369	9.190	2000	
94.660	22.757	2000	94.660	22.757	2000	94.660	22.757	2000	94.660	22.757	2000	94.104	21.244	2000	91.856	11.721	2000	90.984	9.088	2000	90.686	8.863	2000	90.613	8.783	2000	
84.359	19.585	2000	84.359	19.585	2000	84.359	19.585	2000	84.359	19.585	2000	83.645	17.199	2000	81.916	10.328	2000	81.331	8.596	2000	80.946	8.359	2000	80.930	8.343	2000	
39.866	17.600	13	37.645	21.556	133	54.905	39.748	796	88.820	56.531	1724	89.750	47.647	1999	79.791	17.810	2000	77.657	10.160	2000	77.332	8.518	2000	76.945	8.252	2000	
39.783	34.536	13	37.839	25.199	137	56.261	34.637	797	95.511	58.555	1683	100.202	58.878	1995	87.860	19.970	2000	85.772	11.229	2000	85.363	8.881	2000	84.944	8.519	2000	
25.766	16.286	15	36.566	27.290	131	57.609	39.729	752	100.636	61.970	1657	106.569	60.470	1996	95.086	22.526	2000	92.325	12.123	2000	91.770	9.062	2000	91.420	8.706	2000	
29.443	11.248	18	41.650	26.362	127	58.938	36.636	784	106.603	66.002	1663	111.104	62.699	1998	98.367	22.673	2000	95.725	12.623	2000	95.095	9.577	2000	94.732	9.083	2000	
35.020	19.774	13	39.760	26.647	122	60.051	39.928	730	106.755	69.065	1670	112.417	65.012	1997	99.198	24.515	2000	96.736	12.873	2000	95.708	9.199	2000	95.288	8.815	2000	
40.078	26.324	14	37.758	28.113	129	58.933	36.899	770	102.069	62.349	1662	110.090	62.394	1997	97.362	24.312	2000	94.696	12.669	2000	93.705	9.390	2000	93.355	8.973	2000	
42.605	27.355	12	39.919	28.025	122	58.606	38.862	761	100.188	63.562	1687	105.358	64.392	1997	91.860	21.318	2000	89.511	11.976	2000	89.039	9.174	2000	88.737	8.870	2000	
25.385	11.903	15	36.596	23.519	135	57.185	38.652	811	93.752	61.534	1752	93.708	55.015	2000	83.090	17.997	2000	81.575	10.957	2000	80.850	8.729	2000	80.362	8.488	2000	
41.808	31.761	12	35.972	21.015	142	51.405	32.306	854	81.184	50.228	1785	80.241	41.501	1997	73.148	15.707	2000	71.740	9.825	2000	71.155	8.122	2000	70.804	7.999	2000	
22.564	12.758	16	32.733	21.942	161	46.543	29.797	989	67.414	43.301	1846	63.058	30.935	2000	57.517	11.981	2000	56.441	7.991	2000	55.953	7.269	2000	55.715	7.064	2000	
25.349	12.853	32	29.386	18.125	210	40.792	26.438	1110	55.382	34.245	1895	50.572	21.381	1999	47.617	9.261	2000	46.702	7.167	2000	46.346	6.767	2000	46.273	6.699	2000	
26.126	15.206	20	29.370	16.138	215	37.114	23.212	1171	47.000	28.762	1933	42.617	18.341	2000	39.383	7.865	2000	38.843	6.293	2000	38.472	5.997	2000	38.460	5.973	2000	
24.597	18.313	33	25.210	15.727	259	30.617	19.640	1276	36.304	21.986	1956	33.347	12.855	2000	31.207	6.727	2000	30.568	5.685	2000	30.411	5.473	2000	30.413	5.475	2000	
45.286	26.294	271	45.286	26.294	271	64.005	38.783	1210	85.388	53.472	1923	75.231	25.481	2000	70.665	12.168	2000	69.896	8.379	2000	69.439	7.864	2000	69.267	7.741	2000	
48.168	27.652	263	48.168	27.652	263	66.065	40.489	1165	98.296	64.565	1911	87.533	38.321	2000	82.102	14.305	2000	80.457	9.300	2000	80.097	8.491	2000	79.752	8.263	2000	
52.237	30.484	276	52.237	30.484	276	73.634	47.292	1112	103.267	66.599	1902	93.113	39.890	2000	86.683	15.625	2000	85.441	9.614	2000	85.019	8.338	2000	84.693	8.212	2000	
48.626	27.801	281	48.626	27.801	281	71.877	45.565	1098	106.628	69.976	1897	96.089	37.106	2000	89.545	16.362	2000	88.191	9.883	2000	87.821	8.596	2000	87.424	8.405	2000	
49.634	31.418	226	49.634	31.418	226	72.504	49.406	1107	102.982	66.205	1898	96.085	42.858	1999	89.252	16.892	2000	87.437	10.288	2000	87.075	8.937	2000	86.755	8.815	2000	
49.191	30.900	246	49.191	30.900	246	72.582	45.871	1073	100.637	63.862	1909	90.296	35.563	2000	85.276	14.883	2000	84.217	9.860	2000	83.745	8.530	2000	83.415	8.351	2000	
49.366	31.609	238	49.366	31.609	238	68.581	44.716	1102	95.394	60.687	1907	84.607	34.154	2000	79.765	14.378	2000	78.715	9.436	2000	78.408	8.424	2000	78.117	8.299	2000	
45.759	25.848	292	45.759	25.848	292	65.628	44.091	1216	87.256	55.758	1927	76.284	25.056	2000	72.601	12.192	2000	71.624	8.585	2000	71.216	7.971	2000	70.993	7.790	2000	
47.626	31.755	318	47.626	31.755	318	61.401	37.537	1296	76.122	47.351	1963	67.577	23.852	2000	63.218	10.663	2000	62.625	8.211	2000	62.247	7.742	2000	62.130	7.648	2000	
40.947	23.645	356	40.947	23.645	356	54.370	34.199	1329	65.509	41.338	1964	56.243	18.185	2000	53.578	9.176	2000	52.886	7.198	2000	52.452	6.970	2000	52.419	6.910	2000	
37.675	21.550	334	37.675	21.550	334	47.765	29.220	1415	53.387	33.709	1973	45.924	13.342	2000	44.288	7.993	2000	43.846	6.788	2000	43.588	6.621	2000	43.586	6.616	2000	
31.946	18.954	422	31.946	18.954	422	39.501	23.598	1524	41.183	23.622	1989	36.434	9.900	2000	35.328	6.464	2000	34.912	5.882	2000	34.768	5.696	2000	34.768	5.695	2000	
54.976	33.301	884	54.976	33.301	884	72.017	45.098	1405	91.461	57.603	1972	77.566	22.511	2000	74.828	11.794	2000	73.727	8.534	2000	73.486	8.192	2000	73.351	8.084	2000	
58.636	37.880	851	58.636	37.880	851	73.522	45.859	1403	92.890	55.666	1957	83.759	30.044	2000	79.255	13.066	2000	78.181	8.977	2000	77.814	8.397	2000	77.611	8.284	2000	
57.745	35.924	852	57.745	35.924	852	73.506	42.994	1372	94.235	57.063	1962	83.990	26.691	2000	79.981	12.769	2000	78.799	8.810	2000	78.444	8.241	2000	78.264	8.131	2000	
56.779	33.851	828	56.779	33.851	828	71.318	43.251	1386	93.414	57.833	1968	81.612	26.704	2000	77.950	12.036	2000	77.096	8.669	2000	76.761	8.179	2000	76.512	8.017	2000	
57.291	36.134	899	57.291	36.134	899	69.908	43.412	1439	87.988	54.546	1968	76.166	23.784	2000	73.658	11.694	2000	72.970	8.533	2000	72.564	8.054	2000	72.431	7.965	2000	
52.785	33.334	894	52.785	33.334	894	65.876	39.645	1441	81.741	50.976	1977	70.061	20.115	2000	67.736	10.224	2000	67.520	8.372	2000	67.134	7.812	2000	67.041	7.719	2000	
50.535	30.875	967	50.535	30.875	967	62.901	39.026	1515	72.480	44.289	1984	63.720	19.198	2000	61.258	9.914	2000	60.713	7.821	2000	60.289	7.556	2000	60.247	7.496	2000	
46.831	29.263	1027	46.831	29.263	1027	56.237	36.140	1582	61.359	36.844	1991	55.703	15.627	2000	53.812	8.780	2000	53.150	7.066	2000	52.777	6.898	2000	52.771	6.881	2000	
41.985	26.258	1125	41.985	26.258	1125	50.446	32.090	1674	53.621	31.591	1990	46.657	12.394	2000	45.399	7.603	2000	44.876	6.697	2000	44.614	6.427	2000	44.614	6.427	2000	
36.493	21.788	1209	36.493	21.788	1209	40.350	25.923	1726	40.607	21.692	1999	36.873	8.930	2000	36.001	6.158	2000	35.599	5.793	2000	35.523	5.690	2000	35.523	5.690	2000	
57.028	36.473	1312	57.028	36.473	1312	61.423	40.072	1555	68.637	42.160	1984	61.112	17.160	2000	58.505	8.791	2000	58.149	7.325	2000	57.788	7.080	2000	57.776	7.063	2000	
62.943	38.073	1212	62.943	38.073	1212	70.434	43.668	1484	80.544	49.959	1974	69.134	19.401	2000	67.176	10.294	2000	66.763	8.045	2000	66.254	7.676	2000	66.209	7.613	2000	
64.449	40.742	1244	64.449	40.742	1244	69.599	42.747	1474	82.807	48.922	1982	71.512	19.818	2000	69.122	10.384	2000	68.418	8.112	2000	68.030	7.792	2000	67.968	7.728	2000	
63.094	40.544	1298	63.094	40.544	1298	69.761	44.986	1520	81.765	50.481	1980	70.933	19.888	2000	68.016	10.106	2000	67.584	8.083	2000	67.186	7.820	2000	67.135	7.757	2000	
63.522	39.568	1253	63.522	39.568	1253	68.940	44.604	1500	77.701	44.399	1986	67.737	17.531	2000	65.729	9.973	2000	65.327	8.007	2000	64.881	7.655	2000	64.835	7.576	2000	
60.574	37.663	1294	60.574	37.663	1294	64.444	40.232	1507	73.624	45.285	1977	64.651	22.441	2000	61.950	9.935	2000	61.345	7.740	2000	60.914	7.485	2000	60.893	7.454	2000	
57.280	37.973	1361	57.280	37.973	1361	60.663	39.228	1605	64.922	36.358	1982	57.754	15.292	2000	56.512	8.833	2000	55.949	7.451	2000	55.601	7.175	2000	55.590	7.156	2000	
50.716	32.740	1384	50.716	32.740	1384	54.932	34.201	1627	58.514	32.657	1992	51.491	12.465	2000	50.190	7.950	2000	49.704	6.992	2000	49.394	6.715	2000	49.394	6.711	2000	
46.532	30.385	1459	46.532	30.385	1459	49.291	31.068	1701	48.840	26.297	1997	44.037	10.387	2000	42.941	7.064	2000	42.438	6.386	2000	42.263	6.216	2000	42.264	6.217	2000	
38.020	23.728	1569	38.020	23.728	1569	39.371	24.427	1759	39.005	20.742	1999	35.391	8.183	2000	34.797	6.118	2000	34.298	5.684	2000	34.258	5.611	2000	34.258	5.611	2000	
43.100	23.582	1715	43.100	23.582	1715	43.102	24.128	1775	39.826	13.734	1999	37.773	6.923	2000	37.098	5.962	2000	36.854	5.729	2000	36.854	5.728	2000	36.854	5.728	2000	
55.704	32.882	1682	55.704	32.882	1682	55.266	32.084	1755	50.176	17.575	1997	47.816	8.685	2000	47.203	6.748	2000	46.800	6.506	2000	46.774	6.463	2000	46.774	6.463	2000	
66.220	39.561	1666	66.220	39.561	1666	65.250	37.733	1728	59.901	26.054	1999	55.217	9.813	2000	54.468	7.456	2000	54.093	7.135	2000	54.015	7.039	2000	54.015	7.039	2000	
69.571	44.558	1630	69.571	44.558	1630	69.790	44.750	1699	62.790	25.172	1994	58.304	10.467	2000	57.412	7.647	2000	57.022	7.239	2000	56.925	7.158	2000	56.925	7.158	2000	
69.722	43.927	1642	69.722	43.927	1642	69.833	43.629	1701	63.382	25.208	1998	58.742	10.830	2000	57.811	7.862	2000	57.416	7.306	2000	57.316	7.207	2000	57.315	7.205	2000	
69.175	40.687	1646	69.175	40.687	1646	69.423	39.792	1710	62.785	25.993	1994	56.983	10.293	2000	56.342	7.601	2000	55.956	7.136	2000	55.864	7.045	2000	55.864	7.044	2000	
64.667	40.415	1667	64.667	40.415	1667	65.063	40.391	1731	58.370	23.946	2000	54.329	10.147	2000	53.519	7.554	2000	53.080	7.116	2000	53.004	7.045	2000	53.004	7.045	2000	
60.866	36.895	1665	60.866	36.895	1665	60.597	35.911	1741	53.910	21.830	1999	50.278	9.067	2000	49.437	6.917	2000	48.973	6.617	2000	48.934	6.547	2000	48.934	6.547	2000	
53.295	31.920	1679	53.295	31.920	1679	52.591	30.781	1740	47.752	18.244	1998	44.953	8.314	2000	44.293	6.713	2000	43.913	6.376	2000	43.896	6.342	2000	43.896	6.342	2000	
45.874	26.117	1713	45.874	26.117	1713	44.952	25.557	1779	41.276	16.362	1999	38.818	7.304	2000	38.304	6.196	2000	38.066	5.959	2000	38.065	5.959	2000	38.065	5.959	2000	
37.537	21.843	1720	37.537	21.843	1720	37.214	21.654	1771	33.270	11.622	1999	31.687	6.272	2000	31.237	5.632	2000	31.115	5.474	2000	31.115	5.474	2000	31.115	5.474	2000	
23.876	4.842	2000	23.876	4.842	2000	23.876	4.842	2000	23.876	4.842	2000	23.876	4.842	2000	23.876	4.842	2000	23.755	4.702	2000	23.754	4.696	2000	23.754	4.696	2000	
32.043	5.645	2000	32.043	5.645	2000	32.043	5.645	2000	32.043	5.645	2000	32.043	5.645	2000	32.043	5.645	2000	31.720	5.326	2000	31.683	5.257	2000	31.683	5.257	2000	
39.302	6.608	2000	39.302	6.608	2000	39.302	6.608	2000	39.302	6.608	2000	39.302	6.608	2000	39.302	6.608	2000	38.850	6.104	2000	38.719	5.933	2000	38.721	5.934	2000	
44.185	7.183	2000	44.185	7.183	2000	44.185	7.183	2000	44.185	7.183	2000	44.185	7.183	2000	44.185	7.183	2000	43.780	6.487	2000	43.613	6.338	2000	43.614	6.340	2000	
47.000	7.304	2000	47.000	7.304	2000	47.000	7.304	2000	47.000	7.304	2000	47.000	7.304	2000	47.000	7.304	2000	46.711	6.760	2000	46.481	6.599	2000	46.481	6.596	2000	
47.865	7.320	2000	47.865	7.320	2000	47.865	7.320	2000	47.865	7.320	2000	47.865	7.320	2000	47.865	7.320	2000	47.640	6.713	2000	47.322	6.473	2000	47.324	6.474	2000	
47.236	7.588	2000	47.236	7.588	2000	47.236	7.588	2000	47.236	7.588	2000	47.236	7.588	2000	47.236	7.588	2000	46.720	6.749	2000	46.460	6.511	2000	46.460	6.509	2000	
44.931	7.268	2000	44.931	7.268	2000	44.931	7.268	2000	44.931	7.268	2000	44.931	7.268	2000	44.931	7.268	2000	44.559	6.667	2000	44.345	6.478	2000	44.346	6.478	2000	
42.032	7.040	2000	42.032	7.040	2000	42.032	7.040	2000	42.032	7.040	2000	42.032	7.040	2000	42.032	7.040	2000	41.483	6.467	2000	41.313	6.267	2000	41.313	6.266	2000	
37.745	6.278	2000	37.745	6.278	2000	37.745	6.278	2000	37.745	6.278	2000	37.745	6.278	2000	37.745	6.278	2000	37.406	5.953	2000	37.313	5.850	2000	37.313	5.850	2000	
33.071	5.801	2000	33.071	5.801	2000	33.071	5.801	2000	33.071	5.801	2000	33.071	5.801	2000	33.071	5.801	2000	32.705	5.552	2000	32.676	5.497	2000	32.676	5.497	2000	
26.909	5.357	2000	26.909	5.357	2000	26.909	5.357	2000	26.909	5.357	2000	26.909	5.357	2000	26.909	5.357	2000	26.638	4.996	2000	26.622	4.957	2000	26.622	4.957	2000	
20.418	4.549	2000	20.418	4.549	2000	20.418	4.549	2000	20.418	4.549	2000	20.418	4.549	2000	20.418	4.549	2000	20.347	4.415	2000	20.348	4.418	2000	20.348	4.418	2000	
24.535	14.517	1422	24.535	14.517	1422	24.776	15.053	1489	24.039	11.955	1995	21.653	5.627	2000	21.089	4.733	2000	20.918	4.503	2000	20.917	4.500	2000	20.917	4.500	2000	
30.736	18.344	1364	30.736	18.344	1364	30.830	18.160	1446	30.231	15.073	1988	27.818	7.724	2000	26.999	5.400	2000	26.607	4.922	2000	26.594	4.899	2000	26.594	4.899	2000	
36.401	22.499	1381	36.401	22.499	1381	36.810	22.804	1437	36.516	19.614	1979	32.677	8.669	2000	31.739	5.899	2000	31.227	5.357	2000	31.189	5.300	2000	31.189	5.300	2000	
40.329	24.331	1329	40.329	24.331	1329	41.256	25.649	1398	41.795	22.238	1984	36.791	10.514	2000	35.391	6.342	2000	34.919	5.695	2000	34.852	5.638	2000	34.852	5.638	2000	
41.818	26.547	1374	41.818	26.547	1374	42.226	26.633	1436	43.801	24.250	1985	38.893	10.326	2000	37.743	6.690	2000	37.149	5.951	2000	37.012	5.773	2000	37.012	5.771	2000	
43.806	27.964	1308	43.806	27.964	1308	43.486	27.299	1389	44.745	24.287	1976	39.830	10.889	2000	38.377	6.756	2000	37.907	6.246	2000	37.759	6.023	2000	37.760	6.024	2000	
42.452	25.944	1299	42.452	25.944	1299	42.763	25.901	1363	44.119	26.587	1972	39.175	10.794	2000	37.977	6.682	2000	37.516	6.018	2000	37.389	5.860	2000	37.389	5.858	2000	
42.054	26.912	1311	42.054	26.912	1311	42.127	26.680	1387	42.767	22.587	1983	38.151	10.780	2000	36.548	6.528	2000	36.053	5.967	2000	35.953	5.837	2000	35.953	5.838	2000	
39.270	24.123	1330	39.270	24.123	1330	39.266	24.622	1413	39.364	21.809	1986	35.125	8.707	2000	34.169	6.136	2000	33.732	5.736	2000	33.657	5.622	2000	33.657	5.622	2000	
34.986	21.761	1338	34.986	21.761	1338	35.387	22.560	1421	35.567	18.342	1984	32.128	8.408	2000	31.028	5.747	2000	30.627	5.382	2000	30.588	5.309	2000	30.588	5.309	2000	
31.970	20.285	1431	31.970	20.285	1431	31.602	20.159	1490	31.009	16.958	1984	27.975	7.723	2000	27.134	5.340	2000	26.835	4.940	2000	26.826	4.930	2000	26.826	4.930	2000	
26.834	15.761	1446	26.834	15.761	1446	26.507	15.099	1510	26.001	12.948	1996	23.534	6.206	2000	22.793	4.839	2000	22.636	4.652	2000	22.633	4.645	2000	22.633	4.645	2000	
21.295	13.029	1432	21.295	13.029	1432	21.115	12.656	1497	20.103	9.382	1994	18.470	5.138	2000	17.955	4.282	2000	17.880	4.154	2000	17.880	4.154	2000	17.880	4.154	2000	
14.115	7.474	1997	14.115	7.474	1997	14.115	7.474	1997	14.115	7.474	1997	13.050	4.687	2000	12.543	3.546	2000	12.473	3.411	2000	12.472	3.407	2000	12.472	3.407	2000	
19.885	11.072	1988	19.885	11.072	1988	19.885	11.072	1988	19.885	11.072	1988	18.059	6.123	2000	17.177	4.347	2000	16.921	3.959	2000	16.916	3.947	2000	16.916	3.947	2000	
24.545	13.820	1988	24.545	13.820	1988	24.545	13.820	1988	24.545	13.820	1988	22.526	7.461	2000	21.663	5.320	2000	21.204	4.591	2000	21.167	4.514	2000	21.168	4.515	2000	
29.496	17.830	1980	29.496	17.830	1980	29.496	17.830	1980	29.496	17.830	1980	26.424	9.169	2000	25.102	5.575	2000	24.567	4.889	2000	24.473	4.741	2000	24.473	4.740	2000	
32.416	19.876	1977	32.416	19.876	1977	32.416	19.876	1977	32.416	19.876	1977	29.210	11.260	2000	27.514	5.932	2000	27.046	5.198	2000	26.898	4.989	2000	26.899	4.991	2000	
34.430	20.621	1971	34.430	20.621	1971	34.430	20.621	1971	34.430	20.621	1971	31.819	14.255	2000	29.501	6.697	2000	28.834	5.481	2000	28.630	5.257	2000	28.631	5.257	2000	
35.209	22.144	1971	35.209	22.144	1971	35.209	22.144	1971	35.209	22.144	1971	31.904	12.677	2000	30.163	6.630	2000	29.534	5.433	2000	29.356	5.245	2000	29.355	5.241	2000	
35.007	20.666	1962	35.007	20.666	1962	35.007	20.666	1962	35.007	20.666	1962	31.679	12.041	2000	29.904	6.721	2000	29.336	5.403	2000	29.089	5.173	2000	29.089	5.172	2000	
33.908	20.274	1976	33.908	20.274	1976	33.908	20.274	1976	33.908	20.274	1976	30.514	11.867	2000	28.956	6.097	2000	28.449	5.322	2000	28.253	5.072	2000	28.253	5.070	2000	
32.112	18.802	1975	32.112	18.802	1975	32.112	18.802	1975	32.112	18.802	1975	28.332	9.733	2000	27.252	6.136	2000	26.611	5.306	2000	26.452	5.116	2000	26.453	5.117	2000	
28.740	16.902	1972	28.740	16.902	1972	28.740	16.902	1972	28.740	16.902	1972	26.220	9.836	2000	24.745	5.753	2000	24.269	4.947	2000	24.187	4.843	2000	24.187	4.842	2000	
25.130	14.409	1988	25.130	14.409	1988	25.130	14.409	1988	25.130	14.409	1988	22.894	8.373	2000	21.881	5.485	2000	21.418	4.803	2000	21.366	4.699	2000	21.367	4.700	2000	
21.114	11.139	1989	21.114	11.139	1989	21.114	11.139	1989	21.114	11.139	1989	19.584	7.036	2000	18.761	4.600	2000	18.408	4.143	2000	18.401	4.131	2000	18.401	4.131	2000	
16.536	8.766	1991	16.536	8.766	1991	16.536	8.766	1991	16.536	8.766	1991	15.387	5.377	2000	14.729	4.025	2000	14.585	3.768	2000	14.587	3.771	2000	14.587	3.771	2000	
8.225	5.009	992	8.225	5.009	992	8.237	5.115	1146	8.128	4.635	1964	7.611	3.047	1998	7.478	2.707	1998	7.476	2.699	1998	7.476	2.699	1998	7.476	2.699	1998	
11.858	7.092	1001	11.858	7.092	1001	11.745	6.898	1178	11.463	5.979	1977	10.729	3.961	2000	10.402	3.292	2000	10.368	3.191	2000	10.368	3.192	2000	10.368	3.192	2000	
15.235	9.251	989	15.235	9.251	989	15.326	9.359	1192	15.210	7.925	1972	14.212	5.381	2000	13.548	3.802	2000	13.426	3.571	2000	13.424	3.564	2000	13.424	3.564	2000	
18.530	11.955	964	18.530	11.955	964	18.556	11.094	1158	18.929	10.752	1964	17.239	5.855	2000	16.579	4.392	2000	16.305	3.983	2000	16.295	3.959	2000	16.295	3.959	2000	
20.527	12.828	906	20.527	12.828	906	20.356	12.953	1097	22.031	12.924	1952	20.059	7.395	2000	18.993	4.973	2000	18.592	4.339	2000	18.565	4.292	2000	18.565	4.292	2000	
21.326	12.364	909	21.326	12.364	909	22.213	13.224	1100	23.923	13.804	1947	22.053	8.501	2000	20.757	4.915	2000	20.387	4.409	2000	20.347	4.334	2000	20.347	4.333	2000	
22.678	13.327	887	22.678	13.327	887	23.018	13.416	1060	25.715	15.362	1947	23.183	8.959	2000	22.339	5.624	2000	21.775	4.790	2000	21.694	4.635	2000	21.694	4.635	2000	
22.789	13.451	878	22.789	13.451	878	23.798	13.836	1067	26.398	15.875	1930	23.659	9.041	2000	22.820	5.536	2000	22.252	4.576	2000	22.159	4.443	2000	22.159	4.443	2000	
23.442	13.932	883	23.442	13.932	883	23.803	14.425	1086	26.847	17.180	1936	23.995	9.554	2000	22.713	5.347	2000	22.174	4.685	2000	22.102	4.563	2000	22.102	4.562	2000	
22.900	13.186	916	22.900	13.186	916	23.241	13.519	1097	25.085	14.568	1946	23.373	9.944	2000	22.028	5.318	2000	21.495	4.636	2000	21.441	4.534	2000	21.441	4.534	2000	
21.067	11.739	874	21.067	11.739	874	21.588	12.014	1085	24.301	14.992	1952	21.832	7.678	2000	20.685	5.169	2000	20.291	4.512	2000	20.230	4.398	2000	20.230	4.398	2000	
19.782	11.444	918	19.782	11.444	918	20.006	11.247	1084	22.243	13.550	1946	20.034	7.877	2000	18.947	4.827	2000	18.633	4.359	2000	18.606	4.295	2000	18.606	4.294	2000	
17.996	10.969	945	17.996	10.969	945	18.018	10.650	1121	19.155	10.828	1961	17.704	6.333	2000	16.900	4.467	2000	16.633	4.112	2000	16.622	4.080	2000	16.622	4.080	2000	
15.839	9.882	965	15.839	9.882	965	16.002	9.861	1164	16.249	9.056	1960	15.056	5.332	2000	14.356	3.945	2000	14.182	3.667	2000	14.182	3.664	2000	14.182	3.664	2000	
12.990	7.712	975	12.990	7.712	975	12.961	7.487	1173	12.915	6.922	1965	11.936	4.422	2000	11.406	3.463	2000	11.353	3.342	2000	11.355	3.345	2000	11.355	3.345	2000	
9.435	5.529	1036	9.435	5.529	1036	9.446	5.685	1209	9.215	4.823	1973	8.600	3.475	1999	8.380	2.897	1999	8.375	2.886	1999	8.375	2.886	1999	8.375	2.886	1999	
2.640	1.671	380	2.640	1.671	380	2.655	1.530	893	2.653	1.486	1734	2.631	1.384	1784	2.633	1.388	1784	2.633	1.388	1784	2.633	1.388	1784	2.633	1.388	1784	
4.444	2.489	416	4.444	2.489	416	4.586	2.625	950	4.517	2.476	1918	4.379	2.084	1971	4.359	2.012	1971	4.359	2.011	1971	4.359	2.011	1971	4.359	2.011	1971	
7.024	5.024	423	7.024	5.024	423	6.872	4.563	1003	6.636	3.680	1937	6.261	2.641	1997	6.192	2.500	1997	6.190	2.494	1997	6.190	2.494	1997	6.190	2.494	1997	
9.387	5.446	373	9.387	5.446	373	9.395	5.935	940	9.038	4.638	1941	8.378	3.172	1999	8.216	2.830	1999	8.207	2.807	1999	8.207	2.807	1999	8.207	2.807	1999	
11.979	6.932	422	11.979	6.932	422	12.088	7.624	977	11.539	6.120	1953	10.717	4.155	2000	10.291	3.126	2000	10.272	3.077	2000	10.272	3.076	2000	10.272	3.076	2000	
14.619	9.561	403	14.619	9.561	403	14.189	8.703	971	13.885	7.834	1941	12.820	4.902	2000	12.270	3.609	2000	12.183	3.434	2000	12.183	3.431	2000	12.183	3.431	2000	
15.291	9.668	361	15.291	9.668	361	15.784	9.551	893	15.950	9.112	1935	14.539	5.593	2000	13.867	3.890	2000	13.729	3.625	2000	13.726	3.617	2000	13.726	3.617	2000	
16.971	10.058	359	16.971	10.058	359	16.612	9.688	905	17.273	9.605	1921	16.160	5.994	2000	15.270	4.232	2000	15.053	3.802	2000	15.047	3.787	2000	15.047	3.787	2000	
17.563	10.614	359	17.563	10.614	359	17.761	10.493	943	18.519	10.454	1939	16.887	6.265	2000	16.155	4.520	2000	15.873	3.924	2000	15.869	3.914	2000	15.869	3.914	2000	
17.534	9.986	369	17.534	9.986	369	18.214	10.118	909	19.053	10.435	1915	17.457	6.022	2000	16.590	4.333	2000	16.353	3.930	2000	16.346	3.911	2000	16.346	3.911	2000	
18.821	10.590	365	18.821	10.590	365	18.802	11.259	928	19.001	10.600	1922	17.533	6.571	2000	16.635	4.501	2000	16.364	4.072	2000	16.348	4.002	2000	16.348	4.002	2000	
18.664	10.773	357	18.664	10.773	357	19.142	11.804	898	18.407	10.056	1914	16.936	6.147	1999	16.226	4.426	2000	15.965	3.970	2000	15.963	3.959	2000	15.963	3.959	2000	
16.888	10.011	351	16.888	10.011	351	17.280	10.446	902	17.448	9.538	1909	16.106	6.191	2000	15.200	4.135	2000	15.016	3.825	2000	15.008	3.798	2000	15.008	3.798	2000	
16.670	10.366	388	16.670	10.366	388	16.833	10.576	920	16.532	9.234	1924	14.853	5.297	2000	14.183	3.993	2000	14.018	3.680	2000	14.017	3.675	2000	14.017	3.675	2000	
14.360	8.032	408	14.360	8.032	408	14.498	8.639	901	14.177	7.342	1934	13.198	4.902	2000	12.543	3.632	2000	12.479	3.444	2000	12.479	3.441	2000	12.479	3.441	2000	
12.523	7.442	372	12.523	7.442	372	12.331	7.294	942	12.150	6.398	1924	11.125	4.263	1999	10.728	3.319	1999	10.688	3.195	1999	10.688	3.194	1999	10.688	3.194	1999	
9.941	6.419	415	9.941	6.419	415	10.234	6.392	983	9.880	5.511	1938	9.098	3.638	1999	8.838	3.009	1999	8.823	2.971	1999	8.823	2.971	1999	8.823	2.971	1999	
7.351	4.515	392	7.351	4.515	392	7.586	4.610	933	7.390	4.044	1946	6.912	2.838	1998	6.794	2.593	1998	6.794	2.592	1998	6.794	2.592	1998	6.794	2.592	1998	
3.277	2.617	129	3.277	2.617	129	2.761	1.660	897	2.686	1.538	1766	2.670	1.449	1827	2.669	1.446	1827	2.669	1.446	1827	2.669	1.446	1827	2.669	1.446	1827	
3.981	2.511	132	3.981	2.511	132	4.000	2.584	952	3.845	2.121	1880	3.782	1.931	1941	3.767	1.853	1941	3.767	1.853	1941	3.767	1.853	1941	3.767	1.853	1941	
5.001	3.249	157	5.001	3.249	157	5.309	3.189	1000	5.101	2.753	1936	4.929	2.210	1982	4.911	2.164	1982	4.911	2.161	1982	4.911	2.161	1982	4.911	2.161	1982	
7.130	3.778	151	7.130	3.778	151	6.988	4.113	941	6.679	3.394	1933	6.403	2.626	1995	6.320	2.439	1995	6.320	2.438	1995	6.320	2.438	1995	6.320	2.438	1995	
9.378	6.016	147	9.378	6.016	147	8.646	5.258	952	8.337	4.360	1948	7.812	3.062	2000	7.674	2.696	2000	7.673	2.690	2000	7.673	2.690	2000	7.673	2.690	2000	
9.773	5.800	140	9.773	5.800	140	10.186	6.323	964	9.843	5.379	1939	9.079	3.395	2000	8.890	2.984	2000	8.875	2.946	2000	8.875	2.946	2000	8.875	2.946	2000	
11.366	6.718	136	11.366	6.718	136	11.496	6.858	944	11.158	5.963	1912	10.504	4.203	2000	10.070	3.154	2000	10.031	3.045	2000	10.032	3.045	2000	10.032	3.045	2000	
12.625	7.017	133	12.625	7.017	133	12.311	6.791	928	12.389	6.980	1930	11.345	4.149	2000	10.978	3.455	2000	10.918	3.305	2000	10.916	3.300	2000	10.916	3.300	2000	
13.779	9.172	144	13.779	9.172	144	13.249	7.955	920	13.222	7.476	1924	12.057	4.363	2000	11.668	3.501	2000	11.604	3.379	2000	11.604	3.375	2000	11.604	3.375	2000	
11.981	7.306	128	11.981	7.306	128	13.651	8.176	896	13.548	7.535	1920	12.609	5.090	2000	11.965	3.583	2000	11.864	3.391	2000	11.862	3.380	2000	11.862	3.380	2000	
13.757	8.345	153	13.757	8.345	153	13.756	8.455	979	13.514	7.146	1927	12.523	4.776	2000	11.889	3.531	2000	11.815	3.379	2000	11.815	3.376	2000	11.815	3.376	2000	
13.440	7.730	141	13.440	7.730	141	14.005	8.422	924	13.502	7.475	1937	12.351	4.666	2000	11.767	3.495	2000	11.686	3.344	2000	11.685	3.340	2000	11.685	3.340	2000	
12.306	7.380	153	12.306	7.380	153	12.844	8.244	937	12.622	7.553	1918	11.632	4.911	2000	11.052	3.436	2000	10.990	3.316	2000	10.991	3.316	2000	10.991	3.316	2000	
12.012	7.070	143	12.012	7.070	143	12.100	7.661	974	11.419	6.294	1932	10.634	4.054	1999	10.277	3.294	1999	10.235	3.194	1999	10.235	3.193	1999	10.235	3.193	1999	
10.427	6.014	144	10.427	6.014	144	10.445	6.264	978	10.098	5.453	1939	9.516	3.896	1999	9.178	3.034	1999	9.164	3.011	1999	9.164	3.010	1999	9.164	3.010	1999	
8.354	5.812	127	8.354	5.812	127	9.042	5.211	970	8.832	4.843	1922	8.247	3.375	1997	8.050	2.867	1997	8.041	2.844	1997	8.041	2.845	1997	8.041	2.845	1997	
7.531	4.181	147	7.531	4.181	147	7.471	4.559	975	7.111	3.825	1941	6.761	2.800	2000	6.695	2.599	2000	6.696	2.597	2000	6.696	2.597	2000	6.696	2.597	2000	
5.792	3.535	118	5.792	3.535	118	5.543	3.333	952	5.359	2.779	1934	5.204	2.300	1985	5.177	2.208	1985	5.176	2.205	1985	5.176	2.205	1985	5.176	2.205	1985	
2.372	1.249	1737	2.372	1.249	1737	2.372	1.249	1737	2.372	1.249	1737	2.372	1.249	1737	2.372	1.249	1737	2.372	1.249	1737	2.372	1.249	1737	2.372	1.249	1737	
3.044	1.591	1892	3.044	1.591	1892	3.044	1.591	1892	3.044	1.591	1892	3.044	1.591	1892	3.044	1.591	1892	3.044	1.591	1892	3.044	1.591	1892	3.044	1.591	1892	
3.862	1.863	1951	3.862	1.863	1951	3.862	1.863	1951	3.862	1.863	1951	3.862	1.863	1951	3.862	1.863	1951	3.862	1.863	1951	3.862	1.863	1951	3.862	1.863	1951	
4.670	2.103	1987	4.670	2.103	1987	4.670	2.103	1987	4.670	2.103	1987	4.670	2.103	1987	4.670	2.103	1987	4.670	2.103	1987	4.670	2.103	1987	4.670	2.103	1987	
5.642	2.367	1993	5.642	2.367	1993	5.642	2.367	1993	5.642	2.367	1993	5.642	2.367	1993	5.642	2.367	1993	5.642	2.367	1993	5.642	2.367	1993	5.642	2.367	1993	
6.457	2.478	2000	6.457	2.478	2000	6.457	2.478	2000	6.457	2.478	2000	6.457	2.478	2000	6.456	2.477	2000	6.456	2.477	2000	6.456	2.477	2000	6.456	2.477	2000	
7.215	2.636	1999	7.215	2.636	1999	7.215	2.636	1999	7.215	2.636	1999	7.215	2.636	1999	7.212	2.623	1999	7.212	2.623	1999	7.212	2.623	1999	7.212	2.623	1999	
7.856	2.732	1999	7.856	2.732	1999	7.856	2.732	1999	7.856	2.732	1999	7.856	2.732	1999	7.855	2.732	1999	7.855	2.731	1999	7.855	2.731	1999	7.855	2.731	1999	
8.220	2.799	1998	8.220	2.799	1998	8.220	2.799	1998	8.220	2.799	1998	8.220	2.799	1998	8.221	2.799	1998	8.221	2.799	1998	8.221	2.799	1998	8.221	2.799	1998	
8.450	2.896	2000	8.450	2.896	2000	8.450	2.896	2000	8.450	2.896	2000	8.450	2.896	2000	8.445	2.890	2000	8.445	2.890	2000	8.445	2.890	2000	8.445	2.890	2000	
8.491	2.948	1999	8.491	2.948	1999	8.491	2.948	1999	8.491	2.948	1999	8.491	2.948	1999	8.484	2.931	1999	8.484	2.931	1999	8.484	2.931	1999	8.484	2.931	1999	
8.306	2.869	2000	8.306	2.869	2000	8.306	2.869	2000	8.306	2.869	2000	8.306	2.869	2000	8.304	2.865	2000	8.304	2.866	2000	8.304	2.866	2000	8.304	2.866	2000	
7.924	2.768	1999	7.924	2.768	1999	7.924	2.768	1999	7.924	2.768	1999	7.924	2.768	1999	7.921	2.763	1999	7.921	2.763	1999	7.921	2.763	1999	7.921	2.763	1999	
7.305	2.697	2000	7.305	2.697	2000	7.305	2.697	2000	7.305	2.697	2000	7.305	2.697	2000	7.305	2.697	2000	7.305	2.697	2000	7.305	2.697	2000	7.305	2.697	2000	
6.625	2.552	1995	6.625	2.552	1995	6.625	2.552	1995	6.625	2.552	1995	6.625	2.552	1995	6.625	2.551	1995	6.625	2.551	1995	6.625	2.551	1995	6.625	2.551	1995	
5.881	2.377	1995	5.881	2.377	1995	5.881	2.377	1995	5.881	2.377	1995	5.881	2.377	1995	5.881	2.377	1995	5.881	2.377	1995	5.881	2.377	1995	5.881	2.377	1995	
4.913	2.180	1982	4.913	2.180	1982	4.913	2.180	1982	4.913	2.180	1982	4.913	2.180	1982	4.913	2.179	1982	4.913	2.179	1982	4.913	2.179	1982	4.913	2.179	1982	
3.919	1.892	1950	3.919	1.892	1950	3.919	1.892	1950	3.919	1.892	1950	3.919	1.892	1950	3.919	1.892	1950	3.919	1.892	1950	3.919	1.892	1950	3.919	1.892	1950	
2.030	1.137	1247	2.030	1.137	1247	2.030	1.137	1247	2.018	1.140	1576	2.023	1.132	1624	2.023	1.132	1624	2.023	1.132	1624	2.023	1.132	1624	2.023	1.132	1624	
2.484	1.299	1341	2.484	1.299	1341	2.484	1.299	1341	2.476	1.307	1740	2.466	1.304	1798	2.466	1.304	1798	2.466	1.304	1798	2.466	1.304	1798	2.466	1.304	1798	
2.968	1.790	1407	2.968	1.790	1407	2.968	1.790	1407	2.949	1.521	1829	2.940	1.527	1884	2.940	1.527	1884	2.940	1.527	1884	2.940	1.527	1884	2.940	1.527	1884	
3.516	1.869	1417	3.516	1.869	1417	3.516	1.869	1417	3.494	1.824	1880	3.478	1.795	1931	3.478	1.794	1931	3.478	1.794	1931	3.478	1.794	1931	3.478	1.794	1931	
4.020	2.025	1467	4.020	2.025	1467	4.020	2.025	1467	3.971	1.908	1891	3.968	1.890	1962	3.968	1.889	1962	3.968	1.889	1962	3.968	1.889	1962	3.968	1.889	1962	
4.666	2.180	1461	4.666	2.180	1461	4.666	2.180	1461	4.626	2.126	1934	4.605	2.071	1978	4.606	2.071	1978	4.606	2.071	1978	4.606	2.071	1978	4.606	2.071	1978	
5.315	2.546	1471	5.315	2.546	1471	5.315	2.546	1471	5.177	2.293	1929	5.137	2.207	1993	5.136	2.205	1993	5.136	2.205	1993	5.136	2.205	1993	5.136	2.205	1993	
5.542	2.503	1501	5.542	2.503	1501	5.542	2.503	1501	5.517	2.395	1931	5.461	2.259	1994	5.460	2.259	1994	5.460	2.259	1994	5.460	2.259	1994	5.460	2.259	1994	
5.951	2.914	1481	5.951	2.914	1481	5.951	2.914	1481	5.854	2.533	1929	5.778	2.354	1996	5.777	2.352	1996	5.777	2.352	1996	5.777	2.352	1996	5.777	2.352	1996	
6.027	2.629	1479	6.027	2.629	1479	6.027	2.629	1479	6.012	2.505	1922	5.959	2.358	1994	5.958	2.355	1994	5.958	2.355	1994	5.958	2.355	1994	5.958	2.355	1994	
6.130	2.872	1517	6.130	2.872	1517	6.130	2.872	1517	6.030	2.583	1943	5.957	2.446	1995	5.953	2.438	1995	5.953	2.438	1995	5.953	2.438	1995	5.953	2.438	1995	
5.999	2.849	1463	5.999	2.849	1463	5.999	2.849	1463	5.858	2.598	1926	5.805	2.416	1991	5.807	2.417	1991	5.807	2.417	1991	5.807	2.417	1991	5.807	2.417	1991	
5.744	2.695	1450	5.744	2.695	1450	5.744	2.695	1450	5.667	2.432	1918	5.614	2.337	1990	5.612	2.333	1990	5.612	2.333	1990	5.612	2.333	1990	5.612	2.333	1990	
5.344	2.614	1496	5.344	2.614	1496	5.344	2.614	1496	5.254	2.418	1938	5.206	2.265	1985	5.206	2.265	1985	5.206	2.265	1985	5.206	2.265	1985	5.206	2.265	1985	
4.879	2.368	1483	4.879	2.368	1483	4.879	2.368	1483	4.851	2.247	1918	4.812	2.160	1985	4.813	2.162	1985	4.813	2.162	1985	4.813	2.162	1985	4.813	2.162	1985	
4.307	2.234	1456	4.307	2.234	1456	4.307	2.234	1456	4.236	2.126	1901	4.219	2.037	1962	4.219	2.038	1962	4.219	2.038	1962	4.219	2.038	1962	4.219	2.038	1962	
3.690	1.913	1424	3.690	1.913	1424	3.690	1.913	1424	3.650	1.833	1874	3.641	1.813	1933	3.641	1.814	1933	3.641	1.814	1933	3.641	1.814	1933	3.641	1.814	1933	
2.957	1.617	1388	2.957	1.617	1388	2.957	1.617	1388	2.956	1.582	1827	2.946	1.574	1873	2.946	1.574	1873	2.946	1.574	1873	2.946	1.574	1873	2.946	1.574	1873	
1.689	0.893	1380	1.689	0.893	1380	1.689	0.893	1380	1.689	0.893	1380	1.689	0.893	1380	1.689	0.893	1380	1.689	0.893	1380	1.689	0.893	1380	1.689	0.893	1380	
2.043	1.086	1590	2.043	1.086	1590	2.043	1.086	1590	2.043	1.086	1590	2.043	1.086	1590	2.043	1.086	1590	2.043	1.086	1590	2.043	1.086	1590	2.043	1.086	1590	
2.306	1.282	1731	2.306	1.282	1731	2.306	1.282	1731	2.306	1.282	1731	2.306	1.282	1731	2.306	1.282	1731	2.306	1.282	1731	2.306	1.282	1731	2.306	1.282	1731	
2.615	1.368	1819	2.615	1.368	1819	2.615	1.368	1819	2.615	1.368	1819	2.615	1.368	1819	2.615	1.368	1819	2.615	1.368	1819	2.615	1.368	1819	2.615	1.368	1819	
2.942	1.575	1884	2.942	1.575	1884	2.942	1.575	1884	2.942	1.575	1884	2.942	1.575	1884	2.942	1.575	1884	2.942	1.575	1884	2.942	1.575	1884	2.942	1.575	1884	
3.260	1.656	1924	3.260	1.656	1924	3.260	1.656	1924	3.260	1.656	1924	3.260	1.656	1924	3.260	1.656	1924	3.260	1.656	1924	3.260	1.656	1924	3.260	1.656	1924	
3.568	1.784	1937	3.568	1.784	1937	3.568	1.784	1937	3.568	1.784	1937	3.568	1.784	1937	3.568	1.784	1937	3.568	1.784	1937	3.568	1.784	1937	3.568	1.784	1937	
3.857	1.877	1954	3.857	1.877	1954	3.857	1.877	1954	3.857	1.877	1954	3.857	1.877	1954	3.857	1.877	1954	3.857	1.877	1954	3.857	1.877	1954	3.857	1.877	1954	
4.006	1.896	1968	4.006	1.896	1968	4.006	1.896	1968	4.006	1.896	1968	4.006	1.896	1968	4.006	1.896	1968	4.006	1.896	1968	4.006	1.896	1968	4.006	1.896	1968	
4.182	1.977	1960	4.182	1.977	1960	4.182	1.977	1960	4.182	1.977	1960	4.182	1.977	1960	4.182	1.977	1960	4.182	1.977	1960	4.182	1.977	1960	4.182	1.977	1960	
4.111	1.900	1970	4.111	1.900	1970	4.111	1.900	1970	4.111	1.900	1970	4.111	1.900	1970	4.111	1.900	1970	4.111	1.900	1970	4.111	1.900	1970	4.111	1.900	1970	
4.079	1.937	1953	4.079	1.937	1953	4.079	1.937	1953	4.079	1.937	1953	4.079	1.937	1953	4.079	1.936	1953	4.079	1.936	1953	4.079	1.936	1953	4.079	1.936	1953	
3.927	1.842	1947	3.927	1.842	1947	3.927	1.842	1947	3.927	1.842	1947	3.927	1.842	1947	3.927	1.842	1947	3.927	1.842	1947	3.927	1.842	1947	3.927	1.842	1947	
3.765	1.852	1934	3.765	1.852	1934	3.765	1.852	1934	3.765	1.852	1934	3.765	1.852	1934	3.765	1.852	1934	3.765	1.852	1934	3.765	1.852	1934	3.765	1.852	1934	
3.418	1.712	1916	3.418	1.712	1916	3.418	1.712	1916	3.418	1.712	1916	3.418	1.712	1916	3.418	1.712	1916	3.418	1.712	1916	3.418	1.712	1916	3.418	1.712	1916	
3.104	1.610	1893	3.104	1.610	1893	3.104	1.610	1893	3.104	1.610	1893	3.104	1.610	1893	3.104	1.610	1893	3.104	1.610	1893	3.104	1.610	1893	3.104	1.610	1893	
2.693	1.507	1817	2.693	1.507	1817	2.693	1.507	1817	2.693	1.507	1817	2.693	1.507	1817	2.693	1.507	1817	2.693	1.507	1817	2.693	1.507	1817	2.693	1.507	1817	
2.242	1.253	1738	2.242	1.253	1738	2.242	1.253	1738	2.242	1.253	1738	2.242	1.253	1738	2.242	1.253	1738	2.242	1.253	1738	2.242	1.253	1738	2.242	1.253	1738	
