7.973	2.811	1999	7.973	2.811	1999	7.973	2.811	1999	7.973	2.811	1999	7.973	2.811	1999	7.973	2.811	1999	7.973	2.811	1999	7.973	2.811	1999	7.973	2.811	1999	
11.255	3.319	2000	11.255	3.319	2000	11.255	3.319	2000	11.255	3.319	2000	11.255	3.319	2000	11.255	3.319	2000	11.257	3.323	2000	11.258	3.324	2000	11.258	3.324	2000	
14.191	3.507	2000	14.191	3.507	2000	14.191	3.507	2000	14.191	3.507	2000	14.191	3.507	2000	14.191	3.507	2000	14.200	3.522	2000	14.203	3.527	2000	14.203	3.527	2000	
15.515	3.790	2000	15.515	3.790	2000	15.515	3.790	2000	15.515	3.790	2000	15.515	3.790	2000	15.515	3.790	2000	15.532	3.814	2000	15.537	3.824	2000	15.537	3.824	2000	
17.185	4.003	2000	17.185	4.003	2000	17.185	4.003	2000	17.185	4.003	2000	17.185	4.003	2000	17.185	4.003	2000	17.216	4.042	2000	17.227	4.059	2000	17.227	4.059	2000	
17.506	4.071	2000	17.506	4.071	2000	17.506	4.071	2000	17.506	4.071	2000	17.506	4.071	2000	17.506	4.071	2000	17.542	4.117	2000	17.555	4.138	2000	17.555	4.138	2000	
17.223	4.009	2000	17.223	4.009	2000	17.223	4.009	2000	17.223	4.009	2000	17.223	4.009	2000	17.223	4.009	2000	17.256	4.052	2000	17.268	4.071	2000	17.268	4.071	2000	
16.560	3.938	2000	16.560	3.938	2000	16.560	3.938	2000	16.560	3.938	2000	16.560	3.938	2000	16.560	3.938	2000	16.585	3.973	2000	16.595	3.988	2000	16.595	3.988	2000	
15.816	3.959	2000	15.816	3.959	2000	15.816	3.959	2000	15.816	3.959	2000	15.816	3.959	2000	15.816	3.959	2000	15.836	3.989	2000	15.843	4.001	2000	15.843	4.001	2000	
14.734	3.688	2000	14.734	3.688	2000	14.734	3.688	2000	14.734	3.688	2000	14.734	3.688	2000	14.734	3.688	2000	14.747	3.706	2000	14.750	3.713	2000	14.750	3.713	2000	
13.387	3.602	2000	13.387	3.602	2000	13.387	3.602	2000	13.387	3.602	2000	13.387	3.602	2000	13.387	3.602	2000	13.394	3.614	2000	13.396	3.618	2000	13.396	3.618	2000	
11.648	3.442	2000	11.648	3.442	2000	11.648	3.442	2000	11.648	3.442	2000	11.648	3.442	2000	11.648	3.442	2000	11.651	3.448	2000	11.652	3.450	2000	11.652	3.450	2000	
9.589	3.139	2000	9.589	3.139	2000	9.589	3.139	2000	9.589	3.139	2000	9.589	3.139	2000	9.589	3.139	2000	9.590	3.141	2000	9.590	3.142	2000	9.590	3.142	2000	
7.354	2.704	1997	7.354	2.704	1997	7.354	2.704	1997	7.354	2.704	1997	7.354	2.704	1997	7.354	2.704	1997	7.355	2.704	1997	7.355	2.704	1997	7.355	2.704	1997	
1.762	0.962	1409	1.762	0.962	1409	1.762	0.962	1409	1.762	0.962	1409	1.762	0.962	1409	1.762	0.962	1409	1.762	0.962	1409	1.762	0.962	1409	1.762	0.962	1409	
15.342	3.854	2000	15.342	3.854	2000	15.342	3.854	2000	15.342	3.854	2000	15.342	3.854	2000	15.342	3.854	2000	15.397	3.921	2000	15.423	3.959	2000	15.423	3.959	2000	
19.385	4.069	2000	19.385	4.069	2000	19.385	4.069	2000	19.385	4.069	2000	19.385	4.069	2000	19.385	4.069	2000	19.549	4.220	2000	19.650	4.334	2000	19.651	4.337	2000	
22.016	4.237	2000	22.016	4.237	2000	22.016	4.237	2000	22.016	4.237	2000	22.016	4.237	2000	22.016	4.237	2000	22.307	4.465	2000	22.513	4.673	2000	22.517	4.680	2000	
23.016	4.092	2000	23.016	4.092	2000	23.016	4.092	2000	23.016	4.092	2000	23.016	4.092	2000	23.016	4.092	2000	23.360	4.345	2000	23.614	4.587	2000	23.620	4.595	2000	
23.160	4.304	2000	23.160	4.304	2000	23.160	4.304	2000	23.160	4.304	2000	23.160	4.304	2000	23.160	4.304	2000	23.523	4.585	2000	23.795	4.852	2000	23.801	4.862	2000	
23.111	4.334	2000	23.111	4.334	2000	23.111	4.334	2000	23.111	4.334	2000	23.111	4.334	2000	23.111	4.334	2000	23.472	4.614	2000	23.743	4.881	2000	23.750	4.891	2000	
22.753	4.226	2000	22.753	4.226	2000	22.753	4.226	2000	22.753	4.226	2000	22.753	4.226	2000	22.753	4.226	2000	23.089	4.488	2000	23.333	4.726	2000	23.338	4.735	2000	
21.999	4.167	2000	21.999	4.167	2000	21.999	4.167	2000	21.999	4.167	2000	21.999	4.167	2000	21.999	4.167	2000	22.290	4.405	2000	22.493	4.614	2000	22.497	4.621	2000	
20.900	4.133	2000	20.900	4.133	2000	20.900	4.133	2000	20.900	4.133	2000	20.900	4.133	2000	20.900	4.133	2000	21.133	4.332	2000	21.286	4.496	2000	21.288	4.501	2000	
19.541	4.148	2000	19.541	4.148	2000	19.541	4.148	2000	19.541	4.148	2000	19.541	4.148	2000	19.541	4.148	2000	19.716	4.316	2000	19.823	4.444	2000	19.824	4.447	2000	
17.634	4.013	2000	17.634	4.013	2000	17.634	4.013	2000	17.634	4.013	2000	17.634	4.013	2000	17.634	4.013	2000	17.743	4.134	2000	17.803	4.217	2000	17.804	4.218	2000	
15.204	3.826	2000	15.204	3.826	2000	15.204	3.826	2000	15.204	3.826	2000	15.204	3.826	2000	15.204	3.826	2000	15.258	3.898	2000	15.283	3.940	2000	15.283	3.940	2000	
12.153	3.402	2000	12.153	3.402	2000	12.153	3.402	2000	12.153	3.402	2000	12.153	3.402	2000	12.153	3.402	2000	12.169	3.427	2000	12.175	3.438	2000	12.175	3.438	2000	
8.981	3.042	1999	8.981	3.042	1999	8.981	3.042	1999	8.981	3.042	1999	8.981	3.042	1999	8.981	3.042	1999	8.984	3.048	1999	8.984	3.050	1999	8.984	3.050	1999	
6.141	2.565	1992	6.141	2.565	1992	6.141	2.565	1992	6.141	2.565	1992	6.141	2.565	1992	6.141	2.565	1992	6.141	2.566	1992	6.141	2.566	1992	6.141	2.566	1992	
2.966	1.622	1881	2.966	1.622	1881	2.966	1.622	1881	2.966	1.622	1881	2.966	1.622	1881	2.966	1.622	1881	2.966	1.622	1881	2.966	1.622	1881	2.966	1.622	1881	
1.759	0.992	1422	1.759	0.992	1422	1.759	0.992	1422	1.759	0.992	1422	1.759	0.992	1422	1.759	0.992	1422	1.759	0.992	1422	1.759	0.992	1422	1.759	0.992	1422	
1.430	0.665	1071	1.430	0.665	1071	1.430	0.665	1071	1.430	0.665	1071	1.430	0.665	1071	1.430	0.665	1071	1.430	0.665	1071	1.430	0.665	1071	1.430	0.665	1071	
27.070	3.864	2000	27.070	3.864	2000	27.070	3.864	2000	27.070	3.864	2000	27.070	3.864	2000	27.070	3.864	2000	28.239	4.428	2000	29.604	5.287	2000	29.710	5.397	2000	
27.886	3.667	2000	27.886	3.667	2000	27.886	3.667	2000	27.886	3.667	2000	27.886	3.667	2000	27.886	3.667	2000	29.166	4.229	2000	30.724	5.154	2000	30.851	5.278	2000	
28.193	3.759	2000	28.193	3.759	2000	28.193	3.759	2000	28.193	3.759	2000	28.193	3.759	2000	28.193	3.759	2000	29.531	4.360	2000	31.183	5.356	2000	31.328	5.504	2000	
28.270	3.644	2000	28.270	3.644	2000	28.270	3.644	2000	28.270	3.644	2000	28.270	3.644	2000	28.270	3.644	2000	29.618	4.239	2000	31.277	5.222	2000	31.421	5.368	2000	
27.948	3.750	2000	27.948	3.750	2000	27.948	3.750	2000	27.948	3.750	2000	27.948	3.750	2000	27.948	3.750	2000	29.249	4.360	2000	30.827	5.307	2000	30.960	5.440	2000	
27.652	3.728	2000	27.652	3.728	2000	27.652	3.728	2000	27.652	3.728	2000	27.652	3.728	2000	27.652	3.728	2000	28.905	4.316	2000	30.404	5.231	2000	30.526	5.355	2000	
26.781	3.724	2000	26.781	3.724	2000	26.781	3.724	2000	26.781	3.724	2000	26.781	3.724	2000	26.781	3.724	2000	27.902	4.265	2000	29.186	5.078	2000	29.280	5.176	2000	
25.703	3.875	2000	25.703	3.875	2000	25.703	3.875	2000	25.703	3.875	2000	25.703	3.875	2000	25.703	3.875	2000	26.678	4.389	2000	27.747	5.122	2000	27.817	5.199	2000	
24.181	3.898	2000	24.181	3.898	2000	24.181	3.898	2000	24.181	3.898	2000	24.181	3.898	2000	24.181	3.898	2000	24.966	4.352	2000	25.765	4.957	2000	25.809	5.011	2000	
22.097	3.917	2000	22.097	3.917	2000	22.097	3.917	2000	22.097	3.917	2000	22.097	3.917	2000	22.097	3.917	2000	22.660	4.293	2000	23.173	4.735	2000	23.195	4.766	2000	
18.846	3.889	2000	18.846	3.889	2000	18.846	3.889	2000	18.846	3.889	2000	18.846	3.889	2000	18.846	3.889	2000	19.148	4.140	2000	19.381	4.389	2000	19.387	4.400	2000	
14.777	3.646	2000	14.777	3.646	2000	14.777	3.646	2000	14.777	3.646	2000	14.777	3.646	2000	14.777	3.646	2000	14.884	3.764	2000	14.947	3.850	2000	14.947	3.852	2000	
8.643	2.882	2000	8.643	2.882	2000	8.643	2.882	2000	8.643	2.882	2000	8.643	2.882	2000	8.643	2.882	2000	8.650	2.896	2000	8.652	2.901	2000	8.652	2.901	2000	
30.640	3.668	2000	30.640	3.668	2000	30.640	3.668	2000	30.640	3.668	2000	30.640	3.668	2000	30.640	3.668	2000	32.259	4.320	2000	34.358	5.440	2000	34.561	5.626	2000	
32.378	3.584	2000	32.378	3.584	2000	32.378	3.584	2000	32.378	3.584	2000	32.378	3.584	2000	32.378	3.584	2000	34.319	4.291	2000	37.029	5.599	2000	37.346	5.862	2000	
33.322	3.543	2000	33.322	3.543	2000	33.322	3.543	2000	33.322	3.543	2000	33.322	3.543	2000	33.322	3.543	2000	35.440	4.267	2000	38.522	5.701	2000	38.912	6.014	2000	
34.014	3.447	2000	34.014	3.447	2000	34.014	3.447	2000	34.014	3.447	2000	34.014	3.447	2000	34.014	3.447	2000	36.286	4.184	2000	39.666	5.632	2000	40.121	5.967	2000	
34.207	3.383	2000	34.207	3.383	2000	34.207	3.383	2000	34.207	3.383	2000	34.207	3.383	2000	34.207	3.383	2000	36.523	4.120	2000	39.993	5.581	2000	40.469	5.931	2000	
34.203	3.467	2000	34.203	3.467	2000	34.203	3.467	2000	34.203	3.467	2000	34.203	3.467	2000	34.203	3.467	2000	36.521	4.232	2000	39.989	5.705	2000	40.467	6.060	2000	
34.011	3.536	2000	34.011	3.536	2000	34.011	3.536	2000	34.011	3.536	2000	34.011	3.536	2000	34.011	3.536	2000	36.289	4.304	2000	39.678	5.797	2000	40.141	6.159	2000	
33.481	3.537	2000	33.481	3.537	2000	33.481	3.537	2000	33.481	3.537	2000	33.481	3.537	2000	33.481	3.537	2000	35.646	4.283	2000	38.801	5.722	2000	39.209	6.046	2000	
32.508	3.536	2000	32.508	3.536	2000	32.508	3.536	2000	32.508	3.536	2000	32.508	3.536	2000	32.508	3.536	2000	34.484	4.269	2000	37.242	5.573	2000	37.567	5.844	2000	
31.094	3.668	2000	31.094	3.668	2000	31.094	3.668	2000	31.094	3.668	2000	31.094	3.668	2000	31.094	3.668	2000	32.798	4.335	2000	35.055	5.508	2000	35.287	5.712	2000	
29.550	3.830	2000	29.550	3.830	2000	29.550	3.830	2000	29.550	3.830	2000	29.550	3.830	2000	29.550	3.830	2000	30.995	4.470	2000	32.792	5.524	2000	32.953	5.682	2000	
27.261	4.022	2000	27.261	4.022	2000	27.261	4.022	2000	27.261	4.022	2000	27.261	4.022	2000	27.261	4.022	2000	28.363	4.600	2000	29.600	5.445	2000	29.689	5.544	2000	
23.758	3.925	2000	23.758	3.925	2000	23.758	3.925	2000	23.758	3.925	2000	23.758	3.925	2000	23.758	3.925	2000	24.424	4.340	2000	25.053	4.851	2000	25.083	4.891	2000	
33.620	3.317	2000	33.620	3.317	2000	33.620	3.317	2000	33.620	3.317	2000	33.620	3.317	2000	33.620	3.317	2000	36.238	4.110	2000	40.521	5.803	2000	41.256	6.322	2000	
35.302	3.168	2000	35.302	3.168	2000	35.302	3.168	2000	35.302	3.168	2000	35.302	3.168	2000	35.302	3.168	2000	38.326	3.961	2000	43.591	5.727	2000	44.631	6.361	2000	
36.478	3.006	2000	36.478	3.006	2000	36.478	3.006	2000	36.478	3.006	2000	36.478	3.006	2000	36.478	3.006	2000	39.819	3.849	2000	45.910	5.779	2000	47.243	6.578	2000	
37.321	2.908	2000	37.321	2.908	2000	37.321	2.908	2000	37.321	2.908	2000	37.321	2.908	2000	37.321	2.908	2000	40.902	3.741	2000	47.660	5.692	2000	49.277	6.571	2000	
37.920	2.925	2000	37.920	2.925	2000	37.920	2.925	2000	37.920	2.925	2000	37.920	2.925	2000	37.920	2.925	2000	41.657	3.770	2000	48.855	5.771	2000	50.656	6.708	2000	
38.150	2.869	2000	38.150	2.869	2000	38.150	2.869	2000	38.150	2.869	2000	38.150	2.869	2000	38.150	2.869	2000	41.943	3.683	2000	49.302	5.701	2000	51.159	6.630	2000	
38.188	2.881	2000	38.188	2.881	2000	38.188	2.881	2000	38.188	2.881	2000	38.188	2.881	2000	38.188	2.881	2000	41.993	3.707	2000	49.368	5.649	2000	51.244	6.577	2000	
37.970	2.898	2000	37.970	2.898	2000	37.970	2.898	2000	37.970	2.898	2000	37.970	2.898	2000	37.970	2.898	2000	41.732	3.757	2000	48.971	5.768	2000	50.770	6.711	2000	
37.436	2.914	2000	37.436	2.914	2000	37.436	2.914	2000	37.436	2.914	2000	37.436	2.914	2000	37.436	2.914	2000	41.021	3.728	2000	47.788	5.684	2000	49.397	6.538	2000	
36.551	2.920	2000	36.551	2.920	2000	36.551	2.920	2000	36.551	2.920	2000	36.551	2.920	2000	36.551	2.920	2000	39.899	3.698	2000	46.022	5.522	2000	47.368	6.259	2000	
35.190	3.117	2000	35.190	3.117	2000	35.190	3.117	2000	35.190	3.117	2000	35.190	3.117	2000	35.190	3.117	2000	38.191	3.922	2000	43.417	5.745	2000	44.452	6.397	2000	
33.221	3.298	2000	33.221	3.298	2000	33.221	3.298	2000	33.221	3.298	2000	33.221	3.298	2000	33.221	3.298	2000	35.749	4.091	2000	39.825	5.725	2000	40.504	6.214	2000	
30.921	3.451	2000	30.921	3.451	2000	30.921	3.451	2000	30.921	3.451	2000	30.921	3.451	2000	30.921	3.451	2000	32.923	4.142	2000	35.841	5.461	2000	36.225	5.770	2000	
28.299	3.596	2000	28.299	3.596	2000	28.299	3.596	2000	28.299	3.596	2000	28.299	3.596	2000	28.299	3.596	2000	29.822	4.240	2000	31.804	5.319	2000	32.007	5.507	2000	
19.114	3.766	2000	19.114	3.766	2000	19.114	3.766	2000	19.114	3.766	2000	19.114	3.766	2000	19.114	3.766	2000	19.483	4.053	2000	19.785	4.352	2000	19.795	4.368	2000	
17.596	3.843	2000	17.596	3.843	2000	17.596	3.843	2000	17.596	3.843	2000	17.596	3.843	2000	17.596	3.843	2000	17.865	4.078	2000	18.070	4.302	2000	18.075	4.311	2000	
16.455	3.641	2000	16.455	3.641	2000	16.455	3.641	2000	16.455	3.641	2000	16.455	3.641	2000	16.455	3.641	2000	16.656	3.829	2000	16.795	3.994	2000	16.798	3.999	2000	
13.890	3.486	2000	13.890	3.486	2000	13.890	3.486	2000	13.890	3.486	2000	13.890	3.486	2000	13.890	3.486	2000	13.984	3.593	2000	14.039	3.669	2000	14.039	3.670	2000	
12.995	3.340	2000	12.995	3.340	2000	12.995	3.340	2000	12.995	3.340	2000	12.995	3.340	2000	12.995	3.340	2000	13.063	3.421	2000	13.101	3.477	2000	13.101	3.478	2000	
10.125	3.099	2000	10.125	3.099	2000	10.125	3.099	2000	10.125	3.099	2000	10.125	3.099	2000	10.125	3.099	2000	10.146	3.133	2000	10.155	3.151	2000	10.155	3.151	2000	
36.791	3.331	2000	36.791	3.331	2000	36.791	3.331	2000	36.791	3.331	2000	36.791	3.331	2000	36.791	3.331	2000	39.925	4.133	2000	45.406	5.952	2000	46.490	6.582	2000	
38.840	3.243	2000	38.840	3.243	2000	38.840	3.243	2000	38.840	3.243	2000	38.840	3.243	2000	38.840	3.243	2000	42.532	4.117	2000	49.442	5.963	2000	51.054	6.783	2000	
40.508	3.103	2000	40.508	3.103	2000	40.508	3.103	2000	40.508	3.103	2000	40.508	3.103	2000	40.508	3.103	2000	44.688	4.002	2000	52.927	5.985	2000	55.128	7.000	2000	
41.664	3.028	2000	41.664	3.028	2000	41.664	3.028	2000	41.664	3.028	2000	41.664	3.028	2000	41.664	3.028	2000	46.186	3.901	2000	55.503	5.923	2000	58.321	7.142	2000	
42.583	3.095	2000	42.583	3.095	2000	42.583	3.095	2000	42.583	3.095	2000	42.583	3.095	2000	42.583	3.095	2000	47.374	4.004	2000	57.540	6.079	2000	60.756	7.416	2000	
43.037	2.968	2000	43.037	2.968	2000	43.037	2.968	2000	43.037	2.968	2000	43.037	2.968	2000	43.037	2.968	2000	48.004	3.850	2000	58.738	5.920	2000	62.297	7.229	2000	
43.489	2.956	2000	43.489	2.956	2000	43.489	2.956	2000	43.489	2.956	2000	43.489	2.956	2000	43.489	2.956	2000	48.601	3.857	2000	59.766	5.925	2000	63.543	7.284	2000	
43.499	2.945	2000	43.499	2.945	2000	43.499	2.945	2000	43.499	2.945	2000	43.499	2.945	2000	43.499	2.945	2000	48.632	3.899	2000	59.878	5.946	2000	63.650	7.390	2000	
43.305	2.937	2000	43.305	2.937	2000	43.305	2.937	2000	43.305	2.937	2000	43.305	2.937	2000	43.305	2.937	2000	48.373	3.915	2000	59.344	5.956	2000	63.017	7.291	2000	
42.625	2.992	2000	42.625	2.992	2000	42.625	2.992	2000	42.625	2.992	2000	42.625	2.992	2000	42.625	2.992	2000	47.483	3.904	2000	57.923	5.924	2000	61.240	7.218	2000	
41.642	3.059	2000	41.642	3.059	2000	41.642	3.059	2000	41.642	3.059	2000	41.642	3.059	2000	41.642	3.059	2000	46.180	3.972	2000	55.547	5.911	2000	58.339	7.006	2000	
40.068	3.115	2000	40.068	3.115	2000	40.068	3.115	2000	40.068	3.115	2000	40.068	3.115	2000	40.068	3.115	2000	44.143	3.975	2000	52.156	5.957	2000	54.262	6.945	2000	
37.886	3.203	2000	37.886	3.203	2000	37.886	3.203	2000	37.886	3.203	2000	37.886	3.203	2000	37.886	3.203	2000	41.323	4.036	2000	47.521	5.836	2000	48.844	6.592	2000	
34.554	3.401	2000	34.554	3.401	2000	34.554	3.401	2000	34.554	3.401	2000	34.554	3.401	2000	34.554	3.401	2000	37.157	4.167	2000	41.304	5.669	2000	41.986	6.107	2000	
30.896	3.656	2000	30.896	3.656	2000	30.896	3.656	2000	30.896	3.656	2000	30.896	3.656	2000	30.896	3.656	2000	32.727	4.347	2000	35.262	5.603	2000	35.560	5.860	2000	
25.868	3.836	2000	25.868	3.836	2000	25.868	3.836	2000	25.868	3.836	2000	25.868	3.836	2000	25.868	3.836	2000	26.876	4.351	2000	27.972	5.054	2000	28.047	5.128	2000	
19.641	3.818	2000	19.641	3.818	2000	19.641	3.818	2000	19.641	3.818	2000	19.641	3.818	2000	19.641	3.818	2000	19.999	4.093	2000	20.287	4.380	2000	20.294	4.389	2000	
18.705	3.777	2000	18.705	3.777	2000	18.705	3.777	2000	18.705	3.777	2000	18.705	3.777	2000	18.705	3.777	2000	18.995	4.011	2000	19.218	4.241	2000	19.224	4.252	2000	
17.783	3.803	2000	17.783	3.803	2000	17.783	3.803	2000	17.783	3.803	2000	17.783	3.803	2000	17.783	3.803	2000	18.023	4.013	2000	18.194	4.202	2000	18.198	4.209	2000	
17.756	3.760	2000	17.756	3.760	2000	17.756	3.760	2000	17.756	3.760	2000	17.756	3.760	2000	17.756	3.760	2000	17.996	3.970	2000	18.170	4.159	2000	18.174	4.166	2000	
16.974	3.692	2000	16.974	3.692	2000	16.974	3.692	2000	16.974	3.692	2000	16.974	3.692	2000	16.974	3.692	2000	17.166	3.869	2000	17.296	4.019	2000	17.299	4.024	2000	
16.012	3.630	2000	16.012	3.630	2000	16.012	3.630	2000	16.012	3.630	2000	16.012	3.630	2000	16.012	3.630	2000	16.164	3.775	2000	16.257	3.885	2000	16.258	3.888	2000	
40.312	4.225	1068	40.312	4.225	1068	40.312	4.225	1068	40.312	4.225	1068	40.312	4.225	1068	40.312	4.225	1068	43.527	4.671	2000	48.839	6.244	2000	49.722	6.789	2000	
43.003	4.208	1051	43.003	4.208	1051	43.003	4.208	1051	43.003	4.208	1051	43.003	4.208	1051	43.003	4.208	1051	47.087	4.634	2000	54.134	6.278	2000	55.676	7.088	2000	
45.395	4.318	1073	45.395	4.318	1073	45.395	4.318	1073	45.395	4.318	1073	45.395	4.318	1073	45.395	4.318	1073	49.993	4.596	2000	58.897	6.321	2000	61.183	7.387	2000	
47.332	4.211	1041	47.332	4.211	1041	47.332	4.211	1041	47.332	4.211	1041	47.332	4.211	1041	47.332	4.211	1041	52.342	4.637	2000	62.833	6.386	2000	65.887	7.659	2000	
48.507	4.432	1040	48.507	4.432	1040	48.507	4.432	1040	48.507	4.432	1040	48.507	4.432	1040	48.507	4.432	1040	54.088	4.740	2000	65.899	6.513	2000	69.642	7.849	2000	
49.672	4.353	1077	49.672	4.353	1077	49.672	4.353	1077	49.672	4.353	1077	49.672	4.353	1077	49.672	4.353	1077	55.363	4.614	2000	68.348	6.283	2000	72.701	7.801	2000	
50.332	4.566	1076	50.332	4.566	1076	50.332	4.566	1076	50.332	4.566	1076	50.332	4.566	1076	50.332	4.566	1076	56.385	4.877	2000	70.070	6.431	2000	74.901	7.966	2000	
50.956	4.407	1055	50.956	4.407	1055	50.956	4.407	1055	50.956	4.407	1055	50.956	4.407	1055	50.956	4.407	1055	57.042	4.723	2000	71.186	6.239	2000	76.355	7.853	2000	
50.831	4.620	1026	50.831	4.620	1026	50.831	4.620	1026	50.831	4.620	1026	50.831	4.620	1026	50.831	4.620	1026	57.070	4.738	2000	71.505	6.283	2000	76.813	7.887	2000	
50.438	4.308	1063	50.438	4.308	1063	50.438	4.308	1063	50.438	4.308	1063	50.438	4.308	1063	50.438	4.308	1063	56.667	4.668	2000	70.585	6.200	2000	75.614	7.662	2000	
49.951	4.495	1104	49.951	4.495	1104	49.951	4.495	1104	49.951	4.495	1104	49.951	4.495	1104	49.951	4.495	1104	56.041	4.754	2000	69.348	6.421	2000	74.000	7.941	2000	
48.760	4.414	1094	48.760	4.414	1094	48.760	4.414	1094	48.760	4.414	1094	48.760	4.414	1094	48.760	4.414	1094	54.480	4.604	2000	66.341	6.383	2000	70.182	7.818	2000	
47.064	4.335	1052	47.064	4.335	1052	47.064	4.335	1052	47.064	4.335	1052	47.064	4.335	1052	47.064	4.335	1052	51.894	4.626	2000	62.091	6.205	2000	64.964	7.397	2000	
43.533	4.231	1049	43.533	4.231	1049	43.533	4.231	1049	43.533	4.231	1049	43.533	4.231	1049	43.533	4.231	1049	47.521	4.633	2000	54.783	6.258	2000	56.426	7.118	2000	
38.756	4.313	1070	38.756	4.313	1070	38.756	4.313	1070	38.756	4.313	1070	38.756	4.313	1070	38.756	4.313	1070	41.569	4.674	2000	46.023	6.085	2000	46.699	6.518	2000	
17.727	3.960	1075	17.727	3.960	1075	17.727	3.960	1075	17.727	3.960	1075	17.727	3.960	1075	17.727	3.960	1075	17.958	4.122	2000	18.054	4.237	2000	18.055	4.240	2000	
18.011	3.830	1083	18.011	3.830	1083	18.011	3.830	1083	18.011	3.830	1083	18.011	3.830	1083	18.011	3.830	1083	18.167	3.967	2000	18.258	4.069	2000	18.259	4.071	2000	
17.563	3.865	1044	17.563	3.865	1044	17.563	3.865	1044	17.563	3.865	1044	17.563	3.865	1044	17.563	3.865	1044	17.712	3.944	2000	17.787	4.033	2000	17.787	4.035	2000	
16.272	3.877	1084	16.272	3.877	1084	16.272	3.877	1084	16.272	3.877	1084	16.272	3.877	1084	16.272	3.877	1084	16.371	3.881	1999	16.428	3.957	2000	16.429	3.958	2000	
14.750	3.580	1051	14.750	3.580	1051	14.750	3.580	1051	14.750	3.580	1051	14.750	3.580	1051	14.750	3.580	1051	14.716	3.668	2000	14.744	3.711	2000	14.744	3.712	2000	
28.848	3.888	2000	28.848	3.888	2000	28.848	3.888	2000	28.848	3.888	2000	28.848	3.888	2000	28.848	3.888	2000	30.078	4.440	2000	31.502	5.304	2000	31.612	5.419	2000	
34.385	3.697	2000	34.385	3.697	2000	34.385	3.697	2000	34.385	3.697	2000	34.385	3.697	2000	34.385	3.697	2000	36.595	4.413	2000	39.806	5.812	2000	40.208	6.112	2000	
39.366	3.516	2000	39.366	3.516	2000	39.366	3.516	2000	39.366	3.516	2000	39.366	3.516	2000	39.366	3.516	2000	42.718	4.372	2000	48.509	6.275	2000	49.660	6.974	2000	
42.370	3.245	2000	42.370	3.245	2000	42.370	3.245	2000	42.370	3.245	2000	42.370	3.245	2000	42.370	3.245	2000	46.544	4.138	2000	54.527	6.136	2000	56.523	7.076	2000	
45.028	3.067	2000	45.028	3.067	2000	45.028	3.067	2000	45.028	3.067	2000	45.028	3.067	2000	45.028	3.067	2000	49.993	3.973	2000	60.338	6.013	2000	63.445	7.301	2000	
46.985	2.997	2000	46.985	2.997	2000	46.985	2.997	2000	46.985	2.997	2000	46.985	2.997	2000	46.985	2.997	2000	52.602	3.966	2000	65.090	6.136	2000	69.547	7.750	2000	
48.628	3.032	2000	48.628	3.032	2000	48.628	3.032	2000	48.628	3.032	2000	48.628	3.032	2000	48.628	3.032	2000	54.779	3.973	2000	69.044	6.153	2000	74.668	7.989	2000	
49.886	2.912	2000	49.886	2.912	2000	49.886	2.912	2000	49.886	2.912	2000	49.886	2.912	2000	49.886	2.912	2000	56.492	3.946	2000	72.470	5.991	2000	79.304	7.873	2000	
50.733	2.878	2000	50.733	2.878	2000	50.733	2.878	2000	50.733	2.878	2000	50.733	2.878	2000	50.733	2.878	2000	57.664	3.889	2000	74.822	6.014	2000	82.689	8.168	2000	
51.547	2.774	2000	51.547	2.774	2000	51.547	2.774	2000	51.547	2.774	2000	51.547	2.774	2000	51.547	2.774	2000	58.752	3.854	2000	76.909	5.871	2000	85.570	8.071	2000	
51.909	2.853	2000	51.909	2.853	2000	51.909	2.853	2000	51.909	2.853	2000	51.909	2.853	2000	51.909	2.853	2000	59.270	3.948	2000	78.062	5.896	2000	87.298	8.058	2000	
52.039	2.901	2000	52.039	2.901	2000	52.039	2.901	2000	52.039	2.901	2000	52.039	2.901	2000	52.039	2.901	2000	59.461	3.991	2000	78.564	5.907	2000	88.097	8.196	2000	
51.945	2.861	2000	51.945	2.861	2000	51.945	2.861	2000	51.945	2.861	2000	51.945	2.861	2000	51.945	2.861	2000	59.311	3.931	2000	78.201	5.897	2000	87.507	8.072	2000	
51.403	2.861	2000	51.403	2.861	2000	51.403	2.861	2000	51.403	2.861	2000	51.403	2.861	2000	51.403	2.861	2000	58.559	3.963	2000	76.530	5.967	2000	84.999	8.092	2000	
50.321	2.868	2000	50.321	2.868	2000	50.321	2.868	2000	50.321	2.868	2000	50.321	2.868	2000	50.321	2.868	2000	57.077	3.931	2000	73.555	5.950	2000	80.718	7.947	2000	
48.443	2.869	2000	48.443	2.869	2000	48.443	2.869	2000	48.443	2.869	2000	48.443	2.869	2000	48.443	2.869	2000	54.543	3.851	2000	68.680	6.017	2000	74.218	7.842	2000	
45.243	3.076	2000	45.243	3.076	2000	45.243	3.076	2000	45.243	3.076	2000	45.243	3.076	2000	45.243	3.076	2000	50.282	3.988	2000	60.853	6.092	2000	64.077	7.393	2000	
31.139	4.871	2000	31.139	4.871	2000	31.139	4.871	2000	31.139	4.871	2000	31.139	4.871	2000	31.139	4.871	2000	31.612	5.175	2000	31.969	5.480	2000	31.976	5.490	2000	
41.069	4.954	2000	41.069	4.954	2000	41.069	4.954	2000	41.069	4.954	2000	41.069	4.954	2000	41.069	4.954	2000	42.518	5.462	2000	44.010	6.199	2000	44.085	6.267	2000	
46.962	5.042	2000	46.962	5.042	2000	46.962	5.042	2000	46.962	5.042	2000	46.962	5.042	2000	46.962	5.042	2000	49.299	5.661	2000	52.132	6.728	2000	52.366	6.901	2000	
51.933	5.048	2000	51.933	5.048	2000	51.933	5.048	2000	51.933	5.048	2000	51.933	5.048	2000	51.933	5.048	2000	55.144	5.723	2000	59.691	7.109	2000	60.218	7.446	2000	
55.951	5.115	2000	55.951	5.115	2000	55.951	5.115	2000	55.951	5.115	2000	55.951	5.115	2000	55.951	5.115	2000	60.113	5.717	2000	66.692	7.262	2000	67.663	7.783	2000	
59.711	5.331	2000	59.711	5.331	2000	59.711	5.331	2000	59.711	5.331	2000	59.711	5.331	2000	59.711	5.331	2000	64.728	5.919	2000	73.242	7.340	2000	74.840	8.077	2000	
62.668	5.453	2000	62.668	5.453	2000	62.668	5.453	2000	62.668	5.453	2000	62.668	5.453	2000	62.668	5.453	2000	68.438	6.014	2000	78.909	7.565	2000	81.174	8.508	2000	
64.536	5.473	2000	64.536	5.473	2000	64.536	5.473	2000	64.536	5.473	2000	64.536	5.473	2000	64.536	5.473	2000	70.952	6.034	2000	83.214	7.474	2000	86.147	8.567	2000	
66.512	5.598	2000	66.512	5.598	2000	66.512	5.598	2000	66.512	5.598	2000	66.512	5.598	2000	66.512	5.598	2000	73.426	6.148	2000	87.103	7.325	2000	90.749	8.560	2000	
67.600	5.751	2000	67.600	5.751	2000	67.600	5.751	2000	67.600	5.751	2000	67.600	5.751	2000	67.600	5.751	2000	74.981	6.252	2000	90.010	7.413	2000	94.175	8.704	2000	
68.687	5.866	2000	68.687	5.866	2000	68.687	5.866	2000	68.687	5.866	2000	68.687	5.866	2000	68.687	5.866	2000	76.289	6.382	2000	91.973	7.394	2000	96.631	8.744	2000	
69.049	5.819	2000	69.049	5.819	2000	69.049	5.819	2000	69.049	5.819	2000	69.049	5.819	2000	69.049	5.819	2000	76.753	6.447	2000	92.942	7.298	2000	97.835	8.736	2000	
68.770	5.853	2000	68.770	5.853	2000	68.770	5.853	2000	68.770	5.853	2000	68.770	5.853	2000	68.770	5.853	2000	76.431	6.344	2000	92.517	7.529	2000	97.338	8.983	2000	
67.995	5.830	2000	67.995	5.830	2000	67.995	5.830	2000	67.995	5.830	2000	67.995	5.830	2000	67.995	5.830	2000	75.375	6.318	2000	90.563	7.317	2000	94.958	8.647	2000	
66.324	5.662	2000	66.324	5.662	2000	66.324	5.662	2000	66.324	5.662	2000	66.324	5.662	2000	66.324	5.662	2000	73.144	6.235	2000	86.603	7.521	2000	90.105	8.692	2000	
62.814	5.424	2000	62.814	5.424	2000	62.814	5.424	2000	62.814	5.424	2000	62.814	5.424	2000	62.814	5.424	2000	68.721	5.949	2000	79.585	7.245	2000	81.982	8.226	2000	
56.528	5.096	2000	56.528	5.096	2000	56.528	5.096	2000	56.528	5.096	2000	56.528	5.096	2000	56.528	5.096	2000	60.760	5.660	2000	67.440	7.055	2000	68.461	7.579	2000	
45.904	5.158	2000	45.904	5.158	2000	45.904	5.158	2000	45.904	5.158	2000	45.904	5.158	2000	45.904	5.158	2000	47.996	5.640	2000	50.454	6.718	2000	50.638	6.874	2000	
51.269	5.317	1996	51.269	5.317	1996	51.269	5.317	1996	51.269	5.317	1996	51.269	5.317	1996	51.269	5.317	1996	54.302	5.674	2000	58.390	6.986	2000	58.826	7.275	2000	
55.914	5.437	1997	55.914	5.437	1997	55.914	5.437	1997	55.914	5.437	1997	55.914	5.437	1997	55.914	5.437	1997	59.969	5.767	2000	66.138	7.258	2000	67.028	7.779	2000	
60.018	5.905	1999	60.018	5.905	1999	60.018	5.905	1999	60.018	5.905	1999	60.018	5.905	1999	60.018	5.905	1999	65.007	5.910	2000	73.462	7.352	2000	74.968	8.081	2000	
63.121	6.106	2000	63.121	6.106	2000	63.121	6.106	2000	63.121	6.106	2000	63.121	6.106	2000	63.121	6.106	2000	68.917	5.981	2000	79.514	7.278	2000	81.775	8.212	2000	
65.559	6.241	1998	65.559	6.241	1998	65.559	6.241	1998	65.559	6.241	1998	65.559	6.241	1998	65.559	6.241	1998	72.144	6.208	2000	84.787	7.747	2000	87.899	8.987	2000	
67.791	6.667	2000	67.791	6.667	2000	67.791	6.667	2000	67.791	6.667	2000	67.791	6.667	2000	67.791	6.667	2000	74.938	6.502	2000	89.369	7.602	2000	93.294	8.859	2000	
69.296	6.719	2000	69.296	6.719	2000	69.296	6.719	2000	69.296	6.719	2000	69.296	6.719	2000	69.296	6.719	2000	77.020	6.394	2000	92.925	7.403	2000	97.623	8.797	2000	
70.756	6.659	1996	70.756	6.659	1996	70.756	6.659	1996	70.756	6.659	1996	70.756	6.659	1996	70.756	6.659	1996	78.687	6.365	2000	95.770	7.451	2000	101.133	8.955	2000	
71.059	6.787	1999	71.059	6.787	1999	71.059	6.787	1999	71.059	6.787	1999	71.059	6.787	1999	71.059	6.787	1999	79.210	6.528	2000	96.785	7.502	2000	102.378	9.026	2000	
71.132	6.859	2000	71.132	6.859	2000	71.132	6.859	2000	71.132	6.859	2000	71.132	6.859	2000	71.132	6.859	2000	79.326	6.521	2000	96.961	7.353	2000	102.570	8.831	2000	
70.356	6.784	1998	70.356	6.784	1998	70.356	6.784	1998	70.356	6.784	1998	70.356	6.784	1998	70.356	6.784	1998	78.286	6.660	2000	95.143	7.682	2000	100.414	9.174	2000	
68.758	6.486	1998	68.758	6.486	1998	68.758	6.486	1998	68.758	6.486	1998	68.758	6.486	1998	68.758	6.486	1998	76.133	6.281	2000	91.394	7.245	2000	95.712	8.597	2000	
65.427	6.242	1999	65.427	6.242	1999	65.427	6.242	1999	65.427	6.242	1999	65.427	6.242	1999	65.427	6.242	1999	71.837	6.166	2000	84.041	7.523	2000	86.940	8.607	2000	
58.940	5.696	2000	58.940	5.696	2000	58.940	5.696	2000	58.940	5.696	2000	58.940	5.696	2000	58.940	5.696	2000	63.602	5.857	2000	71.370	7.328	2000	72.653	7.941	2000	
47.000	5.316	1323	47.000	5.316	1323	47.000	5.316	1323	47.000	5.316	1323	47.000	5.316	1323	47.021	5.344	1702	49.143	5.695	2000	51.762	6.911	2000	51.968	7.088	2000	
51.821	5.520	1309	51.821	5.520	1309	51.821	5.520	1309	51.821	5.520	1309	51.821	5.520	1309	51.852	5.452	1683	54.817	5.746	2000	58.934	7.268	2000	59.376	7.595	2000	
56.040	5.595	1375	56.040	5.595	1375	56.040	5.595	1375	56.040	5.595	1375	56.040	5.595	1375	55.997	5.482	1759	59.985	5.712	2000	65.885	7.411	2000	66.684	7.901	2000	
60.903	5.532	1315	60.903	5.532	1315	60.903	5.532	1315	60.903	5.532	1315	60.903	5.532	1315	60.893	5.459	1678	65.956	5.656	2000	74.528	7.450	2000	76.084	8.211	2000	
64.027	5.864	1318	64.027	5.864	1318	64.027	5.864	1318	64.027	5.864	1318	64.027	5.864	1318	63.854	5.870	1679	69.900	5.722	2000	80.772	7.411	2000	83.083	8.385	2000	
67.061	6.200	1349	67.061	6.200	1349	67.061	6.200	1349	67.061	6.200	1349	67.061	6.200	1349	66.935	6.003	1703	73.848	5.643	2000	87.046	7.370	2000	90.395	8.613	2000	
69.734	6.355	1347	69.734	6.355	1347	69.734	6.355	1347	69.734	6.355	1347	69.734	6.355	1347	69.695	6.333	1716	76.991	5.788	2000	92.115	7.397	2000	96.289	8.792	2000	
71.005	6.706	1314	71.005	6.706	1314	71.005	6.706	1314	71.005	6.706	1314	71.005	6.706	1314	70.853	6.415	1688	78.571	5.806	2000	95.369	7.357	2000	100.428	8.923	2000	
71.826	6.738	1382	71.826	6.738	1382	71.826	6.738	1382	71.826	6.738	1382	71.826	6.738	1382	71.849	6.586	1726	79.977	5.820	2000	97.410	7.414	2000	102.777	8.939	2000	
71.878	6.512	1318	71.878	6.512	1318	71.878	6.512	1318	71.878	6.512	1318	71.878	6.512	1318	71.888	6.300	1701	80.195	5.698	2000	97.933	7.201	2000	103.622	8.885	2000	
71.255	6.456	1332	71.255	6.456	1332	71.255	6.456	1332	71.255	6.456	1332	71.255	6.456	1332	71.400	6.279	1701	79.566	5.885	2000	96.840	7.370	2000	102.252	8.989	2000	
69.863	6.483	1346	69.863	6.483	1346	69.863	6.483	1346	69.863	6.483	1346	69.863	6.483	1346	70.019	6.439	1723	77.745	5.745	2000	93.406	7.453	2000	97.937	8.902	2000	
66.728	6.132	1347	66.728	6.132	1347	66.728	6.132	1347	66.728	6.132	1347	66.728	6.132	1347	66.786	6.021	1712	73.771	5.565	2000	86.932	7.250	2000	90.278	8.470	2000	
60.688	5.524	1379	60.688	5.524	1379	60.688	5.524	1379	60.688	5.524	1379	60.688	5.524	1379	60.715	5.528	1739	65.794	5.551	2000	74.309	7.348	2000	75.823	8.086	2000	
56.093	5.752	61	56.093	5.752	61	56.093	5.752	61	56.093	5.752	61	56.319	4.973	130	56.647	4.428	2000	61.285	5.046	2000	69.197	7.062	2000	70.633	7.797	2000	
62.329	5.845	76	62.329	5.845	76	62.329	5.845	76	62.329	5.845	76	62.506	5.261	126	61.768	4.475	2000	67.882	4.937	2000	79.578	7.267	2000	82.414	8.430	2000	
64.362	4.850	65	64.362	4.850	65	64.362	4.850	65	64.362	4.850	65	64.397	4.985	100	64.228	4.449	1999	71.072	4.909	2000	84.878	7.069	2000	88.689	8.464	2000	
66.154	6.178	67	66.154	6.178	67	66.154	6.178	67	66.154	6.178	67	66.287	6.041	117	66.416	4.543	2000	73.903	4.806	2000	89.746	7.077	2000	94.667	8.720	2000	
67.382	5.358	69	67.382	5.358	69	67.382	5.358	69	67.382	5.358	69	67.620	5.366	119	67.747	4.594	2000	75.687	4.817	2000	93.141	7.027	2000	98.990	8.810	2000	
69.317	5.790	63	69.317	5.790	63	69.317	5.790	63	69.317	5.790	63	68.701	6.084	114	68.343	4.567	2000	76.577	4.928	2000	94.563	7.082	2000	100.757	8.929	2000	
68.031	5.999	63	68.031	5.999	63	68.031	5.999	63	68.031	5.999	63	68.152	5.711	111	68.207	4.557	2000	76.262	4.857	2000	94.088	7.080	2000	100.116	8.939	2000	
67.690	6.113	79	67.690	6.113	79	67.690	6.113	79	67.690	6.113	79	67.764	5.929	134	67.325	4.518	2000	75.010	4.893	2000	91.724	7.269	2000	97.110	9.029	2000	
65.241	5.782	62	65.241	5.782	62	65.241	5.782	62	65.241	5.782	62	65.395	5.546	121	64.991	4.628	2000	71.925	5.075	2000	86.323	7.246	2000	90.454	8.677	2000	
62.159	5.296	67	62.159	5.296	67	62.159	5.296	67	62.159	5.296	67	61.188	5.485	131	61.108	4.487	2000	67.076	4.971	2000	78.268	7.180	2000	80.859	8.287	2000	
-1	-1	-1	-1	-1	-1	-1	-1	-1	-1	-1	-1	-1	-1	-1	45.552	3.672	1920	51.898	3.735	2000	68.138	5.471	2000	76.073	7.727	2000	
-1	-1	-1	-1	-1	-1	-1	-1	-1	-1	-1	-1	47.840	-1	1	47.064	3.704	1881	54.164	3.797	2000	73.032	5.301	2000	83.496	7.794	2000	
-1	-1	-1	-1	-1	-1	-1	-1	-1	-1	-1	-1	53.294	-1	1	48.301	3.751	1888	55.854	3.839	2000	76.709	5.186	2000	89.312	7.727	2000	
-1	-1	-1	-1	-1	-1	-1	-1	-1	-1	-1	-1	58	-1	1	48.878	3.798	1916	56.610	3.752	2000	78.503	5.220	2000	92.265	7.974	2000	
-1	-1	-1	-1	-1	-1	-1	-1	-1	-1	-1	-1	47.745	3.189	2	48.961	3.831	1889	56.769	3.795	2000	78.816	5.120	2000	92.764	7.741	2000	
-1	-1	-1	-1	-1	-1	-1	-1	-1	-1	-1	-1	46.652	5.232	3	48.528	3.804	1904	56.294	3.856	2000	77.743	5.303	2000	91.032	7.950	2000	
-1	-1	-1	-1	-1	-1	-1	-1	-1	-1	-1	-1	52	-1	1	47.822	3.797	1899	55.162	3.779	2000	75.209	5.353	2000	86.913	7.973	2000	
-1	-1	-1	-1	-1	-1	-1	-1	-1	-1	-1	-1	53.382	1.289	2	46.220	3.750	1903	52.921	3.784	2000	70.336	5.443	2000	79.258	7.817	2000	
-1	-1	-1	-1	-1	-1	-1	-1	-1	-1	-1	-1	-1	-1	-1	43.929	3.727	1901	49.778	3.785	2000	64.093	5.666	2000	70.264	7.654	2000	
-1	-1	-1	-1	-1	-1	-1	-1	-1	-1	-1	-1	33.784	-1	1	39.466	3.515	1890	43.850	3.806	2000	52.879	5.747	2000	55.595	6.967	2000	
-1	-1	-1	-1	-1	-1	-1	-1	-1	-1	-1	-1	-1	-1	-1	35.790	3.645	1890	39.032	4.028	2000	44.939	5.870	2000	46.238	6.662	2000	
-1	-1	-1	-1	-1	-1	-1	-1	-1	-1	-1	-1	-1	-1	-1	31.941	3.681	1879	34.251	4.115	2000	37.894	5.557	2000	38.452	5.963	2000	
-1	-1	-1	-1	-1	-1	-1	-1	-1	-1	-1	-1	26	1.414	2	27.120	3.902	1893	28.498	4.327	2000	30.243	5.308	2000	30.412	5.473	2000	
-1	-1	-1	-1	-1	-1	-1	-1	-1	-1	-1	-1	46.736	4.801	5	48.228	3.654	1980	53.696	3.939	2000	65.386	6.136	2000	69.090	7.604	2000	
-1	-1	-1	-1	-1	-1	-1	-1	-1	-1	-1	-1	52.994	5.422	10	51.451	3.746	1978	57.969	3.960	2000	73.283	6.105	2000	79.322	8.000	2000	
-1	-1	-1	-1	-1	-1	-1	-1	-1	-1	-1	-1	54.788	4.139	6	52.661	3.717	1980	59.750	3.947	2000	76.773	5.813	2000	84.087	7.875	2000	
-1	-1	-1	-1	-1	-1	-1	-1	-1	-1	-1	-1	51.630	4.341	4	53.424	3.756	1977	60.674	3.957	2000	78.596	5.833	2000	86.697	8.021	2000	
-1	-1	-1	-1	-1	-1	-1	-1	-1	-1	-1	-1	54.344	3.500	7	53.228	3.865	1980	60.425	4.071	2000	78.113	6.120	2000	86.049	8.408	2000	
-1	-1	-1	-1	-1	-1	-1	-1	-1	-1	-1	-1	53.982	3.738	6	52.411	3.866	1968	59.306	4.046	2000	75.886	5.989	2000	82.859	8.035	2000	
-1	-1	-1	-1	-1	-1	-1	-1	-1	-1	-1	-1	50.636	6.172	2	50.936	3.719	1967	57.369	4.028	2000	72.091	6.121	2000	77.730	8.036	2000	
-1	-1	-1	-1	-1	-1	-1	-1	-1	-1	-1	-1	48.328	3.787	6	48.682	3.786	1984	54.391	4.021	2000	66.703	6.119	2000	70.784	7.643	2000	
-1	-1	-1	-1	-1	-1	-1	-1	-1	-1	-1	-1	43.816	4.242	5	45.655	3.864	1983	50.337	4.306	2000	59.601	6.433	2000	62.045	7.574	2000	
-1	-1	-1	-1	-1	-1	-1	-1	-1	-1	-1	-1	41.333	2.309	3	41.525	3.794	1973	45.064	4.301	2000	51.210	6.186	2000	52.395	6.883	2000	
-1	-1	-1	-1	-1	-1	-1	-1	-1	-1	-1	-1	36.865	2.207	3	36.891	4.145	1982	39.394	4.694	2000	43.087	6.239	2000	43.580	6.610	2000	
-1	-1	-1	-1	-1	-1	-1	-1	-1	-1	-1	-1	28.961	1.470	2	31.419	4.166	1969	32.879	4.601	2000	34.625	5.561	2000	34.767	5.695	2000	
-1	-1	-1	-1	-1	-1	-1	-1	-1	-1	-1	-1	48.016	4.085	132	48.009	3.250	2000	54.026	3.776	2000	67.804	6.029	2000	73.003	7.855	2000	
-1	-1	-1	-1	-1	-1	-1	-1	-1	-1	-1	-1	48.812	4.185	120	49.177	3.178	2000	55.618	3.734	2000	70.823	5.954	2000	77.124	7.981	2000	
-1	-1	-1	-1	-1	-1	-1	-1	-1	-1	-1	-1	48.972	3.748	114	49.497	3.264	1999	55.900	3.799	2000	71.307	5.829	2000	77.760	7.830	2000	
-1	-1	-1	-1	-1	-1	-1	-1	-1	-1	-1	-1	49.394	4.093	114	48.907	3.188	2000	55.216	3.714	2000	70.057	5.813	2000	76.068	7.742	2000	
-1	-1	-1	-1	-1	-1	-1	-1	-1	-1	-1	-1	47.177	3.539	128	47.683	3.239	2000	53.601	3.742	2000	67.069	5.950	2000	72.108	7.748	2000	
-1	-1	-1	-1	-1	-1	-1	-1	-1	-1	-1	-1	46.384	3.826	128	46.083	3.341	2000	51.416	3.884	2000	63.028	6.047	2000	66.844	7.569	2000	
-1	-1	-1	-1	-1	-1	-1	-1	-1	-1	-1	-1	43.082	3.806	91	43.700	3.422	2000	48.325	3.967	2000	57.576	6.175	2000	60.149	7.411	2000	
-1	-1	-1	-1	-1	-1	-1	-1	-1	-1	-1	-1	40.460	3.933	127	40.705	3.461	2000	44.411	4.032	2000	51.233	6.018	2000	52.733	6.844	2000	
-1	-1	-1	-1	-1	-1	-1	-1	-1	-1	-1	-1	36.376	3.943	127	36.785	3.684	2000	39.537	4.270	2000	43.909	5.933	2000	44.604	6.414	2000	
-1	-1	-1	-1	-1	-1	-1	-1	-1	-1	-1	-1	31.824	4.179	129	31.466	3.850	2000	33.138	4.410	2000	35.310	5.503	2000	35.522	5.688	2000	
-1	-1	-1	-1	-1	-1	-1	-1	-1	-1	-1	-1	43.686	4.309	145	43.864	3.591	2000	48.116	4.171	2000	55.930	6.103	2000	57.726	7.016	2000	
-1	-1	-1	-1	-1	-1	-1	-1	-1	-1	-1	-1	48.023	4.567	100	47.195	3.636	2000	52.363	4.085	2000	62.973	6.223	2000	66.081	7.514	2000	
-1	-1	-1	-1	-1	-1	-1	-1	-1	-1	-1	-1	47.769	4.131	124	47.758	3.531	1999	53.156	4.036	2000	64.365	6.193	2000	67.812	7.611	2000	
-1	-1	-1	-1	-1	-1	-1	-1	-1	-1	-1	-1	48.197	4.426	116	47.573	3.594	2000	52.801	4.077	2000	63.710	6.283	2000	66.995	7.651	2000	
-1	-1	-1	-1	-1	-1	-1	-1	-1	-1	-1	-1	46.469	4.005	118	46.688	3.492	2000	51.686	3.981	2000	61.844	6.191	2000	64.724	7.486	2000	
-1	-1	-1	-1	-1	-1	-1	-1	-1	-1	-1	-1	45.189	3.771	109	45.198	3.685	2000	49.738	4.173	2000	58.559	6.300	2000	60.821	7.391	2000	
-1	-1	-1	-1	-1	-1	-1	-1	-1	-1	-1	-1	43.103	4.390	128	42.953	3.709	2000	46.900	4.272	2000	54.022	6.281	2000	55.553	7.120	2000	
-1	-1	-1	-1	-1	-1	-1	-1	-1	-1	-1	-1	39.999	4.289	101	40.089	3.749	2000	43.256	4.308	2000	48.478	6.114	2000	49.379	6.694	2000	
-1	-1	-1	-1	-1	-1	-1	-1	-1	-1	-1	-1	36.906	4.380	123	36.287	3.902	2000	38.561	4.498	2000	41.845	5.881	2000	42.260	6.211	2000	
-1	-1	-1	-1	-1	-1	-1	-1	-1	-1	-1	-1	31.064	4.493	133	31.138	4.049	1999	32.488	4.563	2000	34.132	5.489	2000	34.258	5.610	2000	
-1	-1	-1	-1	-1	-1	-1	-1	-1	-1	-1	-1	35.058	4.835	22	35.937	5.119	1994	36.460	5.418	2000	36.846	5.718	2000	36.854	5.728	2000	
-1	-1	-1	-1	-1	-1	-1	-1	-1	-1	-1	-1	46.515	5.497	29	44.223	5.210	1996	45.536	5.715	2000	46.724	6.413	2000	46.774	6.463	2000	
-1	-1	-1	-1	-1	-1	-1	-1	-1	-1	-1	-1	48.763	6.019	24	49.697	5.302	1999	51.707	5.873	2000	53.881	6.926	2000	54.015	7.039	2000	
-1	-1	-1	-1	-1	-1	-1	-1	-1	-1	-1	-1	52.187	5.484	21	51.753	5.205	1999	54.076	5.799	2000	56.733	7.001	2000	56.924	7.157	2000	
-1	-1	-1	-1	-1	-1	-1	-1	-1	-1	-1	-1	49.486	5.121	22	52.084	5.239	1998	54.403	5.828	2000	57.121	7.050	2000	57.314	7.204	2000	
-1	-1	-1	-1	-1	-1	-1	-1	-1	-1	-1	-1	53.038	5.343	31	51.029	5.240	1999	53.243	5.832	2000	55.700	6.915	2000	55.863	7.043	2000	
-1	-1	-1	-1	-1	-1	-1	-1	-1	-1	-1	-1	48.592	4.445	32	49.014	5.328	1998	50.865	5.912	2000	52.882	6.937	2000	53.003	7.044	2000	
-1	-1	-1	-1	-1	-1	-1	-1	-1	-1	-1	-1	46.179	4.599	26	45.933	5.200	1998	47.417	5.713	2000	48.867	6.485	2000	48.934	6.547	2000	
-1	-1	-1	-1	-1	-1	-1	-1	-1	-1	-1	-1	40.856	4.534	23	41.893	5.272	1997	42.954	5.741	2000	43.865	6.311	2000	43.895	6.342	2000	
-1	-1	-1	-1	-1	-1	-1	-1	-1	-1	-1	-1	38.469	5.102	25	36.969	5.256	1999	37.589	5.594	2000	38.055	5.947	2000	38.065	5.959	2000	
-1	-1	-1	-1	-1	-1	-1	-1	-1	-1	-1	-1	30.595	4.879	28	30.691	5.134	1998	30.959	5.325	2000	31.113	5.471	2000	31.114	5.474	2000	
23.369	4.341	1984	23.369	4.341	1984	23.369	4.341	1984	23.369	4.341	1984	23.369	4.341	1984	23.369	4.341	1984	23.609	4.543	2000	23.752	4.693	2000	23.753	4.696	2000	
30.365	4.485	1975	30.365	4.485	1975	30.365	4.485	1975	30.365	4.485	1975	30.365	4.485	1975	30.365	4.485	1975	31.067	4.804	2000	31.663	5.234	2000	31.682	5.257	2000	
35.879	4.526	1982	35.879	4.526	1982	35.879	4.526	1982	35.879	4.526	1982	35.879	4.526	1982	35.879	4.526	1982	37.226	5.062	2000	38.640	5.859	2000	38.720	5.934	2000	
39.390	4.630	1985	39.390	4.630	1985	39.390	4.630	1985	39.390	4.630	1985	39.390	4.630	1985	39.390	4.630	1985	41.238	5.107	2000	43.441	6.191	2000	43.613	6.339	2000	
41.229	4.510	1976	41.229	4.510	1976	41.229	4.510	1976	41.229	4.510	1976	41.229	4.510	1976	41.229	4.510	1976	43.467	5.093	2000	46.225	6.380	2000	46.480	6.594	2000	
41.875	4.496	1988	41.875	4.496	1988	41.875	4.496	1988	41.875	4.496	1988	41.875	4.496	1988	41.875	4.496	1988	44.131	5.022	2000	47.049	6.261	2000	47.323	6.472	2000	
41.290	4.518	1983	41.290	4.518	1983	41.290	4.518	1983	41.290	4.518	1983	41.290	4.518	1983	41.290	4.518	1983	43.452	5.072	2000	46.211	6.312	2000	46.458	6.507	2000	
39.895	4.617	1980	39.895	4.617	1980	39.895	4.617	1980	39.895	4.617	1980	39.895	4.617	1980	39.895	4.617	1980	41.800	5.151	2000	44.149	6.303	2000	44.345	6.477	2000	
37.787	4.672	1979	37.787	4.672	1979	37.787	4.672	1979	37.787	4.672	1979	37.787	4.672	1979	37.787	4.672	1979	39.377	5.172	2000	41.187	6.149	2000	41.313	6.265	2000	
34.866	4.617	1984	34.866	4.617	1984	34.866	4.617	1984	34.866	4.617	1984	34.866	4.617	1984	34.866	4.617	1984	36.030	5.053	2000	37.249	5.785	2000	37.312	5.850	2000	
31.188	4.605	1989	31.188	4.605	1989	31.188	4.605	1989	31.188	4.605	1989	31.188	4.605	1989	31.188	4.605	1989	31.962	4.981	2000	32.650	5.467	2000	32.676	5.497	2000	
25.986	4.465	1980	25.986	4.465	1980	25.986	4.465	1980	25.986	4.465	1980	25.986	4.465	1980	25.986	4.465	1980	26.349	4.708	2000	26.616	4.949	2000	26.622	4.957	2000	
20.166	4.228	1989	20.166	4.228	1989	20.166	4.228	1989	20.166	4.228	1989	20.166	4.228	1989	20.166	4.228	1989	20.284	4.335	2000	20.347	4.417	2000	20.348	4.418	2000	
-1	-1	-1	-1	-1	-1	-1	-1	-1	-1	-1	-1	-1	-1	-1	20.641	4.234	1903	20.818	4.385	2000	20.916	4.498	2000	20.917	4.500	2000	
-1	-1	-1	-1	-1	-1	-1	-1	-1	-1	-1	-1	20	1.414	2	25.820	4.319	1898	26.241	4.590	2000	26.585	4.887	2000	26.593	4.899	2000	
-1	-1	-1	-1	-1	-1	-1	-1	-1	-1	-1	-1	36.664	-1	1	29.687	4.426	1881	30.461	4.764	2000	31.162	5.268	2000	31.188	5.300	2000	
-1	-1	-1	-1	-1	-1	-1	-1	-1	-1	-1	-1	26.567	4.502	3	32.541	4.511	1880	33.660	4.901	2000	34.796	5.581	2000	34.852	5.638	2000	
-1	-1	-1	-1	-1	-1	-1	-1	-1	-1	-1	-1	30.500	4.950	2	34.180	4.442	1899	35.519	4.857	2000	36.924	5.685	2000	37.011	5.771	2000	
-1	-1	-1	-1	-1	-1	-1	-1	-1	-1	-1	-1	30.764	-1	1	34.736	4.604	1910	36.113	5.024	2000	37.660	5.926	2000	37.759	6.023	2000	
-1	-1	-1	-1	-1	-1	-1	-1	-1	-1	-1	-1	31.181	4.498	2	34.407	4.507	1897	35.797	4.903	2000	37.293	5.763	2000	37.388	5.858	2000	
-1	-1	-1	-1	-1	-1	-1	-1	-1	-1	-1	-1	39.384	-1	1	33.403	4.658	1891	34.601	5.008	2000	35.881	5.770	2000	35.953	5.837	2000	
-1	-1	-1	-1	-1	-1	-1	-1	-1	-1	-1	-1	31	-1	1	31.640	4.523	1904	32.619	4.924	2000	33.608	5.570	2000	33.656	5.622	2000	
-1	-1	-1	-1	-1	-1	-1	-1	-1	-1	-1	-1	27.783	1.441	2	29.186	4.431	1884	29.926	4.812	2000	30.564	5.280	2000	30.588	5.309	2000	
-1	-1	-1	-1	-1	-1	-1	-1	-1	-1	-1	-1	25.921	1.302	2	26.009	4.356	1897	26.470	4.623	2000	26.817	4.918	2000	26.825	4.930	2000	
-1	-1	-1	-1	-1	-1	-1	-1	-1	-1	-1	-1	-1	-1	-1	22.238	4.329	1878	22.481	4.489	2000	22.630	4.642	2000	22.632	4.645	2000	
-1	-1	-1	-1	-1	-1	-1	-1	-1	-1	-1	-1	-1	-1	-1	17.747	4.035	1904	17.839	4.102	2000	17.879	4.153	2000	17.879	4.154	2000	
-1	-1	-1	-1	-1	-1	-1	-1	-1	-1	-1	-1	-1	-1	-1	12.356	3.320	1698	12.443	3.364	2000	12.471	3.407	2000	12.471	3.407	2000	
-1	-1	-1	-1	-1	-1	-1	-1	-1	-1	-1	-1	-1	-1	-1	16.622	3.653	1691	16.771	3.786	2000	16.913	3.943	2000	16.916	3.947	2000	
-1	-1	-1	-1	-1	-1	-1	-1	-1	-1	-1	-1	-1	-1	-1	20.239	3.831	1713	20.733	4.109	2000	21.151	4.490	2000	21.167	4.515	2000	
-1	-1	-1	-1	-1	-1	-1	-1	-1	-1	-1	-1	-1	-1	-1	23.017	3.811	1694	23.681	4.137	2000	24.432	4.690	2000	24.473	4.740	2000	
-1	-1	-1	-1	-1	-1	-1	-1	-1	-1	-1	-1	-1	-1	-1	24.786	3.806	1744	25.740	4.186	2000	26.822	4.903	2000	26.899	4.991	2000	
-1	-1	-1	-1	-1	-1	-1	-1	-1	-1	-1	-1	-1	-1	-1	25.930	3.932	1702	27.153	4.291	2000	28.519	5.138	2000	28.631	5.256	2000	
-1	-1	-1	-1	-1	-1	-1	-1	-1	-1	-1	-1	-1	-1	-1	26.545	3.878	1696	27.738	4.213	2000	29.227	5.111	2000	29.354	5.240	2000	
-1	-1	-1	-1	-1	-1	-1	-1	-1	-1	-1	-1	-1	-1	-1	26.366	3.830	1711	27.542	4.198	2000	28.971	5.051	2000	29.089	5.171	2000	
-1	-1	-1	-1	-1	-1	-1	-1	-1	-1	-1	-1	-1	-1	-1	25.748	3.798	1711	26.875	4.191	2000	28.154	4.971	2000	28.253	5.070	2000	
-1	-1	-1	-1	-1	-1	-1	-1	-1	-1	-1	-1	-1	-1	-1	24.456	3.873	1729	25.347	4.291	2000	26.379	5.032	2000	26.453	5.117	2000	
-1	-1	-1	-1	-1	-1	-1	-1	-1	-1	-1	-1	-1	-1	-1	22.714	3.868	1687	23.422	4.233	2000	24.147	4.791	2000	24.187	4.841	2000	
-1	-1	-1	-1	-1	-1	-1	-1	-1	-1	-1	-1	-1	-1	-1	20.420	3.942	1719	20.902	4.276	2000	21.348	4.673	2000	21.366	4.700	2000	
-1	-1	-1	-1	-1	-1	-1	-1	-1	-1	-1	-1	16.980	4.215	2	17.873	3.705	1707	18.172	3.883	2000	18.394	4.120	2000	18.401	4.131	2000	
-1	-1	-1	-1	-1	-1	-1	-1	-1	-1	-1	-1	-1	-1	-1	14.346	3.577	1670	14.511	3.667	2000	14.586	3.769	2000	14.587	3.771	2000	
-1	-1	-1	-1	-1	-1	-1	-1	-1	-1	-1	-1	-1	-1	-1	7.442	2.710	991	7.475	2.696	1998	7.476	2.699	1998	7.476	2.699	1998	
-1	-1	-1	-1	-1	-1	-1	-1	-1	-1	-1	-1	-1	-1	-1	10.282	3.165	1030	10.360	3.177	2000	10.368	3.192	2000	10.368	3.192	2000	
-1	-1	-1	-1	-1	-1	-1	-1	-1	-1	-1	-1	-1	-1	-1	13.352	3.508	1068	13.391	3.514	2000	13.423	3.563	2000	13.423	3.564	2000	
-1	-1	-1	-1	-1	-1	-1	-1	-1	-1	-1	-1	-1	-1	-1	16.086	3.710	1067	16.202	3.846	2000	16.294	3.957	2000	16.295	3.959	2000	
-1	-1	-1	-1	-1	-1	-1	-1	-1	-1	-1	-1	-1	-1	-1	18.125	3.945	1055	18.376	4.090	2000	18.560	4.284	2000	18.564	4.292	2000	
-1	-1	-1	-1	-1	-1	-1	-1	-1	-1	-1	-1	-1	-1	-1	19.732	3.860	1034	20.058	4.060	2000	20.338	4.319	2000	20.347	4.333	2000	
-1	-1	-1	-1	-1	-1	-1	-1	-1	-1	-1	-1	-1	-1	-1	20.916	4.044	979	21.299	4.264	2000	21.680	4.616	2000	21.693	4.635	2000	
-1	-1	-1	-1	-1	-1	-1	-1	-1	-1	-1	-1	-1	-1	-1	21.253	3.715	1036	21.739	4.066	2000	22.144	4.421	2000	22.159	4.443	2000	
-1	-1	-1	-1	-1	-1	-1	-1	-1	-1	-1	-1	-1	-1	-1	21.245	3.834	1034	21.674	4.179	2000	22.087	4.543	2000	22.101	4.562	2000	
-1	-1	-1	-1	-1	-1	-1	-1	-1	-1	-1	-1	-1	-1	-1	20.564	3.910	1006	21.059	4.162	2000	21.429	4.515	2000	21.441	4.534	2000	
-1	-1	-1	-1	-1	-1	-1	-1	-1	-1	-1	-1	-1	-1	-1	19.523	3.802	1030	19.953	4.123	2000	20.222	4.387	2000	20.229	4.398	2000	
-1	-1	-1	-1	-1	-1	-1	-1	-1	-1	-1	-1	-1	-1	-1	18.033	3.916	1051	18.411	4.084	2000	18.601	4.286	2000	18.605	4.294	2000	
-1	-1	-1	-1	-1	-1	-1	-1	-1	-1	-1	-1	-1	-1	-1	16.318	3.807	1061	16.514	3.950	2000	16.620	4.076	2000	16.621	4.080	2000	
-1	-1	-1	-1	-1	-1	-1	-1	-1	-1	-1	-1	-1	-1	-1	14.017	3.575	1034	14.139	3.605	2000	14.181	3.663	2000	14.181	3.664	2000	
-1	-1	-1	-1	-1	-1	-1	-1	-1	-1	-1	-1	-1	-1	-1	11.234	3.287	1046	11.341	3.320	2000	11.355	3.345	2000	11.355	3.345	2000	
-1	-1	-1	-1	-1	-1	-1	-1	-1	-1	-1	-1	-1	-1	-1	8.415	2.905	1087	8.373	2.882	1999	8.375	2.886	1999	8.375	2.886	1999	
-1	-1	-1	-1	-1	-1	-1	-1	-1	-1	-1	-1	-1	-1	-1	2.584	1.298	406	2.633	1.388	1784	2.633	1.388	1784	2.633	1.388	1784	
-1	-1	-1	-1	-1	-1	-1	-1	-1	-1	-1	-1	-1	-1	-1	4.382	1.995	432	4.359	2.011	1971	4.359	2.011	1971	4.359	2.011	1971	
-1	-1	-1	-1	-1	-1	-1	-1	-1	-1	-1	-1	-1	-1	-1	6.132	2.341	447	6.190	2.494	1997	6.190	2.494	1997	6.190	2.494	1997	
-1	-1	-1	-1	-1	-1	-1	-1	-1	-1	-1	-1	-1	-1	-1	8.234	2.953	403	8.206	2.805	1999	8.207	2.807	1999	8.207	2.807	1999	
-1	-1	-1	-1	-1	-1	-1	-1	-1	-1	-1	-1	-1	-1	-1	10.199	3.071	442	10.269	3.071	2000	10.272	3.076	2000	10.272	3.076	2000	
-1	-1	-1	-1	-1	-1	-1	-1	-1	-1	-1	-1	-1	-1	-1	12.191	3.592	461	12.172	3.414	2000	12.182	3.431	2000	12.183	3.431	2000	
-1	-1	-1	-1	-1	-1	-1	-1	-1	-1	-1	-1	-1	-1	-1	13.432	3.450	414	13.706	3.589	2000	13.725	3.616	2000	13.725	3.617	2000	
-1	-1	-1	-1	-1	-1	-1	-1	-1	-1	-1	-1	-1	-1	-1	15.011	3.777	436	15.015	3.740	2000	15.047	3.786	2000	15.047	3.787	2000	
-1	-1	-1	-1	-1	-1	-1	-1	-1	-1	-1	-1	-1	-1	-1	15.703	3.526	452	15.826	3.858	2000	15.868	3.913	2000	15.868	3.914	2000	
-1	-1	-1	-1	-1	-1	-1	-1	-1	-1	-1	-1	-1	-1	-1	16.197	3.468	436	16.295	3.844	2000	16.345	3.910	2000	16.346	3.911	2000	
-1	-1	-1	-1	-1	-1	-1	-1	-1	-1	-1	-1	-1	-1	-1	16.338	3.996	425	16.292	3.930	2000	16.347	4.001	2000	16.348	4.002	2000	
-1	-1	-1	-1	-1	-1	-1	-1	-1	-1	-1	-1	-1	-1	-1	15.737	3.908	391	15.916	3.898	2000	15.962	3.959	2000	15.962	3.959	2000	
-1	-1	-1	-1	-1	-1	-1	-1	-1	-1	-1	-1	-1	-1	-1	14.871	3.716	431	14.971	3.745	2000	15.008	3.797	2000	15.008	3.798	2000	
-1	-1	-1	-1	-1	-1	-1	-1	-1	-1	-1	-1	-1	-1	-1	13.904	3.723	422	13.994	3.646	2000	14.016	3.675	2000	14.016	3.675	2000	
-1	-1	-1	-1	-1	-1	-1	-1	-1	-1	-1	-1	-1	-1	-1	12.448	3.295	426	12.469	3.426	2000	12.478	3.441	2000	12.479	3.441	2000	
-1	-1	-1	-1	-1	-1	-1	-1	-1	-1	-1	-1	-1	-1	-1	10.627	3.239	405	10.684	3.186	1999	10.688	3.194	1999	10.688	3.194	1999	
-1	-1	-1	-1	-1	-1	-1	-1	-1	-1	-1	-1	-1	-1	-1	8.985	3.019	423	8.822	2.969	1999	8.823	2.971	1999	8.823	2.971	1999	
-1	-1	-1	-1	-1	-1	-1	-1	-1	-1	-1	-1	-1	-1	-1	6.922	2.477	413	6.794	2.592	1998	6.794	2.592	1998	6.794	2.592	1998	
-1	-1	-1	-1	-1	-1	-1	-1	-1	-1	-1	-1	-1	-1	-1	2.743	1.469	404	2.669	1.446	1827	2.669	1.446	1827	2.669	1.446	1827	
-1	-1	-1	-1	-1	-1	-1	-1	-1	-1	-1	-1	-1	-1	-1	3.663	1.812	415	3.767	1.853	1941	3.767	1.853	1941	3.767	1.853	1941	
-1	-1	-1	-1	-1	-1	-1	-1	-1	-1	-1	-1	-1	-1	-1	4.912	2.199	420	4.911	2.161	1982	4.911	2.161	1982	4.911	2.161	1982	
-1	-1	-1	-1	-1	-1	-1	-1	-1	-1	-1	-1	-1	-1	-1	6.045	2.434	415	6.320	2.438	1995	6.320	2.438	1995	6.320	2.438	1995	
-1	-1	-1	-1	-1	-1	-1	-1	-1	-1	-1	-1	-1	-1	-1	7.527	2.660	415	7.672	2.689	2000	7.672	2.690	2000	7.673	2.690	2000	
-1	-1	-1	-1	-1	-1	-1	-1	-1	-1	-1	-1	-1	-1	-1	8.845	2.931	425	8.873	2.942	2000	8.874	2.945	2000	8.875	2.946	2000	
-1	-1	-1	-1	-1	-1	-1	-1	-1	-1	-1	-1	-1	-1	-1	9.845	2.885	425	10.028	3.040	2000	10.031	3.045	2000	10.032	3.045	2000	
-1	-1	-1	-1	-1	-1	-1	-1	-1	-1	-1	-1	-1	-1	-1	10.728	3.139	423	10.910	3.287	2000	10.916	3.300	2000	10.916	3.300	2000	
-1	-1	-1	-1	-1	-1	-1	-1	-1	-1	-1	-1	-1	-1	-1	11.659	3.415	412	11.595	3.360	2000	11.603	3.375	2000	11.603	3.375	2000	
-1	-1	-1	-1	-1	-1	-1	-1	-1	-1	-1	-1	-1	-1	-1	11.647	3.440	447	11.853	3.365	2000	11.862	3.380	2000	11.862	3.380	2000	
-1	-1	-1	-1	-1	-1	-1	-1	-1	-1	-1	-1	-1	-1	-1	11.780	3.223	412	11.804	3.357	2000	11.814	3.376	2000	11.814	3.376	2000	
-1	-1	-1	-1	-1	-1	-1	-1	-1	-1	-1	-1	-1	-1	-1	11.764	3.366	416	11.677	3.325	2000	11.685	3.339	2000	11.685	3.340	2000	
-1	-1	-1	-1	-1	-1	-1	-1	-1	-1	-1	-1	-1	-1	-1	10.799	3.074	431	10.984	3.305	2000	10.990	3.316	2000	10.991	3.316	2000	
-1	-1	-1	-1	-1	-1	-1	-1	-1	-1	-1	-1	-1	-1	-1	10.082	3.227	451	10.231	3.186	1999	10.235	3.193	1999	10.235	3.193	1999	
-1	-1	-1	-1	-1	-1	-1	-1	-1	-1	-1	-1	-1	-1	-1	9.488	3.110	439	9.163	3.007	1999	9.164	3.010	1999	9.164	3.010	1999	
-1	-1	-1	-1	-1	-1	-1	-1	-1	-1	-1	-1	-1	-1	-1	7.869	2.798	414	8.040	2.842	1997	8.041	2.845	1997	8.041	2.845	1997	
-1	-1	-1	-1	-1	-1	-1	-1	-1	-1	-1	-1	-1	-1	-1	6.465	2.590	389	6.696	2.596	2000	6.696	2.597	2000	6.696	2.597	2000	
-1	-1	-1	-1	-1	-1	-1	-1	-1	-1	-1	-1	-1	-1	-1	5.060	2.145	418	5.176	2.205	1985	5.176	2.205	1985	5.176	2.205	1985	
-1	-1	-1	-1	-1	-1	-1	-1	-1	-1	-1	-1	-1	-1	-1	2.428	1.283	374	2.372	1.249	1737	2.372	1.249	1737	2.372	1.249	1737	
-1	-1	-1	-1	-1	-1	-1	-1	-1	-1	-1	-1	-1	-1	-1	3.024	1.664	420	3.044	1.591	1892	3.044	1.591	1892	3.044	1.591	1892	
-1	-1	-1	-1	-1	-1	-1	-1	-1	-1	-1	-1	-1	-1	-1	3.795	1.823	453	3.862	1.863	1951	3.862	1.863	1951	3.862	1.863	1951	
-1	-1	-1	-1	-1	-1	-1	-1	-1	-1	-1	-1	-1	-1	-1	4.739	2.080	394	4.670	2.103	1987	4.670	2.103	1987	4.670	2.103	1987	
-1	-1	-1	-1	-1	-1	-1	-1	-1	-1	-1	-1	-1	-1	-1	5.680	2.454	434	5.642	2.367	1993	5.642	2.367	1993	5.642	2.367	1993	
-1	-1	-1	-1	-1	-1	-1	-1	-1	-1	-1	-1	-1	-1	-1	6.547	2.520	430	6.456	2.477	2000	6.456	2.477	2000	6.456	2.477	2000	
-1	-1	-1	-1	-1	-1	-1	-1	-1	-1	-1	-1	-1	-1	-1	7.325	2.608	412	7.212	2.623	1999	7.212	2.623	1999	7.212	2.623	1999	
-1	-1	-1	-1	-1	-1	-1	-1	-1	-1	-1	-1	-1	-1	-1	7.835	2.747	418	7.855	2.731	1999	7.855	2.731	1999	7.855	2.731	1999	
-1	-1	-1	-1	-1	-1	-1	-1	-1	-1	-1	-1	-1	-1	-1	8.333	2.762	420	8.221	2.799	1998	8.221	2.799	1998	8.221	2.799	1998	
-1	-1	-1	-1	-1	-1	-1	-1	-1	-1	-1	-1	-1	-1	-1	8.397	2.918	398	8.445	2.890	2000	8.445	2.890	2000	8.446	2.890	2000	
-1	-1	-1	-1	-1	-1	-1	-1	-1	-1	-1	-1	-1	-1	-1	8.680	2.896	419	8.484	2.931	1999	8.484	2.931	1999	8.484	2.931	1999	
-1	-1	-1	-1	-1	-1	-1	-1	-1	-1	-1	-1	-1	-1	-1	8.502	3.038	458	8.304	2.866	2000	8.304	2.866	2000	8.304	2.866	2000	
-1	-1	-1	-1	-1	-1	-1	-1	-1	-1	-1	-1	-1	-1	-1	7.914	2.829	442	7.921	2.763	1999	7.921	2.763	1999	7.921	2.763	1999	
-1	-1	-1	-1	-1	-1	-1	-1	-1	-1	-1	-1	-1	-1	-1	7.228	2.674	483	7.305	2.697	2000	7.305	2.697	2000	7.305	2.697	2000	
7	-1	1	7	-1	1	7	-1	1	7	-1	1	7	-1	1	6.631	2.564	439	6.625	2.551	1995	6.625	2.551	1995	6.625	2.551	1995	
-1	-1	-1	-1	-1	-1	-1	-1	-1	-1	-1	-1	-1	-1	-1	5.942	2.399	452	5.881	2.377	1995	5.881	2.377	1995	5.881	2.377	1995	
-1	-1	-1	-1	-1	-1	-1	-1	-1	-1	-1	-1	-1	-1	-1	4.831	2.172	433	4.913	2.179	1982	4.913	2.179	1982	4.913	2.179	1982	
-1	-1	-1	-1	-1	-1	-1	-1	-1	-1	-1	-1	-1	-1	-1	3.971	1.844	412	3.919	1.892	1950	3.919	1.892	1950	3.919	1.892	1950	
-1	-1	-1	-1	-1	-1	-1	-1	-1	-1	-1	-1	-1	-1	-1	2.082	1.121	377	2.023	1.132	1624	2.023	1.132	1624	2.023	1.132	1624	
-1	-1	-1	-1	-1	-1	-1	-1	-1	-1	-1	-1	-1	-1	-1	2.478	1.345	372	2.466	1.304	1798	2.466	1.304	1798	2.466	1.304	1798	
-1	-1	-1	-1	-1	-1	-1	-1	-1	-1	-1	-1	-1	-1	-1	2.971	1.602	414	2.940	1.527	1884	2.940	1.527	1884	2.940	1.527	1884	
-1	-1	-1	-1	-1	-1	-1	-1	-1	-1	-1	-1	-1	-1	-1	3.501	1.798	415	3.478	1.794	1931	3.478	1.794	1931	3.478	1.794	1931	
-1	-1	-1	-1	-1	-1	-1	-1	-1	-1	-1	-1	-1	-1	-1	3.835	1.841	437	3.968	1.889	1962	3.968	1.889	1962	3.968	1.889	1962	
-1	-1	-1	-1	-1	-1	-1	-1	-1	-1	-1	-1	-1	-1	-1	4.395	1.870	410	4.606	2.071	1978	4.606	2.071	1978	4.606	2.071	1978	
-1	-1	-1	-1	-1	-1	-1	-1	-1	-1	-1	-1	-1	-1	-1	5.223	2.254	452	5.136	2.205	1993	5.136	2.205	1993	5.136	2.205	1993	
-1	-1	-1	-1	-1	-1	-1	-1	-1	-1	-1	-1	-1	-1	-1	5.470	2.406	421	5.460	2.259	1994	5.460	2.259	1994	5.460	2.259	1994	
-1	-1	-1	-1	-1	-1	-1	-1	-1	-1	-1	-1	-1	-1	-1	5.688	2.376	426	5.777	2.352	1996	5.777	2.352	1996	5.777	2.352	1996	
-1	-1	-1	-1	-1	-1	-1	-1	-1	-1	-1	-1	-1	-1	-1	6.014	2.366	436	5.958	2.355	1994	5.958	2.355	1994	5.958	2.355	1994	
-1	-1	-1	-1	-1	-1	-1	-1	-1	-1	-1	-1	-1	-1	-1	5.943	2.523	435	5.953	2.438	1995	5.953	2.438	1995	5.953	2.438	1995	
-1	-1	-1	-1	-1	-1	-1	-1	-1	-1	-1	-1	-1	-1	-1	5.723	2.419	440	5.807	2.417	1991	5.807	2.417	1991	5.807	2.417	1991	
-1	-1	-1	-1	-1	-1	-1	-1	-1	-1	-1	-1	-1	-1	-1	5.494	2.412	421	5.612	2.333	1990	5.612	2.333	1990	5.612	2.333	1990	
-1	-1	-1	-1	-1	-1	-1	-1	-1	-1	-1	-1	-1	-1	-1	5.261	2.088	422	5.206	2.265	1985	5.206	2.265	1985	5.206	2.265	1985	
-1	-1	-1	-1	-1	-1	-1	-1	-1	-1	-1	-1	-1	-1	-1	4.788	2.198	415	4.813	2.162	1985	4.813	2.162	1985	4.813	2.162	1985	
-1	-1	-1	-1	-1	-1	-1	-1	-1	-1	-1	-1	-1	-1	-1	4.247	2.059	413	4.219	2.038	1962	4.219	2.038	1962	4.219	2.038	1962	
-1	-1	-1	-1	-1	-1	-1	-1	-1	-1	-1	-1	-1	-1	-1	3.692	1.855	442	3.641	1.814	1933	3.641	1.814	1933	3.641	1.814	1933	
-1	-1	-1	-1	-1	-1	-1	-1	-1	-1	-1	-1	-1	-1	-1	2.868	1.542	402	2.946	1.574	1873	2.946	1.574	1873	2.946	1.574	1873	
1	-1	1	1	-1	1	1	-1	1	1	-1	1	1	-1	1	1.768	0.929	302	1.689	0.893	1380	1.689	0.893	1380	1.689	0.893	1380	
2	-1	1	2	-1	1	2	-1	1	2	-1	1	2	-1	1	1.988	1.049	332	2.043	1.086	1590	2.043	1.086	1590	2.043	1.086	1590	
-1	-1	-1	-1	-1	-1	-1	-1	-1	-1	-1	-1	-1	-1	-1	2.296	1.275	365	2.306	1.282	1731	2.306	1.282	1731	2.306	1.282	1731	
3	-1	1	3	-1	1	3	-1	1	3	-1	1	3	-1	1	2.635	1.353	395	2.613	1.367	1818	2.615	1.368	1819	2.615	1.368	1819	
-1	-1	-1	-1	-1	-1	-1	-1	-1	-1	-1	-1	-1	-1	-1	2.932	1.522	396	2.942	1.575	1884	2.942	1.575	1884	2.942	1.575	1884	
4.500	2.121	2	4.500	2.121	2	4.500	2.121	2	4.500	2.121	2	4.500	2.121	2	3.206	1.617	418	3.260	1.656	1924	3.260	1.656	1924	3.260	1.656	1924	
-1	-1	-1	-1	-1	-1	-1	-1	-1	-1	-1	-1	-1	-1	-1	3.440	1.733	393	3.568	1.784	1937	3.568	1.784	1937	3.568	1.784	1937	
5	1.414	2	5	1.414	2	5	1.414	2	5	1.414	2	5	1.414	2	3.844	1.847	442	3.857	1.877	1954	3.857	1.877	1954	3.857	1.877	1954	
5.667	4.041	3	5.667	4.041	3	5.667	4.041	3	5.667	4.041	3	5.667	4.041	3	4.036	1.950	439	4.006	1.896	1968	4.006	1.896	1968	4.006	1.896	1968	
5	-1	1	5	-1	1	5	-1	1	5	-1	1	5	-1	1	4.198	1.761	440	4.182	1.977	1960	4.182	1.977	1960	4.182	1.977	1960	
6	-1	1	6	-1	1	6	-1	1	6	-1	1	6	-1	1	4.155	1.938	439	4.111	1.900	1970	4.111	1.900	1970	4.111	1.900	1970	
-1	-1	-1	-1	-1	-1	-1	-1	-1	-1	-1	-1	-1	-1	-1	3.981	1.851	419	4.079	1.936	1953	4.079	1.936	1953	4.079	1.936	1953	
-1	-1	-1	-1	-1	-1	-1	-1	-1	-1	-1	-1	-1	-1	-1	3.988	1.854	409	3.927	1.842	1947	3.927	1.842	1947	3.927	1.842	1947	
-1	-1	-1	-1	-1	-1	-1	-1	-1	-1	-1	-1	-1	-1	-1	3.841	1.892	440	3.765	1.852	1934	3.765	1.852	1934	3.765	1.852	1934	
3.333	2.082	3	3.333	2.082	3	3.333	2.082	3	3.333	2.082	3	3.333	2.082	3	3.429	1.680	427	3.418	1.712	1916	3.418	1.712	1916	3.418	1.712	1916	
-1	-1	-1	-1	-1	-1	-1	-1	-1	-1	-1	-1	-1	-1	-1	2.997	1.510	397	3.104	1.610	1893	3.104	1.610	1893	3.104	1.610	1893	
2	1.414	2	2	1.414	2	2	1.414	2	2	1.414	2	2	1.414	2	2.678	1.498	413	2.693	1.507	1817	2.693	1.507	1817	2.693	1.507	1817	
2.500	0.707	2	2.500	0.707	2	2.500	0.707	2	2.500	0.707	2	2.500	0.707	2	2.146	1.205	390	2.242	1.253	1738	2.242	1.253	1738	2.242	1.253	1738	
