3.698	0.448	1999	3.698	0.448	1999	3.697	0.446	1999	3.697	0.446	1999	3.829	0.727	1999	5.564	1.834	1999	7.360	2.422	1999	7.945	2.768	1999	7.973	2.811	1999	
4.001	0.332	2000	4.000	0.329	2000	3.984	0.269	2000	3.982	0.260	2000	4.530	1.131	2000	7.713	2.318	2000	10.223	2.917	2000	11.161	3.234	2000	11.258	3.324	2000	
4.218	0.497	2000	4.216	0.494	2000	4.141	0.317	2000	4.125	0.277	2000	5.259	1.544	2000	9.718	2.566	2000	12.847	3.134	2000	14.028	3.431	2000	14.203	3.526	2000	
4.376	0.672	2000	4.374	0.668	2000	4.224	0.424	2000	4.185	0.339	2000	5.641	1.803	2000	10.639	2.754	2000	14.046	3.394	2000	15.337	3.717	2000	15.536	3.822	2000	
4.572	0.878	2000	4.569	0.875	2000	4.325	0.568	2000	4.246	0.420	2000	6.139	1.984	2000	11.778	2.962	2000	15.570	3.633	2000	16.988	3.958	2000	17.225	4.055	2000	
4.620	0.911	2000	4.618	0.910	2000	4.353	0.613	2000	4.267	0.448	2000	6.244	2.074	2000	11.997	3.008	2000	15.870	3.693	2000	17.309	4.039	2000	17.553	4.134	2000	
4.588	0.891	2000	4.586	0.889	2000	4.337	0.588	2000	4.245	0.432	2000	6.131	2.009	2000	11.805	2.953	2000	15.607	3.629	2000	17.028	3.971	2000	17.266	4.067	2000	
4.492	0.802	2000	4.489	0.796	2000	4.278	0.520	2000	4.215	0.401	2000	5.963	1.890	2000	11.344	2.915	2000	15.005	3.576	2000	16.370	3.893	2000	16.593	3.985	2000	
4.406	0.742	2000	4.403	0.737	2000	4.241	0.473	2000	4.186	0.352	2000	5.719	1.839	2000	10.837	2.877	2000	14.324	3.555	2000	15.634	3.899	2000	15.842	3.998	2000	
4.277	0.591	2000	4.274	0.587	2000	4.164	0.368	2000	4.143	0.315	2000	5.438	1.641	2000	10.090	2.661	2000	13.340	3.305	2000	14.566	3.613	2000	14.750	3.711	2000	
4.165	0.472	2000	4.164	0.471	2000	4.095	0.295	2000	4.085	0.248	2000	5.067	1.456	2000	9.179	2.598	2000	12.134	3.199	2000	13.249	3.519	2000	13.396	3.617	2000	
4.034	0.376	2000	4.034	0.376	2000	4.006	0.287	2000	4.005	0.282	2000	4.616	1.207	2000	7.988	2.421	2000	10.575	3.042	2000	11.548	3.360	2000	11.652	3.450	2000	
3.867	0.382	2000	3.867	0.382	2000	3.861	0.362	2000	3.861	0.362	2000	4.158	0.901	2000	6.632	2.158	2000	8.763	2.741	2000	9.536	3.077	2000	9.590	3.142	2000	
3.609	0.491	1997	3.609	0.491	1997	3.609	0.491	1997	3.609	0.491	1997	3.696	0.664	1997	5.172	1.759	1997	6.828	2.341	1997	7.336	2.672	1997	7.355	2.704	1997	
1.593	0.677	1409	1.593	0.677	1409	1.593	0.677	1409	1.593	0.677	1409	1.613	0.687	1409	1.705	0.828	1409	1.761	0.958	1409	1.762	0.962	1409	1.762	0.962	1409	
3.932	0.943	2000	3.930	0.938	2000	3.623	0.663	2000	3.477	0.482	2000	5.429	1.929	2000	10.536	2.817	2000	13.933	3.531	2000	15.195	3.868	2000	15.414	3.948	2000	
4.813	1.261	2000	4.811	1.258	2000	4.271	1.014	2000	3.888	0.881	2000	6.807	2.435	2000	13.421	3.160	2000	17.749	3.856	2000	19.349	4.242	2000	19.629	4.322	2000	
5.462	1.434	2000	5.456	1.428	2000	4.850	1.211	2000	4.293	1.109	2000	7.784	2.821	2000	15.375	3.456	2000	20.339	4.152	2000	22.172	4.583	2000	22.487	4.663	2000	
5.733	1.439	2000	5.726	1.435	2000	5.061	1.225	2000	4.450	1.176	2000	8.143	2.864	2000	16.141	3.460	2000	21.341	4.104	2000	23.258	4.499	2000	23.587	4.579	2000	
5.773	1.531	2000	5.768	1.531	2000	5.120	1.296	2000	4.498	1.196	2000	8.184	2.921	2000	16.260	3.604	2000	21.501	4.340	2000	23.435	4.756	2000	23.768	4.844	2000	
5.749	1.521	2000	5.742	1.517	2000	5.108	1.269	2000	4.482	1.226	2000	8.169	2.931	2000	16.226	3.624	2000	21.461	4.383	2000	23.385	4.790	2000	23.717	4.875	2000	
5.652	1.472	2000	5.646	1.469	2000	5.020	1.255	2000	4.424	1.196	2000	8.045	2.833	2000	15.942	3.524	2000	21.080	4.203	2000	22.980	4.633	2000	23.306	4.718	2000	
5.459	1.409	2000	5.454	1.408	2000	4.830	1.214	2000	4.318	1.121	2000	7.743	2.717	2000	15.365	3.400	2000	20.327	4.126	2000	22.152	4.524	2000	22.467	4.603	2000	
5.155	1.370	2000	5.149	1.369	2000	4.595	1.147	2000	4.089	1.017	2000	7.361	2.623	2000	14.537	3.316	2000	19.232	4.004	2000	20.962	4.409	2000	21.261	4.483	2000	
4.846	1.282	2000	4.841	1.281	2000	4.350	1.064	2000	3.910	0.917	2000	6.850	2.478	2000	13.550	3.252	2000	17.908	3.962	2000	19.522	4.357	2000	19.802	4.430	2000	
4.394	1.148	2000	4.392	1.147	2000	3.973	0.914	2000	3.686	0.720	2000	6.197	2.231	2000	12.166	3.050	2000	16.089	3.768	2000	17.536	4.138	2000	17.787	4.203	2000	
3.910	0.915	2000	3.907	0.915	2000	3.615	0.662	2000	3.476	0.499	2000	5.397	1.930	2000	10.439	2.836	2000	13.811	3.542	2000	15.058	3.859	2000	15.274	3.928	2000	
3.471	0.591	2000	3.470	0.590	2000	3.346	0.355	2000	3.311	0.265	2000	4.453	1.487	2000	8.326	2.442	2000	11.006	3.061	2000	12.011	3.355	2000	12.172	3.432	2000	
3.175	0.329	1999	3.175	0.328	1999	3.147	0.241	1999	3.150	0.253	1999	3.621	0.978	1999	6.174	2.112	1999	8.159	2.683	1999	8.897	2.970	1999	8.984	3.049	1999	
2.883	0.425	1992	2.882	0.424	1992	2.881	0.420	1992	2.880	0.418	1992	3.006	0.668	1992	4.311	1.663	1992	5.671	2.225	1992	6.114	2.525	1992	6.141	2.566	1992	
2.111	0.682	1881	2.111	0.682	1881	2.111	0.682	1881	2.111	0.682	1881	2.125	0.692	1881	2.413	1.004	1881	2.881	1.485	1881	2.965	1.618	1881	2.966	1.622	1881	
1.526	0.597	1422	1.526	0.597	1422	1.526	0.597	1422	1.526	0.597	1422	1.535	0.603	1422	1.644	0.753	1422	1.749	0.960	1422	1.759	0.992	1422	1.759	0.992	1422	
1.329	0.479	1071	1.329	0.479	1071	1.329	0.479	1071	1.329	0.479	1071	1.338	0.490	1071	1.403	0.596	1071	1.430	0.665	1071	1.430	0.665	1071	1.430	0.665	1071	
7.204	1.723	2000	7.196	1.718	2000	6.354	1.446	2000	5.530	1.477	2000	10.198	3.539	2000	20.297	4.097	2000	26.832	4.762	2000	29.252	5.277	2000	29.662	5.382	2000	
7.468	1.778	2000	7.461	1.772	2000	6.613	1.468	2000	5.749	1.497	2000	10.595	3.618	2000	21.071	4.031	2000	27.868	4.662	2000	30.378	5.163	2000	30.801	5.262	2000	
7.583	1.804	2000	7.575	1.797	2000	6.715	1.505	2000	5.836	1.522	2000	10.736	3.661	2000	21.387	4.153	2000	28.292	4.833	2000	30.847	5.377	2000	31.277	5.487	2000	
7.601	1.744	2000	7.594	1.738	2000	6.732	1.483	2000	5.857	1.519	2000	10.774	3.669	2000	21.469	4.126	2000	28.382	4.736	2000	30.939	5.248	2000	31.371	5.353	2000	
7.492	1.771	2000	7.485	1.766	2000	6.638	1.493	2000	5.783	1.531	2000	10.623	3.620	2000	21.134	4.064	2000	27.965	4.812	2000	30.485	5.319	2000	30.910	5.424	2000	
7.373	1.740	2000	7.366	1.735	2000	6.532	1.444	2000	5.689	1.505	2000	10.490	3.576	2000	20.843	4.055	2000	27.577	4.755	2000	30.058	5.241	2000	30.476	5.339	2000	
7.076	1.633	2000	7.069	1.629	2000	6.282	1.415	2000	5.458	1.441	2000	10.058	3.441	2000	19.987	3.872	2000	26.455	4.623	2000	28.831	5.065	2000	29.233	5.161	2000	
6.727	1.607	2000	6.721	1.605	2000	5.950	1.370	2000	5.188	1.416	2000	9.570	3.369	2000	19.005	3.903	2000	25.133	4.639	2000	27.391	5.095	2000	27.773	5.185	2000	
6.246	1.578	2000	6.240	1.576	2000	5.526	1.324	2000	4.818	1.326	2000	8.866	3.121	2000	17.626	3.753	2000	23.319	4.472	2000	25.414	4.912	2000	25.768	4.996	2000	
5.613	1.469	2000	5.607	1.465	2000	4.977	1.234	2000	4.339	1.227	2000	7.985	2.869	2000	15.843	3.555	2000	20.957	4.267	2000	22.840	4.678	2000	23.159	4.750	2000	
4.702	1.288	2000	4.699	1.286	2000	4.164	1.107	2000	3.678	1.004	2000	6.684	2.487	2000	13.246	3.225	2000	17.518	3.944	2000	19.090	4.317	2000	19.359	4.385	2000	
3.695	1.022	2000	3.691	1.020	2000	3.329	0.830	2000	3.069	0.644	2000	5.201	1.932	2000	10.209	2.795	2000	13.505	3.454	2000	14.722	3.778	2000	14.932	3.838	2000	
2.716	0.385	2000	2.716	0.385	2000	2.667	0.261	2000	2.654	0.217	2000	3.315	1.065	2000	5.921	2.025	2000	7.840	2.587	2000	8.550	2.831	2000	8.651	2.897	2000	
8.363	1.919	2000	8.356	1.912	2000	7.410	1.596	2000	6.445	1.619	2000	11.890	4.019	2000	23.638	4.432	2000	31.230	4.976	2000	34.035	5.499	2000	34.512	5.611	2000	
9.051	2.004	2000	9.044	1.998	2000	8.013	1.701	2000	6.955	1.724	2000	12.816	4.281	2000	25.522	4.544	2000	33.739	5.159	2000	36.777	5.734	2000	37.292	5.846	2000	
9.434	2.112	2000	9.423	2.102	2000	8.342	1.745	2000	7.264	1.805	2000	13.385	4.476	2000	26.599	4.719	2000	35.158	5.283	2000	38.321	5.875	2000	38.857	5.998	2000	
9.715	2.099	2000	9.705	2.089	2000	8.602	1.732	2000	7.489	1.809	2000	13.791	4.547	2000	27.430	4.778	2000	36.251	5.267	2000	39.512	5.830	2000	40.066	5.952	2000	
9.793	2.099	2000	9.783	2.088	2000	8.667	1.729	2000	7.546	1.843	2000	13.914	4.600	2000	27.657	4.743	2000	36.561	5.241	2000	39.856	5.798	2000	40.414	5.917	2000	
9.783	2.090	2000	9.772	2.079	2000	8.684	1.770	2000	7.550	1.838	2000	13.924	4.579	2000	27.650	4.762	2000	36.567	5.370	2000	39.852	5.910	2000	40.411	6.045	2000	
9.713	2.114	2000	9.705	2.106	2000	8.619	1.772	2000	7.500	1.848	2000	13.816	4.631	2000	27.431	4.864	2000	36.268	5.447	2000	39.530	6.010	2000	40.085	6.144	2000	
9.484	2.055	2000	9.473	2.047	2000	8.404	1.718	2000	7.302	1.782	2000	13.486	4.450	2000	26.795	4.714	2000	35.439	5.378	2000	38.614	5.904	2000	39.153	6.029	2000	
9.090	1.973	2000	9.082	1.968	2000	8.045	1.645	2000	7.012	1.736	2000	12.907	4.294	2000	25.664	4.556	2000	33.940	5.157	2000	36.996	5.715	2000	37.513	5.828	2000	
8.533	1.896	2000	8.526	1.893	2000	7.573	1.599	2000	6.572	1.657	2000	12.126	4.104	2000	24.107	4.411	2000	31.886	5.077	2000	34.750	5.589	2000	35.236	5.697	2000	
7.970	1.832	2000	7.962	1.828	2000	7.060	1.575	2000	6.152	1.596	2000	11.326	3.881	2000	22.522	4.358	2000	29.780	5.070	2000	32.451	5.563	2000	32.905	5.665	2000	
7.189	1.725	2000	7.182	1.721	2000	6.360	1.472	2000	5.532	1.496	2000	10.219	3.574	2000	20.297	4.204	2000	26.839	4.998	2000	29.239	5.443	2000	29.646	5.528	2000	
6.068	1.519	2000	6.061	1.516	2000	5.380	1.301	2000	4.682	1.297	2000	8.640	3.087	2000	17.151	3.723	2000	22.675	4.411	2000	24.702	4.799	2000	25.050	4.876	2000	
10.006	2.234	2000	9.996	2.226	2000	8.857	1.844	2000	7.686	1.883	2000	14.191	4.717	2000	28.237	5.053	2000	37.307	5.638	2000	40.659	6.211	2000	41.239	6.332	2000	
10.818	2.297	2000	10.808	2.286	2000	9.581	1.890	2000	8.321	1.983	2000	15.376	5.062	2000	30.552	5.228	2000	40.363	5.654	2000	43.990	6.232	2000	44.620	6.375	2000	
11.473	2.444	2000	11.462	2.433	2000	10.153	1.995	2000	8.833	2.063	2000	16.267	5.268	2000	32.359	5.419	2000	42.751	5.822	2000	46.584	6.468	2000	47.246	6.606	2000	
11.936	2.458	2000	11.924	2.448	2000	10.586	2.037	2000	9.194	2.146	2000	16.954	5.474	2000	33.728	5.453	2000	44.581	5.862	2000	48.587	6.459	2000	49.294	6.609	2000	
12.284	2.526	2000	12.272	2.518	2000	10.869	2.066	2000	9.462	2.183	2000	17.446	5.598	2000	34.689	5.620	2000	45.834	5.945	2000	49.961	6.592	2000	50.683	6.758	2000	
12.413	2.503	2000	12.400	2.491	2000	11.000	2.051	2000	9.553	2.171	2000	17.618	5.676	2000	35.037	5.611	2000	46.297	5.897	2000	50.459	6.514	2000	51.183	6.668	2000	
12.439	2.518	2000	12.427	2.504	2000	10.995	2.085	2000	9.580	2.187	2000	17.627	5.627	2000	35.069	5.563	2000	46.349	5.796	2000	50.533	6.445	2000	51.275	6.620	2000	
12.317	2.478	2000	12.307	2.469	2000	10.915	2.074	2000	9.492	2.200	2000	17.515	5.642	2000	34.779	5.505	2000	45.956	5.937	2000	50.075	6.594	2000	50.795	6.762	2000	
11.968	2.443	2000	11.956	2.434	2000	10.616	2.035	2000	9.229	2.144	2000	17.009	5.492	2000	33.808	5.428	2000	44.686	5.826	2000	48.704	6.430	2000	49.413	6.575	2000	
11.477	2.313	2000	11.467	2.308	2000	10.176	1.930	2000	8.853	2.056	2000	16.305	5.245	2000	32.413	5.229	2000	42.837	5.545	2000	46.693	6.141	2000	47.371	6.289	2000	
10.773	2.292	2000	10.763	2.283	2000	9.536	1.867	2000	8.315	2.005	2000	15.317	5.025	2000	30.413	5.185	2000	40.192	5.686	2000	43.805	6.281	2000	44.442	6.410	2000	
9.805	2.108	2000	9.797	2.103	2000	8.696	1.795	2000	7.569	1.856	2000	13.917	4.593	2000	27.711	4.958	2000	36.622	5.570	2000	39.911	6.099	2000	40.486	6.219	2000	
8.794	1.958	2000	8.784	1.951	2000	7.777	1.612	2000	6.772	1.695	2000	12.485	4.209	2000	24.780	4.592	2000	32.754	5.203	2000	35.684	5.659	2000	36.203	5.766	2000	
7.774	1.823	2000	7.766	1.818	2000	6.864	1.536	2000	5.973	1.533	2000	11.013	3.762	2000	21.907	4.316	2000	28.941	4.964	2000	31.531	5.407	2000	31.984	5.499	2000	
4.809	1.315	2000	4.806	1.314	2000	4.261	1.137	2000	3.742	1.071	2000	6.846	2.566	2000	13.560	3.314	2000	17.903	3.970	2000	19.506	4.298	2000	19.786	4.361	2000	
4.393	1.250	2000	4.389	1.249	2000	3.908	1.072	2000	3.465	0.970	2000	6.269	2.408	2000	12.386	3.242	2000	16.353	3.941	2000	17.812	4.240	2000	18.068	4.305	2000	
4.092	1.145	2000	4.090	1.145	2000	3.650	0.973	2000	3.267	0.883	2000	5.859	2.255	2000	11.517	3.053	2000	15.198	3.651	2000	16.557	3.933	2000	16.794	3.994	2000	
3.488	0.969	2000	3.486	0.968	2000	3.157	0.779	2000	2.928	0.634	2000	4.912	1.932	2000	9.627	2.759	2000	12.709	3.357	2000	13.846	3.608	2000	14.038	3.668	2000	
3.300	0.873	2000	3.297	0.871	2000	3.010	0.680	2000	2.831	0.558	2000	4.597	1.777	2000	8.990	2.617	2000	11.860	3.175	2000	12.926	3.414	2000	13.100	3.476	2000	
2.812	0.587	2000	2.808	0.584	2000	2.683	0.421	2000	2.638	0.339	2000	3.678	1.366	2000	6.971	2.305	2000	9.199	2.854	2000	10.040	3.083	2000	10.155	3.151	2000	
11.313	2.494	2000	11.304	2.488	2000	10.027	2.072	2000	8.727	2.179	2000	16.055	5.341	2000	31.863	5.556	2000	42.110	6.106	2000	46.039	6.644	2000	46.495	6.607	2000	
12.436	2.677	2000	12.425	2.665	2000	11.017	2.203	2000	9.597	2.299	2000	17.645	5.800	2000	35.032	5.945	2000	46.332	6.429	2000	50.597	6.851	2000	51.089	6.832	2000	
13.447	2.828	2000	13.434	2.819	2000	11.906	2.351	2000	10.358	2.392	2000	19.078	6.236	2000	37.895	6.265	2000	50.203	6.792	2000	54.650	7.127	2000	55.206	7.084	2000	
14.219	2.982	2000	14.205	2.965	2000	12.601	2.433	2000	10.956	2.523	2000	20.155	6.445	2000	40.036	6.460	2000	52.999	6.978	2000	57.828	7.337	2000	58.449	7.258	2000	
14.846	3.103	2000	14.832	3.093	2000	13.154	2.580	2000	11.429	2.676	2000	21.042	6.820	2000	41.763	6.696	2000	55.392	7.289	2000	60.382	7.710	2000	60.926	7.572	2000	
15.216	3.084	2000	15.201	3.071	2000	13.482	2.529	2000	11.743	2.726	2000	21.591	6.949	2000	42.823	6.686	2000	56.687	7.057	2000	61.835	7.441	2000	62.503	7.390	2000	
15.555	3.133	2000	15.538	3.122	2000	13.768	2.560	2000	11.979	2.739	2000	22.078	7.105	2000	43.764	6.708	2000	58.008	7.238	2000	63.185	7.695	2000	63.777	7.456	2000	
15.501	3.128	2000	15.485	3.109	2000	13.734	2.579	2000	11.959	2.747	2000	22.033	7.074	2000	43.797	6.791	2000	58.224	7.452	2000	63.377	7.764	2000	63.883	7.564	2000	
15.365	3.139	2000	15.351	3.130	2000	13.632	2.573	2000	11.845	2.715	2000	21.834	7.022	2000	43.393	6.795	2000	57.595	7.319	2000	62.592	7.548	2000	63.241	7.473	2000	
14.921	3.014	2000	14.907	3.001	2000	13.227	2.536	2000	11.498	2.650	2000	21.164	6.769	2000	42.040	6.467	2000	55.838	7.108	2000	60.909	7.558	2000	61.428	7.369	2000	
14.198	2.896	2000	14.184	2.884	2000	12.572	2.394	2000	10.971	2.635	2000	20.169	6.562	2000	40.041	6.446	2000	53.095	6.890	2000	57.854	7.256	2000	58.464	7.125	2000	
13.174	2.669	2000	13.162	2.662	2000	11.669	2.221	2000	10.175	2.382	2000	18.722	6.108	2000	37.197	6.058	2000	49.272	6.581	2000	53.776	7.058	2000	54.325	7.015	2000	
11.906	2.483	2000	11.896	2.477	2000	10.532	2.036	2000	9.185	2.146	2000	16.915	5.543	2000	33.537	5.657	2000	44.350	6.129	2000	48.376	6.598	2000	48.865	6.638	2000	
10.196	2.170	2000	10.186	2.160	2000	9.033	1.820	2000	7.863	1.943	2000	14.466	4.788	2000	28.754	5.086	2000	38.047	5.575	2000	41.555	6.114	2000	41.980	6.113	2000	
8.628	1.942	2000	8.619	1.939	2000	7.658	1.678	2000	6.655	1.708	2000	12.270	4.163	2000	24.352	4.675	2000	32.281	5.276	2000	35.209	5.750	2000	35.547	5.857	2000	
6.805	1.662	2000	6.797	1.660	2000	6.044	1.428	2000	5.255	1.417	2000	9.674	3.427	2000	19.226	4.059	2000	25.589	4.663	2000	27.832	5.045	2000	28.039	5.124	2000	
4.939	1.340	2000	4.935	1.338	2000	4.382	1.152	2000	3.850	1.109	2000	7.033	2.612	2000	13.917	3.335	2000	18.643	4.059	2000	20.183	4.351	2000	20.290	4.385	2000	
4.680	1.291	2000	4.674	1.288	2000	4.165	1.087	2000	3.684	1.029	2000	6.682	2.487	2000	13.191	3.268	2000	17.688	3.941	2000	19.123	4.215	2000	19.221	4.250	2000	
4.451	1.249	2000	4.445	1.245	2000	3.953	1.062	2000	3.538	0.964	2000	6.335	2.446	2000	12.497	3.241	2000	16.757	3.928	2000	18.101	4.171	2000	18.196	4.206	2000	
4.435	1.249	2000	4.431	1.249	2000	3.933	1.055	2000	3.515	0.970	2000	6.309	2.394	2000	12.465	3.214	2000	16.716	3.895	2000	18.081	4.130	2000	18.171	4.163	2000	
4.236	1.189	2000	4.232	1.188	2000	3.772	1.011	2000	3.391	0.888	2000	6.025	2.304	2000	11.877	3.127	2000	15.916	3.750	2000	17.210	3.988	2000	17.297	4.021	2000	
4.004	1.132	2000	4.000	1.130	2000	3.577	0.939	2000	3.243	0.786	2000	5.672	2.176	2000	11.170	2.985	2000	14.981	3.648	2000	16.181	3.860	2000	16.257	3.886	2000	
12.265	2.923	2000	12.253	2.913	2000	10.861	2.480	2000	9.453	2.486	2000	17.352	5.910	2000	34.509	6.925	2000	45.300	6.708	2000	49.180	6.730	2000	49.700	6.799	2000	
13.802	3.251	2000	13.788	3.241	2000	12.231	2.719	2000	10.658	2.731	2000	19.563	6.690	2000	38.757	7.594	2000	50.866	7.331	2000	55.049	7.086	2000	55.677	7.124	2000	
15.175	3.603	2000	15.160	3.590	2000	13.427	3.010	2000	11.704	3.026	2000	21.492	7.402	2000	42.558	8.241	2000	55.777	7.772	2000	60.543	7.446	2000	61.224	7.456	2000	
16.299	3.987	2000	16.284	3.978	2000	14.443	3.341	2000	12.562	3.308	2000	23.038	7.823	2000	45.903	9.074	2000	60.182	8.291	2000	65.277	7.752	2000	65.975	7.752	2000	
17.256	4.175	2000	17.237	4.152	2000	15.290	3.525	2000	13.324	3.583	2000	24.458	8.485	2000	48.654	9.824	2000	63.835	8.669	2000	69.137	8.112	2000	69.793	7.980	2000	
17.920	4.147	2000	17.904	4.140	2000	15.883	3.570	2000	13.851	3.706	2000	25.421	8.574	2000	50.865	9.985	2000	66.605	8.784	2000	72.149	8.025	2000	72.921	7.977	2000	
18.573	4.428	2000	18.554	4.415	2000	16.470	3.723	2000	14.332	3.787	2000	26.350	9.138	2000	52.638	10.578	2000	68.743	9.170	2000	74.468	8.351	2000	75.168	8.162	2000	
19.042	4.536	2000	19.023	4.523	2000	16.873	3.813	2000	14.678	3.807	2000	27.067	9.499	2000	53.841	10.708	2000	70.135	9.303	2000	75.885	8.188	2000	76.673	8.075	2000	
19.046	4.427	2000	19.027	4.413	2000	16.866	3.805	2000	14.694	3.791	2000	27.007	9.353	2000	53.765	10.654	2000	70.541	9.251	2000	76.324	8.205	2000	77.146	8.119	2000	
18.784	4.340	2000	18.765	4.320	2000	16.630	3.573	2000	14.492	3.736	2000	26.642	9.009	2000	53.107	10.384	2000	69.243	9.070	2000	75.124	8.082	2000	75.910	7.849	2000	
18.466	4.299	2000	18.448	4.285	2000	16.368	3.634	2000	14.261	3.733	2000	26.170	8.919	2000	52.009	10.451	2000	67.773	8.948	2000	73.509	8.273	2000	74.265	8.156	2000	
17.414	4.027	2000	17.399	4.020	2000	15.446	3.435	2000	13.453	3.517	2000	24.748	8.637	2000	49.173	9.962	2000	64.467	8.706	2000	69.562	8.035	2000	70.350	7.986	2000	
16.141	3.856	2000	16.124	3.851	2000	14.295	3.216	2000	12.448	3.262	2000	22.880	7.921	2000	45.604	9.171	2000	59.419	8.220	2000	64.420	7.524	2000	65.046	7.489	2000	
13.907	3.254	2000	13.894	3.243	2000	12.330	2.748	2000	10.725	2.762	2000	19.722	6.733	2000	39.256	7.776	2000	51.506	7.230	2000	55.748	7.018	2000	56.425	7.140	2000	
11.478	2.671	2000	11.467	2.667	2000	10.161	2.249	2000	8.864	2.345	2000	16.277	5.561	2000	32.355	6.476	2000	42.544	6.435	2000	46.157	6.449	2000	46.672	6.517	2000	
4.482	1.244	2000	4.478	1.244	2000	4.012	1.036	2000	3.683	0.910	2000	6.373	2.384	2000	13.707	3.390	2000	17.032	3.950	2000	17.912	4.191	2000	18.053	4.236	2000	
4.532	1.230	2000	4.528	1.230	2000	4.061	1.032	2000	3.714	0.901	2000	6.431	2.393	2000	13.835	3.324	2000	17.230	3.802	2000	18.119	4.025	2000	18.256	4.068	2000	
4.411	1.217	2000	4.405	1.213	2000	3.954	0.995	2000	3.625	0.851	2000	6.255	2.339	2000	13.473	3.339	2000	16.799	3.786	2000	17.653	3.987	2000	17.785	4.031	2000	
4.146	1.131	2000	4.143	1.132	2000	3.732	0.920	2000	3.484	0.754	2000	5.847	2.220	2000	12.876	3.391	2000	15.582	3.723	2000	16.311	3.911	2000	16.427	3.955	2000	
3.799	0.962	2000	3.794	0.957	2000	3.493	0.745	2000	3.323	0.630	2000	5.260	1.975	2000	11.901	3.311	2000	14.008	3.512	2000	14.648	3.662	2000	14.743	3.710	2000	
7.676	1.812	2000	7.669	1.806	2000	6.787	1.517	2000	5.923	1.574	2000	10.900	3.772	2000	21.661	4.275	2000	28.596	4.890	2000	31.209	5.318	2000	31.578	5.408	2000	
9.769	2.150	2000	9.761	2.146	2000	8.645	1.789	2000	7.541	1.886	2000	13.881	4.689	2000	27.545	4.964	2000	36.386	5.570	2000	39.698	6.022	2000	40.165	6.104	2000	
12.061	2.556	2000	12.051	2.550	2000	10.689	2.138	2000	9.310	2.268	2000	17.158	5.730	2000	34.027	5.779	2000	44.961	6.392	2000	49.013	6.885	2000	49.627	6.988	2000	
13.762	2.828	2000	13.750	2.822	2000	12.190	2.330	2000	10.603	2.486	2000	19.540	6.351	2000	38.777	6.236	2000	51.200	6.539	2000	55.841	7.048	2000	56.519	7.112	2000	
15.446	3.102	2000	15.431	3.091	2000	13.677	2.458	2000	11.897	2.683	2000	21.939	7.043	2000	43.564	6.649	2000	57.585	6.852	2000	62.839	7.428	2000	63.511	7.398	2000	
16.934	3.317	2000	16.918	3.301	2000	14.996	2.680	2000	13.039	2.948	2000	24.046	7.664	2000	47.736	7.185	2000	63.123	7.303	2000	68.935	7.900	2000	69.737	7.920	2000	
18.257	3.581	2000	18.237	3.562	2000	16.160	2.975	2000	14.084	3.175	2000	25.922	8.234	2000	51.448	7.651	2000	67.987	7.690	2000	74.226	8.291	2000	75.006	8.239	2000	
19.405	3.741	2000	19.387	3.733	2000	17.179	3.000	2000	14.935	3.280	2000	27.517	8.618	2000	54.675	7.818	2000	72.366	7.673	2000	79.005	8.287	2000	79.821	8.198	2000	
20.283	3.931	2000	20.264	3.918	2000	17.948	3.198	2000	15.607	3.432	2000	28.778	9.092	2000	57.159	8.212	2000	75.521	7.976	2000	82.372	8.627	2000	83.389	8.613	2000	
21.028	3.945	2000	21.008	3.930	2000	18.623	3.177	2000	16.214	3.508	2000	29.855	9.253	2000	59.252	8.261	2000	78.370	8.028	2000	85.577	8.755	2000	86.432	8.546	2000	
21.433	4.030	2000	21.414	4.016	2000	18.982	3.290	2000	16.514	3.559	2000	30.416	9.422	2000	60.484	8.310	2000	80.087	8.124	2000	87.378	8.846	2000	88.271	8.547	2000	
21.638	4.024	2000	21.617	4.006	2000	19.175	3.310	2000	16.679	3.601	2000	30.716	9.545	2000	60.995	8.428	2000	80.688	8.234	2000	88.195	8.903	2000	89.141	8.734	2000	
21.502	4.105	2000	21.482	4.088	2000	19.033	3.292	2000	16.580	3.587	2000	30.501	9.425	2000	60.600	8.253	2000	80.216	8.057	2000	87.506	8.736	2000	88.512	8.594	2000	
20.829	3.816	2000	20.809	3.801	2000	18.440	3.118	2000	16.055	3.483	2000	29.578	9.141	2000	58.777	7.999	2000	77.850	8.008	2000	84.954	8.757	2000	85.829	8.545	2000	
19.745	3.702	2000	19.726	3.686	2000	17.491	2.956	2000	15.233	3.410	2000	28.037	8.717	2000	55.750	7.770	2000	73.804	7.810	2000	80.521	8.451	2000	81.332	8.359	2000	
18.066	3.366	2000	18.048	3.352	2000	16.017	2.793	2000	13.959	3.108	2000	25.694	8.096	2000	51.027	7.389	2000	67.512	7.469	2000	73.697	8.136	2000	74.550	8.108	2000	
15.606	3.016	2000	15.592	3.005	2000	13.816	2.462	2000	12.025	2.675	2000	22.172	7.069	2000	44.022	6.691	2000	58.175	6.856	2000	63.450	7.493	2000	64.154	7.487	2000	
7.889	1.910	2000	7.882	1.905	2000	6.996	1.626	2000	6.141	1.586	2000	11.187	3.851	2000	22.079	4.355	2000	29.600	5.063	2000	31.588	5.405	2000	31.954	5.476	2000	
10.869	2.379	2000	10.859	2.374	2000	9.616	1.987	2000	8.377	2.095	2000	15.380	5.118	2000	30.448	5.307	2000	40.368	5.690	2000	43.543	6.175	2000	44.039	6.253	2000	
12.848	2.710	2000	12.839	2.704	2000	11.412	2.269	2000	9.901	2.412	2000	18.252	5.934	2000	36.131	5.918	2000	47.687	6.286	2000	51.707	6.780	2000	52.308	6.887	2000	
14.815	3.070	2000	14.802	3.060	2000	13.115	2.528	2000	11.417	2.664	2000	21.026	6.837	2000	41.564	6.662	2000	54.734	6.942	2000	59.435	7.291	2000	60.152	7.436	2000	
16.680	3.362	2000	16.664	3.350	2000	14.752	2.795	2000	12.850	2.910	2000	23.635	7.539	2000	46.755	7.278	2000	61.536	7.403	2000	66.776	7.630	2000	67.596	7.778	2000	
18.474	3.649	2000	18.459	3.638	2000	16.325	3.049	2000	14.195	3.176	2000	26.110	8.264	2000	51.669	7.695	2000	68.018	7.732	2000	73.841	7.921	2000	74.779	8.083	2000	
20.052	3.983	2000	20.033	3.967	2000	17.733	3.249	2000	15.440	3.419	2000	28.444	9.055	2000	56.151	8.265	2000	73.965	8.269	2000	80.122	8.372	2000	81.132	8.528	2000	
21.238	4.136	2000	21.219	4.114	2000	18.787	3.358	2000	16.361	3.625	2000	30.109	9.443	2000	59.599	8.563	2000	78.660	8.545	2000	85.114	8.510	2000	86.131	8.609	2000	
22.388	4.231	2000	22.366	4.215	2000	19.823	3.392	2000	17.296	3.806	2000	31.748	9.863	2000	62.825	8.909	2000	82.753	8.566	2000	89.670	8.533	2000	90.767	8.622	2000	
23.304	4.520	2000	23.281	4.496	2000	20.650	3.675	2000	17.957	3.940	2000	33.014	10.276	2000	65.286	8.969	2000	85.876	8.733	2000	93.113	8.714	2000	94.225	8.778	2000	
23.878	4.472	2000	23.855	4.461	2000	21.172	3.614	2000	18.390	4.021	2000	33.819	10.409	2000	67.018	9.185	2000	88.451	9.098	2000	95.554	8.774	2000	96.715	8.838	2000	
24.145	4.612	2000	24.121	4.597	2000	21.382	3.674	2000	18.594	3.948	2000	34.205	10.561	2000	67.764	9.340	2000	89.376	9.095	2000	96.757	8.723	2000	97.944	8.853	2000	
24.013	4.478	2000	23.991	4.461	2000	21.287	3.628	2000	18.539	3.990	2000	34.011	10.523	2000	67.398	9.429	2000	88.849	9.264	2000	96.221	8.971	2000	97.428	9.072	2000	
23.378	4.385	2000	23.354	4.367	2000	20.717	3.631	2000	18.064	3.993	2000	33.122	10.199	2000	65.664	8.991	2000	86.695	8.934	2000	93.871	8.646	2000	95.025	8.726	2000	
22.237	4.163	2000	22.216	4.143	2000	19.701	3.366	2000	17.167	3.728	2000	31.533	9.823	2000	62.385	8.716	2000	82.229	8.700	2000	89.021	8.656	2000	90.113	8.747	2000	
20.202	3.793	2000	20.185	3.781	2000	17.903	3.146	2000	15.594	3.508	2000	28.636	8.936	2000	56.699	8.169	2000	74.710	8.204	2000	80.923	8.093	2000	81.945	8.247	2000	
16.840	3.229	2000	16.822	3.219	2000	14.927	2.686	2000	13.002	2.963	2000	23.868	7.506	2000	47.286	7.016	2000	62.272	7.189	2000	67.563	7.421	2000	68.392	7.570	2000	
12.522	2.697	2000	12.508	2.693	2000	11.094	2.266	2000	9.672	2.380	2000	17.753	5.859	2000	35.055	6.007	2000	46.164	6.224	2000	49.955	6.752	2000	50.571	6.857	2000	
14.573	3.032	2000	14.562	3.026	2000	12.912	2.510	2000	11.204	2.686	2000	20.644	6.668	2000	40.742	6.506	2000	53.509	6.656	2000	58.022	7.144	2000	58.748	7.261	2000	
16.624	3.404	2000	16.608	3.392	2000	14.739	2.828	2000	12.816	3.016	2000	23.553	7.522	2000	46.539	7.401	2000	60.910	7.112	2000	66.111	7.605	2000	66.945	7.771	2000	
18.528	3.744	2000	18.510	3.736	2000	16.435	3.035	2000	14.314	3.295	2000	26.294	8.481	2000	51.981	8.130	2000	68.119	7.533	2000	73.952	7.930	2000	74.891	8.080	2000	
20.268	4.037	2000	20.251	4.027	2000	17.947	3.314	2000	15.622	3.580	2000	28.718	9.073	2000	56.729	8.285	2000	74.342	7.889	2000	80.663	8.055	2000	81.713	8.229	2000	
21.791	4.359	2000	21.768	4.348	2000	19.309	3.518	2000	16.790	3.777	2000	30.880	9.782	2000	60.991	8.947	2000	79.900	8.478	2000	86.760	8.853	2000	87.871	9.031	2000	
23.122	4.497	2000	23.101	4.487	2000	20.480	3.693	2000	17.827	4.047	2000	32.756	10.257	2000	64.832	9.669	2000	85.070	8.818	2000	92.106	8.757	2000	93.305	8.919	2000	
24.246	4.760	2000	24.222	4.739	2000	21.469	3.918	2000	18.698	4.180	2000	34.298	10.656	2000	67.935	9.885	2000	89.030	8.712	2000	96.470	8.746	2000	97.680	8.886	2000	
25.169	4.807	2000	25.144	4.793	2000	22.285	4.035	2000	19.426	4.339	2000	35.635	11.098	2000	70.488	10.543	2000	92.130	8.976	2000	99.970	8.898	2000	101.244	9.071	2000	
25.523	4.988	2000	25.497	4.964	2000	22.596	4.036	2000	19.658	4.277	2000	36.026	11.133	2000	71.314	10.089	2000	93.252	9.041	2000	101.233	9.006	2000	102.505	9.138	2000	
25.422	4.684	2000	25.398	4.672	2000	22.552	3.917	2000	19.612	4.233	2000	36.008	11.067	2000	71.376	10.038	2000	93.603	8.842	2000	101.426	8.889	2000	102.696	8.952	2000	
24.849	4.661	2000	24.829	4.649	2000	22.028	3.828	2000	19.198	4.182	2000	35.243	10.980	2000	69.760	9.971	2000	91.453	8.994	2000	99.263	9.173	2000	100.514	9.281	2000	
23.739	4.480	2000	23.715	4.469	2000	21.081	3.684	2000	18.359	4.039	2000	33.633	10.321	2000	66.554	9.747	2000	87.183	8.591	2000	94.548	8.555	2000	95.744	8.669	2000	
21.568	4.137	2000	21.548	4.128	2000	19.129	3.395	2000	16.651	3.668	2000	30.546	9.539	2000	60.451	8.798	2000	79.214	8.310	2000	85.829	8.487	2000	86.901	8.631	2000	
17.996	3.499	2000	17.977	3.487	2000	15.924	2.885	2000	13.881	3.106	2000	25.503	8.023	2000	50.408	7.673	2000	66.032	7.401	2000	71.665	7.814	2000	72.571	7.934	2000	
12.863	2.863	2000	12.847	2.856	2000	11.386	2.403	2000	9.938	2.533	2000	18.223	6.102	2000	35.975	6.301	2000	47.197	6.291	2000	51.230	6.933	2000	51.895	7.068	2000	
14.712	3.229	2000	14.698	3.219	2000	13.020	2.654	2000	11.351	2.836	2000	20.851	6.928	2000	41.091	7.021	2000	53.877	6.813	2000	58.535	7.419	2000	59.294	7.578	2000	
16.506	3.549	2000	16.488	3.533	2000	14.603	2.908	2000	12.708	3.087	2000	23.393	7.766	2000	46.073	7.538	2000	60.437	7.213	2000	65.745	7.720	2000	66.596	7.888	2000	
18.876	4.022	2000	18.858	4.005	2000	16.705	3.339	2000	14.547	3.432	2000	26.698	8.538	2000	52.843	8.387	2000	69.091	7.612	2000	75.033	8.054	2000	76.001	8.209	2000	
20.559	4.330	2000	20.542	4.325	2000	18.216	3.528	2000	15.867	3.852	2000	29.110	9.299	2000	57.586	9.174	2000	75.295	7.938	2000	81.947	8.226	2000	83.014	8.395	2000	
22.454	4.712	2000	22.435	4.701	2000	19.885	3.881	2000	17.305	4.108	2000	31.749	10.201	2000	62.782	10.053	2000	82.133	8.143	2000	89.189	8.475	2000	90.368	8.654	2000	
23.928	4.926	2000	23.907	4.913	2000	21.190	4.104	2000	18.461	4.383	2000	33.895	11.002	2000	67.040	10.582	2000	87.511	8.499	2000	95.065	8.678	2000	96.307	8.853	2000	
24.964	5.126	2000	24.943	5.108	2000	22.129	4.253	2000	19.255	4.417	2000	35.395	11.404	2000	70.057	11.423	2000	91.323	8.876	2000	99.233	8.886	2000	100.501	9.024	2000	
25.676	5.366	2000	25.654	5.353	2000	22.765	4.485	2000	19.820	4.557	2000	36.311	11.607	2000	71.816	11.526	2000	93.541	8.789	2000	101.603	8.946	2000	102.876	9.044	2000	
25.733	5.273	2000	25.710	5.258	2000	22.801	4.346	2000	19.857	4.541	2000	36.453	11.645	2000	72.234	11.502	2000	94.303	8.825	2000	102.415	8.896	2000	103.746	9.011	2000	
25.321	5.114	2000	25.297	5.101	2000	22.477	4.267	2000	19.533	4.423	2000	35.857	11.362	2000	71.164	11.195	2000	93.014	8.956	2000	101.022	8.947	2000	102.353	9.108	2000	
24.316	5.084	2000	24.293	5.072	2000	21.522	4.105	2000	18.708	4.277	2000	34.356	10.713	2000	68.158	10.903	2000	89.228	8.707	2000	96.740	8.865	2000	97.975	8.983	2000	
22.313	4.505	2000	22.289	4.482	2000	19.758	3.697	2000	17.203	3.959	2000	31.632	10.122	2000	62.559	9.833	2000	82.026	8.252	2000	89.065	8.385	2000	90.247	8.510	2000	
18.777	3.747	2000	18.758	3.730	2000	16.642	3.135	2000	14.505	3.406	2000	26.559	8.347	2000	52.576	8.218	2000	68.759	7.506	2000	74.762	7.951	2000	75.739	8.084	2000	
17.543	4.094	2000	17.527	4.087	2000	15.504	3.383	2000	13.533	3.533	2000	24.790	8.293	2000	48.599	7.310	2000	63.895	7.013	2000	69.583	7.625	2000	70.542	7.790	2000	
20.589	5.154	2000	20.570	5.147	2000	18.241	4.258	2000	15.896	4.259	2000	29.018	9.684	2000	56.557	8.198	2000	74.624	7.742	2000	81.250	8.294	2000	82.363	8.461	2000	
22.115	5.314	2000	22.096	5.309	2000	19.620	4.488	2000	17.034	4.393	2000	31.180	10.528	2000	60.957	8.742	2000	80.335	7.809	2000	87.488	8.339	2000	88.684	8.522	2000	
23.687	5.638	2000	23.667	5.630	2000	21.002	4.761	2000	18.247	4.716	2000	33.452	11.352	2000	65.157	9.070	2000	85.850	8.080	2000	93.454	8.633	2000	94.733	8.818	2000	
24.639	5.936	2000	24.618	5.930	2000	21.860	5.076	2000	19.015	5.054	2000	34.894	12.001	2000	68.120	9.544	2000	89.854	8.304	2000	97.788	8.775	2000	99.129	8.946	2000	
25.436	6.354	2000	25.408	6.321	2000	22.537	5.358	2000	19.663	5.510	2000	35.850	12.147	2000	69.548	10.000	2000	91.564	8.524	2000	99.577	8.927	2000	100.929	9.083	2000	
25.022	5.799	2000	24.998	5.788	2000	22.183	4.993	2000	19.341	5.058	2000	35.354	11.861	2000	69.064	9.813	2000	90.905	8.461	2000	98.931	8.916	2000	100.274	9.092	2000	
24.314	5.793	2000	24.290	5.775	2000	21.576	5.015	2000	18.782	4.909	2000	34.374	11.603	2000	67.065	9.627	2000	88.157	8.530	2000	95.920	9.047	2000	97.216	9.157	2000	
22.581	5.337	2000	22.560	5.323	2000	20.009	4.507	2000	17.417	4.548	2000	31.844	10.704	2000	62.322	9.072	2000	81.966	8.178	2000	89.256	8.638	2000	90.469	8.754	2000	
20.026	4.717	2000	20.008	4.712	2000	17.743	4.120	2000	15.459	4.121	2000	28.242	9.274	2000	55.520	8.221	2000	73.222	7.708	2000	79.719	8.196	2000	80.800	8.317	2000	
10.071	4.100	13	9.266	4.729	133	11.927	7.526	796	16.379	9.135	1724	28.884	12.330	1999	53.754	10.757	2000	69.906	8.487	2000	75.966	8.184	2000	76.822	8.199	2000	
9.291	6.755	13	9.197	5.598	137	12.255	7.026	797	17.422	9.584	1683	31.957	13.329	1995	59.198	11.602	2000	77.239	9.229	2000	83.901	8.588	2000	84.797	8.457	2000	
6.789	3.786	15	9.028	5.654	131	12.379	7.662	752	18.109	9.823	1657	34.046	13.737	1996	63.931	12.579	2000	83.194	9.941	2000	90.245	8.739	2000	91.229	8.610	2000	
7.427	2.115	18	10.082	5.799	127	12.908	7.421	784	19.124	10.363	1663	35.332	14.389	1998	66.227	12.933	2000	86.223	10.363	2000	93.519	9.203	2000	94.531	8.988	2000	
8.465	4.763	13	9.904	6.155	122	13.067	7.817	730	19.281	10.742	1670	35.730	14.228	1997	66.651	12.865	2000	86.979	10.340	2000	94.137	8.912	2000	95.095	8.738	2000	
9.858	6.413	14	9.243	5.997	129	12.815	7.454	770	18.294	9.894	1662	34.958	14.194	1997	65.217	12.874	2000	85.194	10.453	2000	92.146	9.127	2000	93.149	8.889	2000	
10.640	5.697	12	10.049	6.298	122	12.712	7.794	761	18.040	9.951	1687	33.031	13.795	1997	61.845	12.227	2000	80.625	9.945	2000	87.573	8.916	2000	88.561	8.794	2000	
6.564	2.733	15	9.124	5.145	135	12.369	7.585	811	16.875	9.375	1752	29.832	12.470	2000	55.984	11.186	2000	73.293	9.196	2000	79.440	8.495	2000	80.226	8.424	2000	
10.392	7.647	12	9.013	4.914	142	11.291	6.528	854	14.668	8.145	1785	26.033	10.852	1997	49.259	9.760	2000	64.532	8.449	2000	69.894	7.973	2000	70.704	7.978	2000	
5.842	3.113	16	8.174	4.766	161	10.190	6.081	989	12.059	6.821	1846	20.410	8.796	2000	38.681	7.678	2000	50.646	7.049	2000	54.949	7.030	2000	55.635	7.052	2000	
6.712	2.998	32	7.574	4.096	210	9.051	5.251	1110	9.941	5.528	1895	16.642	6.702	1999	32.036	6.387	2000	41.948	6.360	2000	45.618	6.607	2000	46.204	6.687	2000	
6.977	3.150	20	7.571	3.769	215	8.126	4.524	1171	8.427	4.664	1933	13.851	5.663	2000	26.485	5.463	2000	34.849	5.628	2000	37.906	5.893	2000	38.403	5.964	2000	
6.094	4.163	33	6.538	3.855	259	6.864	3.753	1276	6.591	3.578	1956	10.825	4.286	2000	20.990	4.648	2000	27.608	5.083	2000	29.974	5.402	2000	30.369	5.465	2000	
11.229	6.179	271	11.212	6.144	271	13.759	7.594	1210	15.017	8.026	1923	24.836	9.552	2000	47.807	8.146	2000	62.825	7.224	2000	68.242	7.593	2000	69.160	7.711	2000	
11.493	6.030	263	11.493	6.030	263	14.211	7.628	1165	17.371	9.719	1911	28.931	11.747	2000	55.351	9.417	2000	72.350	8.031	2000	78.625	8.181	2000	79.630	8.233	2000	
12.673	6.968	276	12.648	6.981	276	15.545	8.786	1112	18.407	10.023	1902	30.794	12.440	2000	58.574	10.173	2000	76.921	8.174	2000	83.513	8.088	2000	84.566	8.183	2000	
11.721	6.043	281	11.696	6.023	281	15.336	8.621	1098	18.843	10.272	1897	31.590	12.420	2000	60.587	10.739	2000	79.383	8.489	2000	86.216	8.340	2000	87.293	8.375	2000	
11.731	6.591	226	11.731	6.591	226	15.296	9.015	1107	18.265	9.930	1898	31.410	12.583	1999	60.244	10.881	2000	78.746	8.827	2000	85.522	8.712	2000	86.625	8.785	2000	
12.042	6.819	246	12.025	6.807	246	15.240	8.602	1073	18.067	9.735	1909	30.014	11.569	2000	57.773	10.076	2000	75.750	8.432	2000	82.237	8.309	2000	83.292	8.329	2000	
11.963	6.767	238	11.934	6.710	238	14.584	8.362	1102	17.106	9.278	1907	28.099	10.998	2000	53.945	9.555	2000	70.877	8.170	2000	77.002	8.217	2000	78.000	8.278	2000	
11.062	5.973	292	11.052	5.963	292	13.914	8.353	1216	15.473	8.503	1927	25.393	9.728	2000	48.964	8.506	2000	64.332	7.613	2000	69.953	7.718	2000	70.884	7.773	2000	
11.569	6.875	318	11.548	6.878	318	13.174	7.314	1296	13.443	7.372	1963	22.179	8.382	2000	42.821	7.468	2000	56.340	7.368	2000	61.218	7.532	2000	62.035	7.633	2000	
10.098	5.382	356	10.093	5.379	356	11.608	6.635	1329	11.521	6.254	1964	18.786	7.204	2000	36.073	6.566	2000	47.483	6.566	2000	51.646	6.821	2000	52.337	6.898	2000	
9.397	5.057	334	9.391	5.057	334	10.170	5.750	1415	9.381	4.878	1973	15.418	5.550	2000	29.994	5.810	2000	39.462	6.189	2000	42.942	6.512	2000	43.518	6.604	2000	
8.033	4.230	422	8.028	4.229	422	8.437	4.598	1524	7.277	3.501	1989	12.182	4.527	2000	23.868	4.852	2000	31.506	5.309	2000	34.251	5.606	2000	34.716	5.684	2000	
13.335	7.173	884	13.329	7.174	884	15.141	8.428	1405	16.144	8.561	1972	26.063	9.565	2000	50.503	8.406	2000	66.369	7.579	2000	72.271	7.957	2000	73.235	8.056	2000	
13.999	7.858	851	13.992	7.859	851	15.495	8.448	1403	16.612	8.497	1957	27.748	10.516	2000	53.469	8.902	2000	70.284	7.865	2000	76.471	8.162	2000	77.491	8.259	2000	
14.005	7.733	852	13.999	7.733	852	15.617	8.231	1372	16.828	8.588	1962	27.861	10.315	2000	54.138	8.906	2000	70.913	7.763	2000	77.108	7.985	2000	78.144	8.113	2000	
13.623	7.309	828	13.612	7.305	828	15.168	8.249	1386	16.438	8.593	1968	27.172	10.045	2000	52.593	8.620	2000	69.298	7.779	2000	75.408	7.919	2000	76.395	7.997	2000	
13.620	7.680	899	13.611	7.671	899	14.760	8.223	1439	15.626	8.005	1968	25.540	9.360	2000	49.715	8.175	2000	65.574	7.633	2000	71.349	7.855	2000	72.318	7.947	2000	
12.673	7.075	894	12.660	7.066	894	13.952	7.585	1441	14.501	7.512	1977	23.509	8.475	2000	45.897	7.543	2000	60.635	7.324	2000	66.043	7.602	2000	66.936	7.702	2000	
12.287	6.822	967	12.277	6.824	967	13.286	7.350	1515	12.743	6.345	1984	21.204	7.623	2000	41.395	7.153	2000	54.553	6.981	2000	59.343	7.382	2000	60.152	7.482	2000	
11.331	6.370	1027	11.321	6.368	1027	11.972	6.950	1582	10.909	5.267	1991	18.427	6.492	2000	36.191	6.235	2000	47.733	6.413	2000	51.976	6.765	2000	52.687	6.868	2000	
10.290	5.790	1125	10.280	5.785	1125	10.650	6.224	1674	9.402	4.702	1990	15.598	5.385	2000	30.658	5.593	2000	40.359	5.971	2000	43.944	6.329	2000	44.543	6.416	2000	
8.788	4.759	1209	8.784	4.757	1209	8.499	4.655	1726	7.289	3.249	1999	12.378	4.347	2000	24.337	4.758	2000	32.135	5.284	2000	34.988	5.606	2000	35.468	5.680	2000	
13.514	7.403	1312	13.496	7.391	1312	12.983	7.450	1555	12.102	5.926	1984	20.293	7.291	2000	39.647	6.628	2000	52.306	6.551	2000	56.915	6.945	2000	57.684	7.045	2000	
14.942	7.893	1212	14.927	7.894	1212	14.869	8.026	1484	14.225	7.051	1974	23.393	8.486	2000	45.519	7.464	2000	59.918	7.048	2000	65.219	7.492	2000	66.104	7.594	2000	
15.175	8.268	1244	15.159	8.261	1244	14.707	7.925	1474	14.588	7.096	1982	24.026	8.584	2000	46.761	7.633	2000	61.539	7.166	2000	66.947	7.598	2000	67.861	7.710	2000	
15.051	8.152	1298	15.038	8.138	1298	14.871	8.382	1520	14.303	7.200	1980	23.760	8.391	2000	46.205	7.471	2000	60.817	7.289	2000	66.132	7.648	2000	67.030	7.742	2000	
14.974	8.070	1253	14.965	8.068	1253	14.428	8.003	1500	13.769	6.884	1986	22.700	7.955	2000	44.556	7.231	2000	58.690	7.032	2000	63.869	7.448	2000	64.734	7.559	2000	
14.292	7.729	1294	14.283	7.725	1294	13.542	7.477	1507	12.892	6.570	1977	21.464	7.586	2000	41.878	7.065	2000	55.101	6.987	2000	59.973	7.331	2000	60.797	7.439	2000	
13.553	7.741	1361	13.541	7.729	1361	12.744	7.350	1605	11.555	5.435	1982	19.505	6.968	2000	38.172	6.616	2000	50.295	6.638	2000	54.755	7.046	2000	55.503	7.144	2000	
12.054	6.730	1384	12.041	6.718	1384	11.597	6.410	1627	10.324	4.818	1992	17.351	5.982	2000	33.872	5.904	2000	44.695	6.230	2000	48.656	6.616	2000	49.316	6.699	2000	
10.985	6.231	1459	10.979	6.226	1459	10.218	5.624	1701	8.785	3.914	1997	14.795	5.033	2000	29.053	5.312	2000	38.258	5.760	2000	41.630	6.119	2000	42.197	6.206	2000	
9.127	5.025	1569	9.118	5.020	1569	8.348	4.616	1759	6.973	3.028	1999	11.933	4.171	2000	23.564	4.643	2000	31.002	5.204	2000	33.744	5.525	2000	34.205	5.600	2000	
10.122	4.523	1715	10.114	4.521	1715	9.085	4.128	1775	7.371	2.282	1999	12.899	4.256	2000	25.378	4.662	2000	33.359	5.195	2000	36.304	5.631	2000	36.809	5.709	2000	
13.053	6.474	1682	13.037	6.460	1682	11.528	5.725	1755	9.260	2.913	1997	16.265	5.324	2000	32.099	5.359	2000	42.354	5.933	2000	46.072	6.362	2000	46.706	6.446	2000	
15.199	7.338	1666	15.189	7.337	1666	13.485	6.555	1728	10.875	3.744	1999	18.825	6.138	2000	37.069	6.149	2000	48.904	6.476	2000	53.205	6.930	2000	53.933	7.021	2000	
15.921	8.034	1630	15.907	8.035	1630	14.260	7.414	1699	11.486	4.185	1994	19.859	6.476	2000	39.075	6.356	2000	51.522	6.577	2000	56.067	7.027	2000	56.837	7.139	2000	
15.848	7.713	1642	15.836	7.709	1642	14.210	6.987	1701	11.556	4.061	1998	19.980	6.433	2000	39.359	6.331	2000	51.885	6.679	2000	56.454	7.081	2000	57.226	7.186	2000	
15.895	7.684	1646	15.878	7.681	1646	14.192	6.780	1710	11.416	4.249	1994	19.585	6.365	2000	38.376	6.196	2000	50.570	6.490	2000	55.026	6.930	2000	55.778	7.028	2000	
14.852	7.352	1667	14.839	7.347	1667	13.288	6.802	1731	10.679	3.905	2000	18.527	6.096	2000	36.422	6.154	2000	47.963	6.471	2000	52.207	6.923	2000	52.924	7.029	2000	
14.043	6.914	1665	14.025	6.911	1665	12.515	6.271	1741	9.876	3.669	1999	17.134	5.692	2000	33.616	5.706	2000	44.304	6.062	2000	48.201	6.444	2000	48.863	6.534	2000	
12.349	5.987	1679	12.336	5.969	1679	10.983	5.428	1740	8.797	3.059	1998	15.287	5.102	2000	30.148	5.308	2000	39.732	5.846	2000	43.241	6.252	2000	43.834	6.329	2000	
10.705	4.954	1713	10.695	4.945	1713	9.488	4.334	1779	7.650	2.454	1999	13.283	4.439	2000	26.214	4.941	2000	34.455	5.485	2000	37.500	5.870	2000	38.017	5.945	2000	
8.799	4.047	1720	8.789	4.037	1720	7.853	3.340	1771	6.448	1.820	1999	10.942	3.727	2000	21.525	4.453	2000	28.190	5.058	2000	30.658	5.389	2000	31.087	5.458	2000	
5.799	1.446	2000	5.794	1.444	2000	5.174	1.244	2000	4.640	1.080	2000	8.236	2.859	2000	16.590	3.767	2000	21.665	4.328	2000	23.419	4.619	2000	23.735	4.683	2000	
7.745	1.773	2000	7.736	1.768	2000	6.849	1.541	2000	5.950	1.532	2000	10.933	3.667	2000	21.832	4.234	2000	28.836	4.863	2000	31.223	5.180	2000	31.642	5.242	2000	
9.424	2.025	2000	9.416	2.019	2000	8.347	1.744	2000	7.257	1.807	2000	13.343	4.444	2000	26.553	4.858	2000	35.140	5.409	2000	38.160	5.846	2000	38.666	5.922	2000	
10.635	2.250	2000	10.623	2.242	2000	9.422	1.924	2000	8.211	1.972	2000	15.079	4.970	2000	29.958	5.331	2000	39.574	5.793	2000	42.982	6.245	2000	43.552	6.328	2000	
11.292	2.370	2000	11.283	2.365	2000	10.010	1.995	2000	8.722	2.083	2000	16.048	5.240	2000	31.872	5.647	2000	42.141	6.056	2000	45.801	6.486	2000	46.413	6.582	2000	
11.532	2.361	2000	11.520	2.354	2000	10.199	2.023	2000	8.885	2.086	2000	16.335	5.317	2000	32.495	5.714	2000	42.895	6.001	2000	46.639	6.377	2000	47.255	6.461	2000	
11.299	2.312	2000	11.287	2.305	2000	10.025	1.981	2000	8.703	2.048	2000	16.032	5.210	2000	31.887	5.643	2000	42.111	6.029	2000	45.786	6.424	2000	46.392	6.496	2000	
10.792	2.236	2000	10.782	2.226	2000	9.580	1.903	2000	8.353	2.020	2000	15.332	5.003	2000	30.490	5.491	2000	40.215	5.996	2000	43.697	6.390	2000	44.281	6.467	2000	
10.050	2.114	2000	10.043	2.110	2000	8.915	1.849	2000	7.775	1.917	2000	14.285	4.704	2000	28.385	5.323	2000	37.497	5.756	2000	40.712	6.174	2000	41.254	6.254	2000	
9.063	1.952	2000	9.055	1.950	2000	8.048	1.698	2000	6.980	1.751	2000	12.842	4.205	2000	25.650	4.842	2000	33.906	5.406	2000	36.771	5.765	2000	37.261	5.838	2000	
7.936	1.781	2000	7.929	1.777	2000	7.040	1.570	2000	6.156	1.605	2000	11.302	3.824	2000	22.530	4.454	2000	29.750	5.156	2000	32.204	5.423	2000	32.634	5.484	2000	
6.471	1.537	2000	6.465	1.534	2000	5.755	1.337	2000	5.065	1.277	2000	9.210	3.106	2000	18.481	3.968	2000	24.259	4.601	2000	26.242	4.880	2000	26.595	4.942	2000	
5.030	1.227	2000	5.027	1.224	2000	4.580	1.006	2000	4.242	0.819	2000	7.132	2.460	2000	14.364	3.577	2000	18.578	4.093	2000	20.073	4.344	2000	20.339	4.408	2000	
6.229	3.148	1422	6.224	3.142	1422	5.779	2.971	1489	4.770	1.778	1995	7.645	2.900	2000	15.097	3.775	2000	19.095	4.142	2000	20.627	4.424	2000	20.904	4.489	2000	
7.496	3.861	1364	7.490	3.862	1364	6.763	3.373	1446	5.693	2.425	1988	9.445	3.408	2000	18.619	3.961	2000	24.229	4.500	2000	26.212	4.815	2000	26.565	4.886	2000	
8.889	4.923	1381	8.879	4.918	1381	7.975	4.242	1437	6.598	2.808	1979	11.026	4.000	2000	21.655	4.330	2000	28.397	4.893	2000	30.745	5.228	2000	31.148	5.288	2000	
9.609	5.019	1329	9.599	5.003	1329	8.685	4.689	1398	7.542	3.521	1984	12.380	4.414	2000	24.068	4.618	2000	31.701	5.195	2000	34.353	5.562	2000	34.804	5.624	2000	
10.186	5.512	1374	10.174	5.509	1374	9.191	5.008	1436	7.952	3.723	1985	13.100	4.651	2000	25.634	4.854	2000	33.644	5.309	2000	36.474	5.681	2000	36.960	5.759	2000	
10.418	5.754	1308	10.406	5.745	1308	9.304	5.077	1389	8.125	3.765	1976	13.461	4.745	2000	26.117	5.093	2000	34.316	5.542	2000	37.216	5.937	2000	37.707	6.012	2000	
10.074	5.222	1299	10.065	5.206	1299	9.124	4.749	1363	7.970	4.042	1972	13.186	4.632	2000	25.781	4.897	2000	33.980	5.397	2000	36.850	5.771	2000	37.336	5.847	2000	
10.064	5.629	1311	10.060	5.630	1311	9.053	5.050	1387	7.689	3.477	1983	12.729	4.567	2000	24.831	4.861	2000	32.693	5.356	2000	35.438	5.755	2000	35.904	5.826	2000	
9.438	5.174	1330	9.435	5.172	1330	8.548	4.794	1413	7.173	3.360	1986	11.835	4.143	2000	23.277	4.608	2000	30.621	5.218	2000	33.172	5.545	2000	33.611	5.611	2000	
8.410	4.507	1338	8.407	4.507	1338	7.673	4.159	1421	6.502	2.827	1984	10.815	3.877	2000	21.325	4.353	2000	27.866	4.934	2000	30.149	5.236	2000	30.550	5.298	2000	
7.722	4.169	1431	7.714	4.160	1431	6.937	3.631	1490	5.748	2.387	1984	9.540	3.444	2000	18.853	3.964	2000	24.438	4.571	2000	26.441	4.860	2000	26.796	4.918	2000	
6.647	3.250	1446	6.641	3.249	1446	5.978	2.712	1510	5.025	1.898	1996	8.161	2.993	2000	16.158	3.828	2000	20.678	4.309	2000	22.317	4.575	2000	22.614	4.634	2000	
5.539	2.585	1432	5.536	2.582	1432	5.111	2.309	1497	4.346	1.581	1994	6.971	2.893	2000	13.201	3.613	2000	16.356	3.817	2000	17.647	4.077	2000	17.873	4.146	2000	
3.448	1.312	1997	3.444	1.297	1997	3.208	1.107	1997	3.137	1.237	1997	5.133	2.316	2000	9.529	2.833	2000	11.480	3.151	2000	12.319	3.342	2000	12.468	3.402	2000	
4.579	2.029	1988	4.575	2.029	1988	4.146	1.862	1988	3.762	1.683	1988	6.141	2.452	2000	12.215	3.071	2000	15.534	3.679	2000	16.683	3.889	2000	16.903	3.938	2000	
5.643	2.641	1988	5.638	2.639	1988	5.042	2.341	1988	4.492	2.151	1988	7.481	2.920	2000	14.776	3.488	2000	19.346	4.128	2000	20.869	4.450	2000	21.143	4.503	2000	
6.623	3.255	1980	6.615	3.248	1980	5.920	2.937	1980	5.201	2.602	1980	8.703	3.449	2000	16.959	3.760	2000	22.335	4.357	2000	24.126	4.672	2000	24.442	4.729	2000	
7.321	3.519	1977	7.313	3.513	1977	6.495	3.066	1977	5.722	2.919	1977	9.567	3.734	2000	18.586	3.991	2000	24.517	4.571	2000	26.518	4.921	2000	26.863	4.981	2000	
7.736	3.818	1971	7.725	3.801	1971	6.914	3.443	1971	6.091	3.237	1971	10.159	4.117	2000	19.762	4.392	2000	26.051	4.790	2000	28.226	5.183	2000	28.592	5.247	2000	
8.038	4.182	1971	8.031	4.178	1971	7.167	3.709	1971	6.303	3.313	1971	10.446	4.175	2000	20.292	4.362	2000	26.693	4.756	2000	28.936	5.162	2000	29.315	5.230	2000	
7.982	4.134	1962	7.976	4.131	1962	7.118	3.662	1962	6.299	3.459	1962	10.403	4.221	2000	20.024	4.290	2000	26.461	4.773	2000	28.678	5.098	2000	29.049	5.162	2000	
7.758	3.931	1976	7.751	3.929	1976	6.936	3.499	1976	6.114	3.247	1976	10.027	3.937	2000	19.498	4.164	2000	25.742	4.667	2000	27.854	5.006	2000	28.214	5.061	2000	
7.202	3.461	1975	7.193	3.446	1975	6.401	3.092	1975	5.675	2.857	1975	9.329	3.541	2000	18.270	4.080	2000	24.099	4.678	2000	26.076	5.045	2000	26.419	5.107	2000	
6.603	3.407	1972	6.597	3.408	1972	5.882	3.018	1972	5.233	2.799	1972	8.566	3.381	2000	16.772	3.808	2000	22.083	4.460	2000	23.847	4.778	2000	24.156	4.831	2000	
5.774	2.628	1988	5.769	2.628	1988	5.153	2.330	1988	4.602	2.223	1988	7.558	3.005	2000	14.942	3.580	2000	19.518	4.328	2000	21.068	4.637	2000	21.342	4.689	2000	
4.870	2.033	1989	4.865	2.031	1989	4.370	1.830	1989	3.966	1.795	1989	6.624	2.630	2000	13.085	3.191	2000	16.863	3.827	2000	18.145	4.073	2000	18.384	4.122	2000	
3.963	1.681	1991	3.959	1.678	1991	3.636	1.510	1991	3.385	1.444	1991	5.617	2.404	2000	10.837	3.089	2000	13.391	3.504	2000	14.394	3.711	2000	14.579	3.763	2000	
3.179	1.185	992	3.179	1.185	992	3.173	1.151	1146	3.446	1.445	1964	5.003	2.289	1998	6.666	2.494	1998	7.033	2.456	1998	7.442	2.656	1998	7.476	2.699	1998	
3.647	1.527	1001	3.645	1.524	1001	3.480	1.361	1178	3.339	1.392	1977	5.186	2.385	2000	8.800	2.856	2000	9.661	2.980	2000	10.280	3.129	2000	10.368	3.191	2000	
4.141	2.026	989	4.135	2.017	989	3.880	1.842	1192	3.401	1.337	1972	5.528	2.417	2000	10.777	2.997	2000	12.447	3.320	2000	13.272	3.497	2000	13.420	3.559	2000	
4.820	2.607	964	4.819	2.605	964	4.454	2.214	1158	3.757	1.721	1964	5.990	2.442	2000	12.295	3.096	2000	15.087	3.729	2000	16.092	3.900	2000	16.287	3.951	2000	
5.198	2.653	906	5.197	2.653	906	4.807	2.565	1097	4.182	2.018	1952	6.676	2.718	2000	13.533	3.313	2000	17.163	4.022	2000	18.327	4.227	2000	18.551	4.282	2000	
5.508	2.820	909	5.506	2.821	909	5.177	2.703	1100	4.542	2.292	1947	7.266	2.957	2000	14.507	3.281	2000	18.755	4.029	2000	20.082	4.266	2000	20.330	4.322	2000	
5.896	3.223	887	5.888	3.204	887	5.338	2.743	1060	4.779	2.540	1947	7.717	3.131	2000	15.276	3.514	2000	19.975	4.307	2000	21.406	4.563	2000	21.673	4.624	2000	
5.838	3.012	878	5.833	3.014	878	5.495	2.874	1067	4.859	2.554	1930	7.827	3.125	2000	15.605	3.498	2000	20.376	4.118	2000	21.869	4.381	2000	22.138	4.431	2000	
5.963	3.084	883	5.958	3.078	883	5.497	2.863	1086	4.964	2.721	1936	7.856	3.204	2000	15.532	3.486	2000	20.329	4.213	2000	21.811	4.505	2000	22.080	4.552	2000	
5.832	2.937	916	5.822	2.916	916	5.316	2.572	1097	4.711	2.347	1946	7.615	3.012	2000	15.137	3.446	2000	19.721	4.174	2000	21.161	4.477	2000	21.421	4.524	2000	
5.448	2.629	874	5.436	2.625	874	5.024	2.340	1085	4.498	2.296	1952	7.265	2.899	2000	14.441	3.347	2000	18.660	4.087	2000	19.967	4.340	2000	20.213	4.388	2000	
5.172	2.593	918	5.171	2.593	918	4.740	2.239	1084	4.209	2.138	1946	6.700	2.731	2000	13.544	3.300	2000	17.191	4.008	2000	18.366	4.228	2000	18.593	4.285	2000	
4.733	2.519	945	4.728	2.501	945	4.412	2.160	1121	3.814	1.679	1961	6.116	2.499	2000	12.528	3.131	2000	15.387	3.831	2000	16.415	4.013	2000	16.613	4.072	2000	
4.291	2.106	965	4.289	2.104	965	4.031	1.912	1164	3.485	1.489	1960	5.636	2.423	2000	11.111	2.967	2000	13.149	3.422	2000	14.014	3.599	2000	14.177	3.659	2000	
3.736	1.674	975	3.735	1.674	975	3.556	1.443	1173	3.322	1.346	1965	5.211	2.386	2000	9.374	2.911	2000	10.562	3.124	2000	11.246	3.274	2000	11.354	3.342	2000	
3.310	1.190	1036	3.309	1.190	1036	3.242	1.161	1209	3.402	1.430	1973	5.062	2.331	1999	7.288	2.622	1999	7.846	2.647	1999	8.325	2.835	1999	8.375	2.886	1999	
2.172	0.968	380	2.172	0.968	380	2.280	1.025	893	2.477	1.205	1734	2.575	1.329	1784	2.611	1.361	1784	2.625	1.371	1784	2.633	1.388	1784	2.633	1.388	1784	
2.834	1.029	416	2.834	1.029	416	2.965	1.077	950	3.387	1.437	1918	3.952	1.763	1971	4.258	1.939	1971	4.282	1.917	1971	4.358	2.008	1971	4.359	2.011	1971	
3.324	1.184	423	3.324	1.184	423	3.273	1.137	1003	3.733	1.471	1937	4.960	2.113	1997	5.905	2.357	1997	5.994	2.327	1997	6.183	2.480	1997	6.190	2.494	1997	
3.513	1.137	373	3.513	1.137	373	3.508	1.259	940	3.745	1.528	1941	5.656	2.387	1999	7.624	2.600	1999	7.830	2.587	1999	8.181	2.772	1999	8.207	2.807	1999	
3.808	1.372	422	3.808	1.372	422	3.712	1.406	977	3.665	1.491	1953	5.720	2.533	2000	9.284	2.824	2000	9.724	2.847	2000	10.217	3.026	2000	10.272	3.076	2000	
4.261	2.048	403	4.258	2.047	403	3.899	1.698	971	3.719	1.507	1941	5.854	2.628	2000	10.434	2.912	2000	11.453	3.226	2000	12.095	3.367	2000	12.182	3.430	2000	
4.315	1.928	361	4.311	1.929	361	4.156	1.789	893	3.781	1.538	1935	5.937	2.624	2000	11.459	3.006	2000	12.884	3.420	2000	13.608	3.551	2000	13.724	3.615	2000	
4.715	2.170	359	4.708	2.171	359	4.287	1.837	905	3.866	1.627	1921	6.084	2.520	2000	12.267	3.019	2000	14.098	3.562	2000	14.907	3.720	2000	15.045	3.783	2000	
4.779	2.360	359	4.776	2.358	359	4.431	2.013	943	3.998	1.753	1939	6.238	2.585	2000	12.576	3.077	2000	14.855	3.708	2000	15.716	3.844	2000	15.865	3.909	2000	
4.762	2.221	369	4.762	2.221	369	4.442	1.903	909	4.016	1.635	1915	6.382	2.684	2000	12.925	3.075	2000	15.285	3.700	2000	16.183	3.850	2000	16.342	3.906	2000	
5.016	2.311	365	5.010	2.312	365	4.529	2.095	928	4.025	1.742	1922	6.393	2.623	2000	12.897	3.211	2000	15.293	3.773	2000	16.186	3.938	2000	16.344	3.997	2000	
4.894	2.314	357	4.894	2.314	357	4.548	2.082	898	3.969	1.639	1914	6.307	2.606	1999	12.618	3.100	2000	14.968	3.786	2000	15.811	3.896	2000	15.959	3.955	2000	
4.603	2.072	351	4.599	2.074	351	4.265	1.773	902	3.861	1.535	1909	6.154	2.656	2000	12.127	3.112	2000	14.067	3.586	2000	14.871	3.732	2000	15.006	3.795	2000	
4.583	2.143	388	4.583	2.143	388	4.303	1.916	920	3.793	1.554	1924	5.937	2.561	2000	11.640	3.042	2000	13.164	3.492	2000	13.893	3.610	2000	14.015	3.672	2000	
4.138	1.540	408	4.138	1.540	408	3.930	1.516	901	3.686	1.450	1934	5.688	2.542	2000	10.749	2.999	2000	11.753	3.245	2000	12.383	3.380	2000	12.478	3.440	2000	
3.911	1.593	372	3.908	1.590	372	3.666	1.412	942	3.626	1.449	1924	5.712	2.573	1999	9.589	2.860	1999	10.089	2.975	1999	10.627	3.141	1999	10.688	3.194	1999	
3.524	1.278	415	3.524	1.278	415	3.530	1.267	983	3.701	1.506	1938	5.596	2.411	1999	8.088	2.719	1999	8.396	2.763	1999	8.792	2.934	1999	8.823	2.971	1999	
3.206	1.017	392	3.205	1.017	392	3.346	1.159	933	3.780	1.559	1946	5.237	2.196	1998	6.445	2.422	1998	6.545	2.397	1998	6.784	2.575	1998	6.794	2.592	1998	
2.476	1.100	129	2.476	1.100	129	2.329	1.004	897	2.484	1.231	1766	2.598	1.366	1827	2.643	1.408	1827	2.659	1.425	1827	2.669	1.446	1827	2.669	1.446	1827	
2.621	0.882	132	2.621	0.882	132	2.780	1.006	952	3.130	1.336	1880	3.476	1.611	1941	3.694	1.788	1941	3.715	1.771	1941	3.766	1.850	1941	3.767	1.853	1941	
2.994	0.965	157	2.994	0.965	157	3.054	1.051	1000	3.504	1.393	1936	4.336	1.887	1982	4.759	2.060	1982	4.796	2.025	1982	4.908	2.156	1982	4.911	2.161	1982	
3.263	1.053	151	3.256	1.038	151	3.289	1.065	941	3.681	1.467	1933	5.022	2.084	1995	6.001	2.298	1995	6.108	2.272	1995	6.311	2.423	1995	6.320	2.438	1995	
3.586	1.153	147	3.577	1.148	147	3.360	1.139	952	3.689	1.503	1948	5.341	2.262	2000	7.194	2.555	2000	7.337	2.502	2000	7.651	2.661	2000	7.672	2.690	2000	
3.378	1.136	140	3.378	1.136	140	3.398	1.213	964	3.575	1.441	1939	5.496	2.414	2000	8.152	2.771	2000	8.417	2.728	2000	8.836	2.902	2000	8.874	2.945	2000	
3.706	1.433	136	3.706	1.433	136	3.586	1.256	944	3.561	1.446	1912	5.608	2.532	2000	8.983	2.724	2000	9.485	2.844	2000	9.977	2.991	2000	10.031	3.045	2000	
3.965	1.573	133	3.965	1.573	133	3.587	1.291	928	3.568	1.418	1930	5.639	2.488	2000	9.598	2.860	2000	10.293	3.078	2000	10.846	3.238	2000	10.916	3.299	2000	
4.011	1.919	144	4.011	1.919	144	3.751	1.527	920	3.556	1.484	1924	5.737	2.534	2000	10.069	2.888	2000	10.911	3.156	2000	11.523	3.313	2000	11.603	3.375	2000	
3.884	1.591	128	3.863	1.586	128	3.794	1.534	896	3.569	1.391	1920	5.682	2.573	2000	10.244	2.890	2000	11.172	3.177	2000	11.776	3.322	2000	11.861	3.379	2000	
4.056	1.663	153	4.056	1.663	153	3.851	1.621	979	3.537	1.394	1927	5.665	2.502	2000	10.244	2.907	2000	11.113	3.192	2000	11.726	3.312	2000	11.814	3.375	2000	
3.973	1.552	141	3.973	1.552	141	3.797	1.572	924	3.623	1.450	1937	5.549	2.472	2000	10.175	2.898	2000	11.022	3.148	2000	11.600	3.275	2000	11.685	3.339	2000	
3.797	1.340	153	3.797	1.340	153	3.647	1.486	937	3.542	1.483	1918	5.575	2.463	2000	9.606	2.879	2000	10.349	3.089	2000	10.917	3.256	2000	10.990	3.315	2000	
3.775	1.307	143	3.775	1.307	143	3.625	1.452	974	3.565	1.457	1932	5.477	2.462	1999	9.142	2.859	1999	9.675	2.978	1999	10.175	3.141	1999	10.234	3.193	1999	
3.601	1.207	144	3.601	1.207	144	3.416	1.201	978	3.556	1.431	1939	5.469	2.423	1999	8.333	2.696	1999	8.696	2.793	1999	9.124	2.967	1999	9.164	3.010	1999	
3.393	1.281	127	3.393	1.281	127	3.364	1.117	970	3.607	1.452	1922	5.403	2.357	1997	7.446	2.638	1997	7.672	2.639	1997	8.015	2.812	1997	8.041	2.845	1997	
3.292	1.069	147	3.292	1.069	147	3.292	1.105	975	3.681	1.503	1941	5.056	2.135	2000	6.327	2.451	2000	6.453	2.419	2000	6.686	2.580	2000	6.696	2.597	2000	
3.139	1.097	118	3.139	1.097	118	3.078	1.023	952	3.596	1.429	1934	4.527	1.931	1985	4.996	2.107	1985	5.049	2.066	1985	5.173	2.199	1985	5.176	2.205	1985	
2.146	0.949	1737	2.146	0.949	1737	2.173	0.974	1737	2.274	1.092	1737	2.364	1.230	1737	2.371	1.248	1737	2.372	1.249	1737	2.372	1.249	1737	2.372	1.249	1737	
2.602	1.099	1892	2.602	1.099	1892	2.638	1.122	1892	2.810	1.295	1892	3.024	1.568	1892	3.043	1.592	1892	3.043	1.590	1892	3.044	1.591	1892	3.044	1.591	1892	
3.099	1.157	1951	3.099	1.157	1951	3.137	1.174	1951	3.386	1.397	1951	3.812	1.809	1951	3.854	1.854	1951	3.862	1.863	1951	3.862	1.863	1951	3.862	1.863	1951	
3.551	1.194	1987	3.552	1.194	1987	3.601	1.209	1987	3.907	1.472	1987	4.569	2.037	1987	4.656	2.094	1987	4.668	2.098	1987	4.670	2.103	1987	4.670	2.103	1987	
4.045	1.235	1993	4.045	1.235	1993	4.087	1.255	1993	4.456	1.568	1993	5.432	2.241	1993	5.608	2.343	1993	5.629	2.343	1993	5.642	2.367	1993	5.642	2.367	1993	
4.390	1.200	2000	4.390	1.200	2000	4.439	1.231	2000	4.824	1.572	2000	6.130	2.347	2000	6.388	2.437	2000	6.435	2.443	2000	6.456	2.477	2000	6.456	2.477	2000	
4.665	1.178	1999	4.665	1.178	1999	4.695	1.188	1999	5.068	1.542	1999	6.727	2.473	1999	7.132	2.576	1999	7.179	2.573	1999	7.212	2.623	1999	7.212	2.623	1999	
4.898	1.155	1999	4.898	1.155	1999	4.939	1.199	1999	5.348	1.568	1999	7.236	2.595	1999	7.738	2.675	1999	7.817	2.666	1999	7.855	2.731	1999	7.855	2.731	1999	
5.000	1.163	1998	5.000	1.163	1998	5.029	1.205	1998	5.466	1.667	1998	7.441	2.676	1998	8.067	2.738	1998	8.166	2.724	1998	8.221	2.799	1998	8.221	2.799	1998	
5.098	1.169	2000	5.098	1.169	2000	5.134	1.217	2000	5.565	1.673	2000	7.715	2.746	2000	8.323	2.834	2000	8.371	2.794	2000	8.445	2.889	2000	8.446	2.890	2000	
5.080	1.155	1999	5.080	1.155	1999	5.109	1.163	1999	5.500	1.590	1999	7.640	2.777	1999	8.329	2.853	1999	8.404	2.825	1999	8.484	2.930	1999	8.484	2.931	1999	
5.049	1.181	2000	5.049	1.181	2000	5.078	1.205	2000	5.498	1.644	2000	7.552	2.668	2000	8.157	2.776	2000	8.229	2.757	2000	8.304	2.866	2000	8.304	2.866	2000	
4.905	1.172	1999	4.905	1.172	1999	4.928	1.185	1999	5.327	1.631	1999	7.235	2.622	1999	7.778	2.718	1999	7.877	2.709	1999	7.921	2.763	1999	7.921	2.763	1999	
4.689	1.189	2000	4.689	1.189	2000	4.734	1.224	2000	5.130	1.602	2000	6.751	2.499	2000	7.218	2.657	2000	7.266	2.639	2000	7.305	2.697	2000	7.305	2.697	2000	
4.445	1.199	1995	4.445	1.199	1995	4.486	1.221	1995	4.886	1.578	1995	6.286	2.417	1995	6.563	2.495	1995	6.597	2.501	1995	6.625	2.551	1995	6.625	2.551	1995	
4.125	1.194	1995	4.125	1.194	1995	4.163	1.225	1995	4.532	1.520	1995	5.639	2.251	1995	5.837	2.345	1995	5.864	2.347	1995	5.881	2.377	1995	5.881	2.377	1995	
3.656	1.198	1982	3.656	1.198	1982	3.709	1.220	1982	4.029	1.514	1982	4.780	2.082	1982	4.881	2.148	1982	4.905	2.163	1982	4.913	2.179	1982	4.913	2.179	1982	
3.146	1.166	1950	3.146	1.166	1950	3.180	1.177	1950	3.423	1.402	1950	3.860	1.824	1950	3.913	1.885	1950	3.918	1.890	1950	3.919	1.892	1950	3.919	1.892	1950	
1.999	1.080	1247	1.999	1.080	1247	2.006	1.089	1247	2.004	1.110	1576	2.021	1.129	1624	2.023	1.132	1624	2.023	1.132	1624	2.023	1.132	1624	2.023	1.132	1624	
2.436	1.226	1341	2.436	1.226	1341	2.446	1.238	1341	2.467	1.294	1740	2.461	1.298	1798	2.466	1.304	1798	2.466	1.304	1798	2.466	1.304	1798	2.466	1.304	1798	
2.817	1.382	1407	2.817	1.382	1407	2.848	1.409	1407	2.910	1.467	1829	2.934	1.520	1884	2.933	1.507	1884	2.940	1.527	1884	2.940	1.527	1884	2.940	1.527	1884	
3.261	1.525	1417	3.261	1.525	1417	3.311	1.580	1417	3.400	1.696	1880	3.462	1.763	1931	3.472	1.786	1931	3.478	1.794	1931	3.478	1.794	1931	3.478	1.794	1931	
3.690	1.692	1467	3.690	1.690	1467	3.745	1.731	1467	3.873	1.824	1891	3.953	1.875	1962	3.957	1.879	1962	3.968	1.888	1962	3.968	1.889	1962	3.968	1.889	1962	
4.154	1.719	1461	4.152	1.717	1461	4.257	1.795	1461	4.394	1.910	1934	4.574	2.053	1978	4.594	2.062	1978	4.603	2.066	1978	4.606	2.071	1978	4.606	2.071	1978	
4.510	1.829	1471	4.510	1.830	1471	4.587	1.878	1471	4.895	2.074	1929	5.081	2.169	1993	5.114	2.187	1993	5.131	2.195	1993	5.136	2.205	1993	5.136	2.205	1993	
4.663	1.852	1501	4.658	1.848	1501	4.775	1.925	1501	5.099	2.072	1931	5.384	2.207	1994	5.431	2.229	1994	5.451	2.239	1994	5.460	2.259	1994	5.460	2.259	1994	
4.891	1.976	1481	4.892	1.977	1481	4.989	2.010	1481	5.320	2.105	1929	5.664	2.289	1996	5.751	2.335	1996	5.769	2.335	1996	5.777	2.352	1996	5.777	2.352	1996	
5.017	1.973	1479	5.018	1.974	1479	5.126	2.015	1479	5.507	2.173	1922	5.866	2.311	1994	5.925	2.334	1994	5.949	2.339	1994	5.958	2.355	1994	5.958	2.355	1994	
5.061	2.042	1517	5.063	2.044	1517	5.186	2.109	1517	5.528	2.250	1943	5.821	2.339	1995	5.913	2.400	1995	5.944	2.422	1995	5.953	2.438	1995	5.953	2.438	1995	
4.863	1.963	1463	4.861	1.963	1463	5.001	2.041	1463	5.352	2.206	1926	5.691	2.334	1991	5.775	2.387	1991	5.799	2.403	1991	5.807	2.417	1991	5.807	2.417	1991	
4.811	1.981	1450	4.810	1.979	1450	4.926	2.052	1450	5.244	2.173	1918	5.546	2.293	1990	5.589	2.316	1990	5.606	2.323	1990	5.612	2.333	1990	5.612	2.333	1990	
4.544	1.870	1496	4.544	1.870	1496	4.647	1.926	1496	4.900	2.060	1938	5.152	2.222	1985	5.185	2.245	1985	5.201	2.255	1985	5.206	2.265	1985	5.206	2.265	1985	
4.294	1.857	1483	4.295	1.859	1483	4.390	1.923	1483	4.569	2.009	1918	4.763	2.106	1985	4.792	2.142	1985	4.812	2.159	1985	4.813	2.162	1985	4.813	2.162	1985	
3.831	1.736	1456	3.829	1.734	1456	3.898	1.796	1456	4.033	1.874	1901	4.183	2.001	1962	4.200	2.018	1962	4.218	2.036	1962	4.219	2.038	1962	4.219	2.038	1962	
3.400	1.602	1424	3.400	1.602	1424	3.443	1.630	1424	3.558	1.731	1874	3.625	1.795	1933	3.636	1.807	1933	3.640	1.812	1933	3.641	1.814	1933	3.641	1.814	1933	
2.818	1.435	1388	2.818	1.435	1388	2.842	1.461	1388	2.921	1.528	1827	2.932	1.551	1873	2.942	1.569	1873	2.945	1.572	1873	2.946	1.574	1873	2.946	1.574	1873	
1.605	0.735	1380	1.605	0.735	1380	1.616	0.748	1380	1.645	0.796	1380	1.684	0.880	1380	1.689	0.893	1380	1.689	0.893	1380	1.689	0.893	1380	1.689	0.893	1380	
1.895	0.856	1590	1.895	0.856	1590	1.910	0.868	1590	1.972	0.960	1590	2.036	1.075	1590	2.042	1.085	1590	2.043	1.086	1590	2.043	1.086	1590	2.043	1.086	1590	
2.079	0.947	1731	2.079	0.947	1731	2.097	0.964	1731	2.164	1.046	1731	2.289	1.248	1731	2.304	1.279	1731	2.306	1.282	1731	2.306	1.282	1731	2.306	1.282	1731	
2.304	0.959	1819	2.305	0.960	1819	2.325	0.975	1819	2.409	1.064	1819	2.583	1.315	1819	2.612	1.363	1819	2.615	1.368	1819	2.615	1.368	1819	2.615	1.368	1819	
2.506	1.036	1884	2.506	1.036	1884	2.525	1.046	1884	2.627	1.138	1884	2.890	1.502	1884	2.936	1.566	1884	2.941	1.574	1884	2.942	1.575	1884	2.942	1.575	1884	
2.700	1.027	1924	2.700	1.027	1924	2.724	1.040	1924	2.837	1.138	1924	3.164	1.534	1924	3.251	1.640	1924	3.259	1.654	1924	3.260	1.656	1924	3.260	1.656	1924	
2.878	1.057	1937	2.879	1.057	1937	2.904	1.068	1937	3.052	1.206	1937	3.464	1.676	1937	3.557	1.773	1937	3.565	1.776	1937	3.568	1.784	1937	3.568	1.784	1937	
3.034	1.056	1954	3.034	1.056	1954	3.051	1.055	1954	3.193	1.169	1954	3.684	1.696	1954	3.835	1.847	1954	3.853	1.867	1954	3.857	1.877	1954	3.857	1.877	1954	
3.115	1.055	1968	3.115	1.055	1968	3.133	1.055	1968	3.280	1.190	1968	3.802	1.684	1968	3.991	1.877	1968	4.004	1.892	1968	4.006	1.896	1968	4.006	1.896	1968	
3.201	1.069	1960	3.201	1.069	1960	3.216	1.071	1960	3.368	1.192	1960	3.949	1.750	1960	4.164	1.956	1960	4.177	1.964	1960	4.182	1.977	1960	4.182	1.977	1960	
3.183	1.058	1970	3.183	1.058	1970	3.205	1.063	1970	3.352	1.170	1970	3.923	1.738	1970	4.093	1.881	1970	4.106	1.888	1970	4.111	1.900	1970	4.111	1.900	1970	
3.160	1.057	1953	3.160	1.057	1953	3.179	1.065	1953	3.336	1.188	1953	3.884	1.746	1953	4.063	1.917	1953	4.075	1.926	1953	4.079	1.936	1953	4.079	1.936	1953	
3.096	1.050	1947	3.096	1.050	1947	3.115	1.057	1947	3.264	1.179	1947	3.781	1.700	1947	3.916	1.831	1947	3.923	1.834	1947	3.927	1.842	1947	3.927	1.842	1947	
2.994	1.072	1934	2.994	1.072	1934	3.017	1.082	1934	3.145	1.186	1934	3.621	1.687	1934	3.756	1.841	1934	3.763	1.847	1934	3.765	1.852	1934	3.765	1.852	1934	
2.816	1.082	1916	2.816	1.082	1916	2.838	1.092	1916	2.963	1.198	1916	3.321	1.605	1916	3.414	1.708	1916	3.416	1.708	1916	3.418	1.712	1916	3.418	1.712	1916	
2.600	1.021	1893	2.600	1.021	1893	2.623	1.035	1893	2.745	1.154	1893	3.040	1.529	1893	3.099	1.601	1893	3.103	1.607	1893	3.104	1.610	1893	3.104	1.610	1893	
2.342	1.030	1817	2.342	1.030	1817	2.358	1.037	1817	2.446	1.126	1817	2.656	1.439	1817	2.689	1.499	1817	2.693	1.505	1817	2.693	1.507	1817	2.693	1.507	1817	
2.025	0.920	1738	2.025	0.920	1738	2.044	0.938	1738	2.109	1.016	1738	2.224	1.215	1738	2.240	1.249	1738	2.242	1.253	1738	2.242	1.253	1738	2.242	1.253	1738	
