7.973	2.811	1999	7.973	2.811	1999	7.973	2.811	1999	7.973	2.811	1999	7.973	2.811	1999	7.973	2.811	1999	7.973	2.811	1999	7.973	2.811	1999	7.973	2.811	1999	
11.258	3.324	2000	11.258	3.324	2000	11.258	3.324	2000	11.258	3.324	2000	11.258	3.324	2000	11.258	3.324	2000	11.258	3.324	2000	11.258	3.324	2000	11.258	3.324	2000	
14.203	3.527	2000	14.203	3.527	2000	14.203	3.527	2000	14.203	3.527	2000	14.203	3.527	2000	14.203	3.527	2000	14.203	3.527	2000	14.203	3.527	2000	14.203	3.527	2000	
15.538	3.824	2000	15.538	3.824	2000	15.538	3.824	2000	15.538	3.824	2000	15.538	3.824	2000	15.538	3.824	2000	15.538	3.824	2000	15.538	3.824	2000	15.538	3.824	2000	
17.228	4.059	2000	17.228	4.059	2000	17.228	4.059	2000	17.228	4.059	2000	17.228	4.059	2000	17.228	4.059	2000	17.228	4.059	2000	17.228	4.059	2000	17.228	4.059	2000	
17.556	4.138	2000	17.556	4.138	2000	17.556	4.138	2000	17.556	4.138	2000	17.556	4.138	2000	17.556	4.138	2000	17.556	4.138	2000	17.556	4.138	2000	17.556	4.138	2000	
17.269	4.071	2000	17.269	4.071	2000	17.269	4.071	2000	17.269	4.071	2000	17.269	4.071	2000	17.269	4.071	2000	17.269	4.071	2000	17.269	4.071	2000	17.269	4.071	2000	
16.595	3.988	2000	16.595	3.988	2000	16.595	3.988	2000	16.595	3.988	2000	16.595	3.988	2000	16.595	3.988	2000	16.595	3.988	2000	16.595	3.988	2000	16.595	3.988	2000	
15.844	4.001	2000	15.844	4.001	2000	15.844	4.001	2000	15.844	4.001	2000	15.844	4.001	2000	15.844	4.001	2000	15.844	4.001	2000	15.844	4.001	2000	15.844	4.001	2000	
14.751	3.713	2000	14.751	3.713	2000	14.751	3.713	2000	14.751	3.713	2000	14.751	3.713	2000	14.751	3.713	2000	14.751	3.713	2000	14.751	3.713	2000	14.751	3.713	2000	
13.397	3.618	2000	13.397	3.618	2000	13.397	3.618	2000	13.397	3.618	2000	13.397	3.618	2000	13.397	3.618	2000	13.397	3.618	2000	13.397	3.618	2000	13.397	3.618	2000	
11.652	3.450	2000	11.652	3.450	2000	11.652	3.450	2000	11.652	3.450	2000	11.652	3.450	2000	11.652	3.450	2000	11.652	3.450	2000	11.652	3.450	2000	11.652	3.450	2000	
9.590	3.142	2000	9.590	3.142	2000	9.590	3.142	2000	9.590	3.142	2000	9.590	3.142	2000	9.590	3.142	2000	9.590	3.142	2000	9.590	3.142	2000	9.590	3.142	2000	
7.355	2.704	1997	7.355	2.704	1997	7.355	2.704	1997	7.355	2.704	1997	7.355	2.704	1997	7.355	2.704	1997	7.355	2.704	1997	7.355	2.704	1997	7.355	2.704	1997	
1.762	0.962	1409	1.762	0.962	1409	1.762	0.962	1409	1.762	0.962	1409	1.762	0.962	1409	1.762	0.962	1409	1.762	0.962	1409	1.762	0.962	1409	1.762	0.962	1409	
15.424	3.959	2000	15.424	3.959	2000	15.424	3.959	2000	15.424	3.959	2000	15.424	3.959	2000	15.424	3.959	2000	15.424	3.959	2000	15.424	3.959	2000	15.424	3.959	2000	
19.651	4.337	2000	19.651	4.337	2000	19.651	4.337	2000	19.651	4.337	2000	19.651	4.337	2000	19.651	4.337	2000	19.651	4.337	2000	19.651	4.337	2000	19.651	4.337	2000	
22.518	4.680	2000	22.518	4.680	2000	22.518	4.680	2000	22.518	4.680	2000	22.518	4.680	2000	22.518	4.680	2000	22.518	4.680	2000	22.518	4.680	2000	22.518	4.680	2000	
23.620	4.595	2000	23.620	4.595	2000	23.620	4.595	2000	23.620	4.595	2000	23.620	4.595	2000	23.620	4.595	2000	23.620	4.595	2000	23.620	4.595	2000	23.620	4.595	2000	
23.802	4.862	2000	23.802	4.862	2000	23.802	4.862	2000	23.802	4.862	2000	23.802	4.862	2000	23.802	4.862	2000	23.802	4.862	2000	23.802	4.862	2000	23.802	4.862	2000	
23.750	4.891	2000	23.750	4.891	2000	23.750	4.891	2000	23.750	4.891	2000	23.750	4.891	2000	23.750	4.891	2000	23.750	4.891	2000	23.750	4.891	2000	23.750	4.891	2000	
23.339	4.735	2000	23.339	4.735	2000	23.339	4.735	2000	23.339	4.735	2000	23.339	4.735	2000	23.339	4.735	2000	23.339	4.735	2000	23.339	4.735	2000	23.339	4.735	2000	
22.497	4.621	2000	22.497	4.621	2000	22.497	4.621	2000	22.497	4.621	2000	22.497	4.621	2000	22.497	4.621	2000	22.497	4.621	2000	22.497	4.621	2000	22.497	4.621	2000	
21.289	4.501	2000	21.289	4.501	2000	21.289	4.501	2000	21.289	4.501	2000	21.289	4.501	2000	21.289	4.501	2000	21.289	4.501	2000	21.289	4.501	2000	21.289	4.501	2000	
19.825	4.447	2000	19.825	4.447	2000	19.825	4.447	2000	19.825	4.447	2000	19.825	4.447	2000	19.825	4.447	2000	19.825	4.447	2000	19.825	4.447	2000	19.825	4.447	2000	
17.804	4.218	2000	17.804	4.218	2000	17.804	4.218	2000	17.804	4.218	2000	17.804	4.218	2000	17.804	4.218	2000	17.804	4.218	2000	17.804	4.218	2000	17.804	4.218	2000	
15.283	3.940	2000	15.283	3.940	2000	15.283	3.940	2000	15.283	3.940	2000	15.283	3.940	2000	15.283	3.940	2000	15.283	3.940	2000	15.283	3.940	2000	15.283	3.940	2000	
12.175	3.438	2000	12.175	3.438	2000	12.175	3.438	2000	12.175	3.438	2000	12.175	3.438	2000	12.175	3.438	2000	12.175	3.438	2000	12.175	3.438	2000	12.175	3.438	2000	
8.984	3.050	1999	8.984	3.050	1999	8.984	3.050	1999	8.984	3.050	1999	8.984	3.050	1999	8.984	3.050	1999	8.984	3.050	1999	8.984	3.050	1999	8.984	3.050	1999	
6.141	2.566	1992	6.141	2.566	1992	6.141	2.566	1992	6.141	2.566	1992	6.141	2.566	1992	6.141	2.566	1992	6.141	2.566	1992	6.141	2.566	1992	6.141	2.566	1992	
2.966	1.622	1881	2.966	1.622	1881	2.966	1.622	1881	2.966	1.622	1881	2.966	1.622	1881	2.966	1.622	1881	2.966	1.622	1881	2.966	1.622	1881	2.966	1.622	1881	
1.759	0.992	1422	1.759	0.992	1422	1.759	0.992	1422	1.759	0.992	1422	1.759	0.992	1422	1.759	0.992	1422	1.759	0.992	1422	1.759	0.992	1422	1.759	0.992	1422	
1.430	0.665	1071	1.430	0.665	1071	1.430	0.665	1071	1.430	0.665	1071	1.430	0.665	1071	1.430	0.665	1071	1.430	0.665	1071	1.430	0.665	1071	1.430	0.665	1071	
29.710	5.397	2000	29.710	5.397	2000	29.710	5.397	2000	29.710	5.397	2000	29.710	5.397	2000	29.710	5.397	2000	29.710	5.397	2000	29.710	5.397	2000	29.710	5.397	2000	
30.852	5.279	2000	30.852	5.279	2000	30.852	5.279	2000	30.852	5.279	2000	30.852	5.279	2000	30.852	5.279	2000	30.852	5.279	2000	30.852	5.279	2000	30.852	5.279	2000	
31.329	5.505	2000	31.329	5.505	2000	31.329	5.505	2000	31.329	5.505	2000	31.329	5.505	2000	31.329	5.505	2000	31.329	5.505	2000	31.329	5.505	2000	31.329	5.505	2000	
31.422	5.369	2000	31.422	5.369	2000	31.422	5.369	2000	31.422	5.369	2000	31.422	5.369	2000	31.422	5.369	2000	31.422	5.369	2000	31.422	5.369	2000	31.422	5.369	2000	
30.961	5.441	2000	30.961	5.441	2000	30.961	5.441	2000	30.961	5.441	2000	30.961	5.441	2000	30.961	5.441	2000	30.961	5.441	2000	30.961	5.441	2000	30.961	5.441	2000	
30.527	5.356	2000	30.527	5.356	2000	30.527	5.356	2000	30.527	5.356	2000	30.527	5.356	2000	30.527	5.356	2000	30.527	5.356	2000	30.527	5.356	2000	30.527	5.356	2000	
29.281	5.177	2000	29.281	5.177	2000	29.281	5.177	2000	29.281	5.177	2000	29.281	5.177	2000	29.281	5.177	2000	29.281	5.177	2000	29.281	5.177	2000	29.281	5.177	2000	
27.817	5.200	2000	27.817	5.200	2000	27.817	5.200	2000	27.817	5.200	2000	27.817	5.200	2000	27.817	5.200	2000	27.817	5.200	2000	27.817	5.200	2000	27.817	5.200	2000	
25.810	5.011	2000	25.810	5.011	2000	25.810	5.011	2000	25.810	5.011	2000	25.810	5.011	2000	25.810	5.011	2000	25.810	5.011	2000	25.810	5.011	2000	25.810	5.011	2000	
23.195	4.766	2000	23.195	4.766	2000	23.195	4.766	2000	23.195	4.766	2000	23.195	4.766	2000	23.195	4.766	2000	23.195	4.766	2000	23.195	4.766	2000	23.195	4.766	2000	
19.387	4.400	2000	19.387	4.400	2000	19.387	4.400	2000	19.387	4.400	2000	19.387	4.400	2000	19.387	4.400	2000	19.387	4.400	2000	19.387	4.400	2000	19.387	4.400	2000	
14.948	3.852	2000	14.948	3.852	2000	14.948	3.852	2000	14.948	3.852	2000	14.948	3.852	2000	14.948	3.852	2000	14.948	3.852	2000	14.948	3.852	2000	14.948	3.852	2000	
8.653	2.901	2000	8.653	2.901	2000	8.653	2.901	2000	8.653	2.901	2000	8.653	2.901	2000	8.653	2.901	2000	8.653	2.901	2000	8.653	2.901	2000	8.653	2.901	2000	
34.563	5.628	2000	34.563	5.628	2000	34.563	5.628	2000	34.563	5.628	2000	34.563	5.628	2000	34.563	5.628	2000	34.563	5.628	2000	34.563	5.628	2000	34.563	5.628	2000	
37.348	5.865	2000	37.348	5.865	2000	37.348	5.865	2000	37.348	5.865	2000	37.348	5.865	2000	37.348	5.865	2000	37.348	5.865	2000	37.348	5.865	2000	37.348	5.865	2000	
38.916	6.019	2000	38.916	6.019	2000	38.916	6.019	2000	38.916	6.019	2000	38.916	6.019	2000	38.916	6.019	2000	38.916	6.019	2000	38.916	6.019	2000	38.916	6.019	2000	
40.126	5.973	2000	40.126	5.973	2000	40.126	5.973	2000	40.126	5.973	2000	40.126	5.973	2000	40.126	5.973	2000	40.126	5.973	2000	40.126	5.973	2000	40.126	5.973	2000	
40.474	5.938	2000	40.474	5.938	2000	40.474	5.938	2000	40.474	5.938	2000	40.474	5.938	2000	40.474	5.938	2000	40.474	5.938	2000	40.474	5.938	2000	40.474	5.938	2000	
40.473	6.066	2000	40.473	6.066	2000	40.473	6.066	2000	40.473	6.066	2000	40.473	6.066	2000	40.473	6.066	2000	40.473	6.066	2000	40.473	6.066	2000	40.473	6.066	2000	
40.146	6.165	2000	40.146	6.165	2000	40.146	6.165	2000	40.146	6.165	2000	40.146	6.165	2000	40.146	6.165	2000	40.146	6.165	2000	40.146	6.165	2000	40.146	6.165	2000	
39.213	6.051	2000	39.213	6.051	2000	39.213	6.051	2000	39.213	6.051	2000	39.213	6.051	2000	39.213	6.051	2000	39.213	6.051	2000	39.213	6.051	2000	39.213	6.051	2000	
37.570	5.848	2000	37.570	5.848	2000	37.570	5.848	2000	37.570	5.848	2000	37.570	5.848	2000	37.570	5.848	2000	37.570	5.848	2000	37.570	5.848	2000	37.570	5.848	2000	
35.289	5.715	2000	35.289	5.715	2000	35.289	5.715	2000	35.289	5.715	2000	35.289	5.715	2000	35.289	5.715	2000	35.289	5.715	2000	35.289	5.715	2000	35.289	5.715	2000	
32.954	5.684	2000	32.954	5.684	2000	32.954	5.684	2000	32.954	5.684	2000	32.954	5.684	2000	32.954	5.684	2000	32.954	5.684	2000	32.954	5.684	2000	32.954	5.684	2000	
29.689	5.545	2000	29.689	5.545	2000	29.689	5.545	2000	29.689	5.545	2000	29.689	5.545	2000	29.689	5.545	2000	29.689	5.545	2000	29.689	5.545	2000	29.689	5.545	2000	
25.084	4.892	2000	25.084	4.892	2000	25.084	4.892	2000	25.084	4.892	2000	25.084	4.892	2000	25.084	4.892	2000	25.084	4.892	2000	25.084	4.892	2000	25.084	4.892	2000	
41.261	6.330	2000	41.261	6.330	2000	41.261	6.330	2000	41.261	6.330	2000	41.261	6.330	2000	41.261	6.330	2000	41.261	6.330	2000	41.261	6.330	2000	41.266	6.334	2000	
44.639	6.369	2000	44.639	6.369	2000	44.639	6.369	2000	44.639	6.369	2000	44.639	6.369	2000	44.639	6.369	2000	44.639	6.369	2000	44.639	6.369	2000	44.649	6.378	2000	
47.254	6.583	2000	47.254	6.583	2000	47.254	6.583	2000	47.254	6.583	2000	47.254	6.583	2000	47.254	6.583	2000	47.254	6.583	2000	47.254	6.583	2000	47.269	6.604	2000	
49.285	6.579	2000	49.285	6.579	2000	49.285	6.579	2000	49.285	6.579	2000	49.285	6.579	2000	49.285	6.579	2000	49.285	6.579	2000	49.285	6.579	2000	49.314	6.604	2000	
50.669	6.719	2000	50.669	6.719	2000	50.669	6.719	2000	50.669	6.719	2000	50.669	6.719	2000	50.669	6.719	2000	50.669	6.719	2000	50.669	6.719	2000	50.701	6.748	2000	
51.171	6.644	2000	51.171	6.644	2000	51.171	6.644	2000	51.171	6.644	2000	51.171	6.644	2000	51.171	6.644	2000	51.171	6.644	2000	51.171	6.644	2000	51.204	6.666	2000	
51.252	6.585	2000	51.252	6.585	2000	51.252	6.585	2000	51.252	6.585	2000	51.252	6.585	2000	51.252	6.585	2000	51.252	6.585	2000	51.252	6.585	2000	51.292	6.616	2000	
50.785	6.727	2000	50.785	6.727	2000	50.785	6.727	2000	50.785	6.727	2000	50.785	6.727	2000	50.785	6.727	2000	50.785	6.727	2000	50.785	6.727	2000	50.815	6.751	2000	
49.403	6.545	2000	49.403	6.545	2000	49.403	6.545	2000	49.403	6.545	2000	49.403	6.545	2000	49.403	6.545	2000	49.403	6.545	2000	49.403	6.545	2000	49.433	6.570	2000	
47.373	6.266	2000	47.373	6.266	2000	47.373	6.266	2000	47.373	6.266	2000	47.373	6.266	2000	47.373	6.266	2000	47.373	6.266	2000	47.373	6.266	2000	47.394	6.284	2000	
44.455	6.403	2000	44.455	6.403	2000	44.455	6.403	2000	44.455	6.403	2000	44.455	6.403	2000	44.455	6.403	2000	44.455	6.403	2000	44.455	6.403	2000	44.470	6.417	2000	
40.508	6.218	2000	40.508	6.218	2000	40.508	6.218	2000	40.508	6.218	2000	40.508	6.218	2000	40.508	6.218	2000	40.508	6.218	2000	40.508	6.218	2000	40.514	6.225	2000	
36.225	5.768	2000	36.225	5.768	2000	36.225	5.768	2000	36.225	5.768	2000	36.225	5.768	2000	36.225	5.768	2000	36.225	5.768	2000	36.225	5.768	2000	36.229	5.775	2000	
32.007	5.507	2000	32.007	5.507	2000	32.007	5.507	2000	32.007	5.507	2000	32.007	5.507	2000	32.007	5.507	2000	32.007	5.507	2000	32.007	5.507	2000	32.008	5.509	2000	
19.795	4.368	2000	19.795	4.368	2000	19.795	4.368	2000	19.795	4.368	2000	19.795	4.368	2000	19.795	4.368	2000	19.795	4.368	2000	19.795	4.368	2000	19.795	4.368	2000	
18.075	4.311	2000	18.075	4.311	2000	18.075	4.311	2000	18.075	4.311	2000	18.075	4.311	2000	18.075	4.311	2000	18.075	4.311	2000	18.075	4.311	2000	18.075	4.311	2000	
16.799	3.999	2000	16.799	3.999	2000	16.799	3.999	2000	16.799	3.999	2000	16.799	3.999	2000	16.799	3.999	2000	16.799	3.999	2000	16.799	3.999	2000	16.799	3.999	2000	
14.040	3.670	2000	14.040	3.670	2000	14.040	3.670	2000	14.040	3.670	2000	14.040	3.670	2000	14.040	3.670	2000	14.040	3.670	2000	14.040	3.670	2000	14.040	3.670	2000	
13.102	3.478	2000	13.102	3.478	2000	13.102	3.478	2000	13.102	3.478	2000	13.102	3.478	2000	13.102	3.478	2000	13.102	3.478	2000	13.102	3.478	2000	13.102	3.478	2000	
10.156	3.151	2000	10.156	3.151	2000	10.156	3.151	2000	10.156	3.151	2000	10.156	3.151	2000	10.156	3.151	2000	10.156	3.151	2000	10.156	3.151	2000	10.156	3.151	2000	
44.755	5.710	2000	44.755	5.710	2000	44.755	5.710	2000	44.755	5.710	2000	44.755	5.710	2000	44.755	5.710	2000	44.755	5.710	2000	45.923	6.227	2000	46.502	6.595	2000	
48.602	5.842	2000	48.602	5.842	2000	48.602	5.842	2000	48.602	5.842	2000	48.602	5.842	2000	48.602	5.842	2000	48.602	5.842	2000	50.175	6.322	2000	51.080	6.804	2000	
51.886	5.822	2000	51.886	5.822	2000	51.886	5.822	2000	51.886	5.822	2000	51.886	5.822	2000	51.886	5.822	2000	51.886	5.822	2000	53.858	6.388	2000	55.170	7.034	2000	
54.325	5.776	2000	54.325	5.776	2000	54.325	5.776	2000	54.325	5.776	2000	54.325	5.776	2000	54.325	5.776	2000	54.325	5.776	2000	56.679	6.399	2000	58.381	7.186	2000	
56.222	5.997	2000	56.222	5.997	2000	56.222	5.997	2000	56.222	5.997	2000	56.222	5.997	2000	56.222	5.997	2000	56.222	5.997	2000	58.870	6.610	2000	60.832	7.472	2000	
57.276	5.751	2000	57.276	5.751	2000	57.276	5.751	2000	57.276	5.751	2000	57.276	5.751	2000	57.276	5.751	2000	57.276	5.751	2000	60.168	6.414	2000	62.384	7.284	2000	
58.288	5.850	2000	58.288	5.850	2000	58.288	5.850	2000	58.288	5.850	2000	58.288	5.850	2000	58.288	5.850	2000	58.288	5.850	2000	61.300	6.498	2000	63.641	7.349	2000	
58.380	5.820	2000	58.380	5.820	2000	58.380	5.820	2000	58.380	5.820	2000	58.380	5.820	2000	58.380	5.820	2000	58.380	5.820	2000	61.422	6.486	2000	63.748	7.454	2000	
57.930	5.912	2000	57.930	5.912	2000	57.930	5.912	2000	57.930	5.912	2000	57.930	5.912	2000	57.930	5.912	2000	57.930	5.912	2000	60.815	6.481	2000	63.109	7.352	2000	
56.524	5.849	2000	56.524	5.849	2000	56.524	5.849	2000	56.524	5.849	2000	56.524	5.849	2000	56.524	5.849	2000	56.524	5.849	2000	59.297	6.436	2000	61.321	7.276	2000	
54.310	5.781	2000	54.310	5.781	2000	54.310	5.781	2000	54.310	5.781	2000	54.310	5.781	2000	54.310	5.781	2000	54.310	5.781	2000	56.690	6.354	2000	58.398	7.048	2000	
51.152	5.793	2000	51.152	5.793	2000	51.152	5.793	2000	51.152	5.793	2000	51.152	5.793	2000	51.152	5.793	2000	51.152	5.793	2000	53.066	6.366	2000	54.297	6.974	2000	
46.819	5.654	2000	46.819	5.654	2000	46.819	5.654	2000	46.819	5.654	2000	46.819	5.654	2000	46.819	5.654	2000	46.819	5.654	2000	48.140	6.143	2000	48.861	6.608	2000	
40.854	5.507	2000	40.854	5.507	2000	40.854	5.507	2000	40.854	5.507	2000	40.854	5.507	2000	40.854	5.507	2000	40.854	5.507	2000	41.636	5.883	2000	41.993	6.114	2000	
35.028	5.474	2000	35.028	5.474	2000	35.028	5.474	2000	35.028	5.474	2000	35.028	5.474	2000	35.028	5.474	2000	35.028	5.474	2000	35.421	5.738	2000	35.561	5.861	2000	
27.901	5.009	2000	27.901	5.009	2000	27.901	5.009	2000	27.901	5.009	2000	27.901	5.009	2000	27.901	5.009	2000	27.901	5.009	2000	28.016	5.097	2000	28.048	5.128	2000	
20.275	4.366	2000	20.275	4.366	2000	20.275	4.366	2000	20.275	4.366	2000	20.275	4.366	2000	20.275	4.366	2000	20.275	4.366	2000	20.293	4.387	2000	20.294	4.389	2000	
19.206	4.228	2000	19.206	4.228	2000	19.206	4.228	2000	19.206	4.228	2000	19.206	4.228	2000	19.206	4.228	2000	19.206	4.228	2000	19.222	4.247	2000	19.224	4.252	2000	
18.184	4.189	2000	18.184	4.189	2000	18.184	4.189	2000	18.184	4.189	2000	18.184	4.189	2000	18.184	4.189	2000	18.184	4.189	2000	18.196	4.206	2000	18.198	4.209	2000	
18.164	4.153	2000	18.164	4.153	2000	18.164	4.153	2000	18.164	4.153	2000	18.164	4.153	2000	18.164	4.153	2000	18.164	4.153	2000	18.173	4.164	2000	18.174	4.166	2000	
17.292	4.013	2000	17.292	4.013	2000	17.292	4.013	2000	17.292	4.013	2000	17.292	4.013	2000	17.292	4.013	2000	17.292	4.013	2000	17.298	4.021	2000	17.299	4.024	2000	
16.256	3.884	2000	16.256	3.884	2000	16.256	3.884	2000	16.256	3.884	2000	16.256	3.884	2000	16.256	3.884	2000	16.256	3.884	2000	16.258	3.887	2000	16.259	3.888	2000	
40.178	4.906	2000	40.178	4.906	2000	40.178	4.906	2000	40.178	4.906	2000	40.178	4.906	2000	40.178	4.906	2000	46.065	5.494	2000	49.462	6.602	2000	49.734	6.803	2000	
42.844	5.093	2000	42.844	5.093	2000	42.844	5.093	2000	42.844	5.093	2000	42.844	5.093	2000	42.844	5.093	2000	50.305	5.525	2000	55.119	6.769	2000	55.705	7.116	2000	
45.274	5.343	2000	45.274	5.343	2000	45.274	5.343	2000	45.274	5.343	2000	45.274	5.343	2000	45.274	5.343	2000	53.925	5.629	2000	60.324	6.966	2000	61.243	7.436	2000	
46.990	5.657	2000	46.990	5.657	2000	46.990	5.657	2000	46.990	5.657	2000	46.990	5.657	2000	46.990	5.657	2000	56.855	5.701	2000	64.685	7.105	2000	65.979	7.724	2000	
48.406	5.814	2000	48.406	5.814	2000	48.406	5.814	2000	48.406	5.814	2000	48.406	5.814	2000	48.406	5.814	2000	59.126	5.885	2000	68.123	7.304	2000	69.770	7.932	2000	
49.327	6.039	2000	49.327	6.039	2000	49.327	6.039	2000	49.327	6.039	2000	49.327	6.039	2000	49.327	6.039	2000	60.738	5.879	2000	70.872	7.120	2000	72.872	7.911	2000	
50.236	6.157	2000	50.236	6.157	2000	50.236	6.157	2000	50.236	6.157	2000	50.236	6.157	2000	50.236	6.157	2000	62.044	6.024	2000	72.874	7.300	2000	75.100	8.085	2000	
50.652	6.139	2000	50.652	6.139	2000	50.652	6.139	2000	50.652	6.139	2000	50.652	6.139	2000	50.652	6.139	2000	62.807	5.896	2000	74.131	7.110	2000	76.581	7.987	2000	
50.558	6.205	2000	50.558	6.205	2000	50.558	6.205	2000	50.558	6.205	2000	50.558	6.205	2000	50.558	6.205	2000	62.910	5.996	2000	74.448	7.108	2000	77.040	8.017	2000	
50.273	6.043	2000	50.273	6.043	2000	50.273	6.043	2000	50.273	6.043	2000	50.273	6.043	2000	50.273	6.043	2000	62.358	5.862	2000	73.437	7.002	2000	75.828	7.783	2000	
50.005	5.961	2000	50.005	5.961	2000	50.005	5.961	2000	50.005	5.961	2000	50.005	5.961	2000	50.005	5.961	2000	61.600	5.800	2000	72.040	7.261	2000	74.188	8.062	2000	
48.742	5.798	2000	48.742	5.798	2000	48.742	5.798	2000	48.742	5.798	2000	48.742	5.798	2000	48.742	5.798	2000	59.586	5.686	2000	68.583	7.159	2000	70.317	7.916	2000	
46.747	5.583	2000	46.747	5.583	2000	46.747	5.583	2000	46.747	5.583	2000	46.747	5.583	2000	46.747	5.583	2000	56.313	5.615	2000	63.843	6.871	2000	65.050	7.462	2000	
43.313	5.167	2000	43.313	5.167	2000	43.313	5.167	2000	43.313	5.167	2000	43.313	5.167	2000	43.313	5.167	2000	50.832	5.529	2000	55.819	6.744	2000	56.459	7.146	2000	
38.585	4.899	2000	38.585	4.899	2000	38.585	4.899	2000	38.585	4.899	2000	38.585	4.899	2000	38.585	4.899	2000	43.787	5.457	2000	46.501	6.379	2000	46.706	6.527	2000	
17.773	3.968	2000	17.773	3.968	2000	17.773	3.968	2000	17.773	3.968	2000	17.773	3.968	2000	17.773	3.968	2000	18.019	4.189	2000	18.055	4.240	2000	18.055	4.240	2000	
17.976	3.827	2000	17.976	3.827	2000	17.976	3.827	2000	17.976	3.827	2000	17.976	3.827	2000	17.976	3.827	2000	18.232	4.036	2000	18.260	4.071	2000	18.260	4.071	2000	
17.540	3.829	2000	17.540	3.829	2000	17.540	3.829	2000	17.540	3.829	2000	17.540	3.829	2000	17.540	3.829	2000	17.769	4.011	2000	17.788	4.035	2000	17.788	4.035	2000	
16.253	3.779	2000	16.253	3.779	2000	16.253	3.779	2000	16.253	3.779	2000	16.253	3.779	2000	16.253	3.779	2000	16.412	3.933	2000	16.429	3.958	2000	16.429	3.958	2000	
14.638	3.595	2000	14.638	3.595	2000	14.638	3.595	2000	14.638	3.595	2000	14.638	3.595	2000	14.638	3.595	2000	14.738	3.699	2000	14.744	3.712	2000	14.744	3.712	2000	
31.586	5.389	2000	31.586	5.389	2000	31.586	5.389	2000	31.586	5.389	2000	31.586	5.389	2000	31.586	5.389	2000	31.586	5.389	2000	31.603	5.405	2000	31.613	5.419	2000	
40.084	6.024	2000	40.084	6.024	2000	40.084	6.024	2000	40.084	6.024	2000	40.084	6.024	2000	40.084	6.024	2000	40.084	6.024	2000	40.172	6.083	2000	40.211	6.116	2000	
49.262	6.725	2000	49.262	6.725	2000	49.262	6.725	2000	49.262	6.725	2000	49.262	6.725	2000	49.262	6.725	2000	49.262	6.725	2000	49.495	6.858	2000	49.683	6.999	2000	
55.746	6.691	2000	55.746	6.691	2000	55.746	6.691	2000	55.746	6.691	2000	55.746	6.691	2000	55.746	6.691	2000	55.746	6.691	2000	56.186	6.898	2000	56.579	7.120	2000	
62.183	6.765	2000	62.183	6.765	2000	62.183	6.765	2000	62.183	6.765	2000	62.183	6.765	2000	62.183	6.765	2000	62.183	6.765	2000	62.885	7.020	2000	63.568	7.394	2000	
67.516	7.011	2000	67.516	7.011	2000	67.516	7.011	2000	67.516	7.011	2000	67.516	7.011	2000	67.516	7.011	2000	67.516	7.011	2000	68.558	7.343	2000	69.774	7.898	2000	
72.121	7.168	2000	72.121	7.168	2000	72.121	7.168	2000	72.121	7.168	2000	72.121	7.168	2000	72.121	7.168	2000	72.121	7.168	2000	73.413	7.512	2000	75.018	8.203	2000	
76.089	6.984	2000	76.089	6.984	2000	76.089	6.984	2000	76.089	6.984	2000	76.089	6.984	2000	76.089	6.984	2000	76.089	6.984	2000	77.725	7.398	2000	79.793	8.136	2000	
78.847	7.174	2000	78.847	7.174	2000	78.847	7.174	2000	78.847	7.174	2000	78.847	7.174	2000	78.847	7.174	2000	78.847	7.174	2000	80.713	7.582	2000	83.316	8.511	2000	
81.312	6.984	2000	81.312	6.984	2000	81.312	6.984	2000	81.312	6.984	2000	81.312	6.984	2000	81.312	6.984	2000	81.312	6.984	2000	83.421	7.471	2000	86.321	8.442	2000	
82.764	7.198	2000	82.764	7.198	2000	82.764	7.198	2000	82.764	7.198	2000	82.764	7.198	2000	82.764	7.198	2000	82.764	7.198	2000	84.956	7.554	2000	88.143	8.454	2000	
83.305	7.077	2000	83.305	7.077	2000	83.305	7.077	2000	83.305	7.077	2000	83.305	7.077	2000	83.305	7.077	2000	83.305	7.077	2000	85.656	7.498	2000	88.982	8.612	2000	
82.777	7.001	2000	82.777	7.001	2000	82.777	7.001	2000	82.777	7.001	2000	82.777	7.001	2000	82.777	7.001	2000	82.777	7.001	2000	85.066	7.425	2000	88.360	8.477	2000	
80.855	7.076	2000	80.855	7.076	2000	80.855	7.076	2000	80.855	7.076	2000	80.855	7.076	2000	80.855	7.076	2000	80.855	7.076	2000	82.894	7.518	2000	85.728	8.451	2000	
77.374	7.071	2000	77.374	7.071	2000	77.374	7.071	2000	77.374	7.071	2000	77.374	7.071	2000	77.374	7.071	2000	77.374	7.071	2000	79.079	7.400	2000	81.276	8.267	2000	
71.657	7.001	2000	71.657	7.001	2000	71.657	7.001	2000	71.657	7.001	2000	71.657	7.001	2000	71.657	7.001	2000	71.657	7.001	2000	72.951	7.365	2000	74.558	8.059	2000	
62.742	6.816	2000	62.742	6.816	2000	62.742	6.816	2000	62.742	6.816	2000	62.742	6.816	2000	62.742	6.816	2000	62.742	6.816	2000	63.466	7.101	2000	64.210	7.493	2000	
31.884	5.401	2000	31.884	5.401	2000	31.884	5.401	2000	31.884	5.401	2000	31.884	5.401	2000	31.884	5.401	2000	31.915	5.429	2000	31.977	5.490	2000	31.977	5.490	2000	
43.594	5.965	2000	43.594	5.965	2000	43.594	5.965	2000	43.594	5.965	2000	43.594	5.965	2000	43.594	5.965	2000	43.733	6.035	2000	44.082	6.263	2000	44.086	6.267	2000	
51.243	6.388	2000	51.243	6.388	2000	51.243	6.388	2000	51.243	6.388	2000	51.243	6.388	2000	51.243	6.388	2000	51.525	6.491	2000	52.352	6.890	2000	52.367	6.902	2000	
58.124	6.652	2000	58.124	6.652	2000	58.124	6.652	2000	58.124	6.652	2000	58.124	6.652	2000	58.124	6.652	2000	58.582	6.773	2000	60.173	7.408	2000	60.222	7.450	2000	
64.288	6.764	2000	64.288	6.764	2000	64.288	6.764	2000	64.288	6.764	2000	64.288	6.764	2000	64.288	6.764	2000	64.973	6.874	2000	67.558	7.717	2000	67.675	7.795	2000	
70.009	6.976	2000	70.009	6.976	2000	70.009	6.976	2000	70.009	6.976	2000	70.009	6.976	2000	70.009	6.976	2000	70.920	7.051	2000	74.628	7.966	2000	74.868	8.101	2000	
74.863	7.268	2000	74.863	7.268	2000	74.863	7.268	2000	74.863	7.268	2000	74.863	7.268	2000	74.863	7.268	2000	75.978	7.329	2000	80.860	8.344	2000	81.224	8.546	2000	
78.189	7.162	2000	78.189	7.162	2000	78.189	7.162	2000	78.189	7.162	2000	78.189	7.162	2000	78.189	7.162	2000	79.566	7.213	2000	85.699	8.370	2000	86.224	8.626	2000	
81.454	7.209	2000	81.454	7.209	2000	81.454	7.209	2000	81.454	7.209	2000	81.454	7.209	2000	81.454	7.209	2000	82.970	7.216	2000	90.146	8.326	2000	90.863	8.640	2000	
83.517	7.507	2000	83.517	7.507	2000	83.517	7.507	2000	83.517	7.507	2000	83.517	7.507	2000	83.517	7.507	2000	85.166	7.468	2000	93.448	8.456	2000	94.320	8.798	2000	
85.352	7.514	2000	85.352	7.514	2000	85.352	7.514	2000	85.352	7.514	2000	85.352	7.514	2000	85.352	7.514	2000	87.078	7.476	2000	95.765	8.468	2000	96.806	8.850	2000	
86.146	7.505	2000	86.146	7.505	2000	86.146	7.505	2000	86.146	7.505	2000	86.146	7.505	2000	86.146	7.505	2000	87.896	7.495	2000	96.939	8.407	2000	98.036	8.861	2000	
85.464	7.610	2000	85.464	7.610	2000	85.464	7.610	2000	85.464	7.610	2000	85.464	7.610	2000	85.464	7.610	2000	87.286	7.578	2000	96.410	8.626	2000	97.524	9.093	2000	
84.057	7.402	2000	84.057	7.402	2000	84.057	7.402	2000	84.057	7.402	2000	84.057	7.402	2000	84.057	7.402	2000	85.744	7.368	2000	94.150	8.347	2000	95.118	8.746	2000	
81.071	7.256	2000	81.071	7.256	2000	81.071	7.256	2000	81.071	7.256	2000	81.071	7.256	2000	81.071	7.256	2000	82.544	7.344	2000	89.528	8.482	2000	90.209	8.766	2000	
75.153	6.996	2000	75.153	6.996	2000	75.153	6.996	2000	75.153	6.996	2000	75.153	6.996	2000	75.153	6.996	2000	76.337	7.029	2000	81.616	8.031	2000	82.037	8.268	2000	
64.987	6.655	2000	64.987	6.655	2000	64.987	6.655	2000	64.987	6.655	2000	64.987	6.655	2000	64.987	6.655	2000	65.690	6.756	2000	68.350	7.504	2000	68.474	7.592	2000	
48.977	6.163	2000	48.977	6.163	2000	48.977	6.163	2000	48.977	6.163	2000	48.977	6.163	2000	48.977	6.163	2000	50.214	6.601	2000	50.635	6.870	2000	50.639	6.875	2000	
55.849	6.373	2000	55.849	6.373	2000	55.849	6.373	2000	55.849	6.373	2000	55.849	6.373	2000	55.849	6.373	2000	57.955	6.832	2000	58.814	7.264	2000	58.829	7.278	2000	
62.227	6.615	2000	62.227	6.615	2000	62.227	6.615	2000	62.227	6.615	2000	62.227	6.615	2000	62.227	6.615	2000	65.422	7.106	2000	66.989	7.747	2000	67.038	7.789	2000	
67.965	7.082	2000	67.965	7.082	2000	67.965	7.082	2000	67.965	7.082	2000	67.965	7.082	2000	67.965	7.082	2000	72.377	7.265	2000	74.885	8.029	2000	74.994	8.102	2000	
72.529	7.192	2000	72.529	7.192	2000	72.529	7.192	2000	72.529	7.192	2000	72.529	7.192	2000	72.529	7.192	2000	78.058	7.320	2000	81.618	8.122	2000	81.825	8.252	2000	
76.122	7.516	2000	76.122	7.516	2000	76.122	7.516	2000	76.122	7.516	2000	76.122	7.516	2000	76.122	7.516	2000	82.894	7.673	2000	87.682	8.859	2000	87.991	9.059	2000	
79.624	7.939	2000	79.624	7.939	2000	79.624	7.939	2000	79.624	7.939	2000	79.624	7.939	2000	79.624	7.939	2000	87.240	7.796	2000	92.974	8.719	2000	93.427	8.949	2000	
81.765	8.112	2000	81.765	8.112	2000	81.765	8.112	2000	81.765	8.112	2000	81.765	8.112	2000	81.765	8.112	2000	90.360	7.575	2000	97.220	8.645	2000	97.806	8.912	2000	
84.030	8.239	2000	84.030	8.239	2000	84.030	8.239	2000	84.030	8.239	2000	84.030	8.239	2000	84.030	8.239	2000	93.025	7.770	2000	100.640	8.773	2000	101.371	9.099	2000	
84.673	8.293	2000	84.673	8.293	2000	84.673	8.293	2000	84.673	8.293	2000	84.673	8.293	2000	84.673	8.293	2000	93.930	7.759	2000	101.878	8.858	2000	102.631	9.170	2000	
84.812	8.232	2000	84.812	8.232	2000	84.812	8.232	2000	84.812	8.232	2000	84.812	8.232	2000	84.812	8.232	2000	94.152	7.675	2000	102.074	8.697	2000	102.825	8.981	2000	
83.676	8.102	2000	83.676	8.102	2000	83.676	8.102	2000	83.676	8.102	2000	83.676	8.102	2000	83.676	8.102	2000	92.559	7.896	2000	99.937	8.994	2000	100.641	9.307	2000	
80.862	7.751	2000	80.862	7.751	2000	80.862	7.751	2000	80.862	7.751	2000	80.862	7.751	2000	80.862	7.751	2000	88.934	7.437	2000	95.355	8.465	2000	95.869	8.697	2000	
75.792	7.495	2000	75.792	7.495	2000	75.792	7.495	2000	75.792	7.495	2000	75.792	7.495	2000	75.792	7.495	2000	82.307	7.519	2000	86.757	8.504	2000	87.018	8.661	2000	
66.397	6.902	2000	66.397	6.902	2000	66.397	6.902	2000	66.397	6.902	2000	66.397	6.902	2000	66.397	6.902	2000	70.388	7.197	2000	72.597	7.918	2000	72.671	7.959	2000	
47.318	5.642	2000	47.318	5.642	2000	47.318	5.642	2000	47.318	5.642	2000	47.318	5.642	2000	48.194	5.792	2000	51.635	6.838	2000	51.965	7.086	2000	51.968	7.089	2000	
52.234	6.177	2000	52.234	6.177	2000	52.234	6.177	2000	52.234	6.177	2000	52.234	6.177	2000	53.406	6.200	2000	58.728	7.193	2000	59.371	7.586	2000	59.379	7.598	2000	
56.695	6.448	2000	56.695	6.448	2000	56.695	6.448	2000	56.695	6.448	2000	56.695	6.448	2000	58.150	6.428	2000	65.555	7.373	2000	66.669	7.881	2000	66.693	7.910	2000	
61.651	6.880	2000	61.651	6.880	2000	61.651	6.880	2000	61.651	6.880	2000	61.651	6.880	2000	63.556	6.783	2000	74.041	7.404	2000	76.045	8.178	2000	76.110	8.234	2000	
64.892	7.342	2000	64.892	7.342	2000	64.892	7.342	2000	64.892	7.342	2000	64.892	7.342	2000	67.013	7.236	2000	79.922	7.531	2000	83.013	8.342	2000	83.132	8.422	2000	
68.421	7.728	2000	68.421	7.728	2000	68.421	7.728	2000	68.421	7.728	2000	68.421	7.728	2000	70.786	7.506	2000	86.138	7.535	2000	90.250	8.536	2000	90.494	8.685	2000	
70.965	8.212	2000	70.965	8.212	2000	70.965	8.212	2000	70.965	8.212	2000	70.965	8.212	2000	73.671	8.033	2000	90.908	7.656	2000	96.124	8.722	2000	96.441	8.887	2000	
72.018	8.605	2000	72.018	8.605	2000	72.018	8.605	2000	72.018	8.605	2000	72.018	8.605	2000	74.872	8.325	2000	93.892	7.694	2000	100.200	8.841	2000	100.638	9.054	2000	
73.504	8.548	2000	73.504	8.548	2000	73.504	8.548	2000	73.504	8.548	2000	73.504	8.548	2000	76.471	8.302	2000	96.088	7.725	2000	102.570	8.897	2000	103.018	9.078	2000	
73.309	8.405	2000	73.309	8.405	2000	73.309	8.405	2000	73.309	8.405	2000	73.309	8.405	2000	76.408	8.157	2000	96.576	7.536	2000	103.317	8.765	2000	103.886	9.044	2000	
72.981	8.450	2000	72.981	8.450	2000	72.981	8.450	2000	72.981	8.450	2000	72.981	8.450	2000	76.016	8.186	2000	95.517	7.756	2000	101.981	8.880	2000	102.494	9.139	2000	
71.379	8.266	2000	71.379	8.266	2000	71.379	8.266	2000	71.379	8.266	2000	71.379	8.266	2000	74.212	8.094	2000	92.284	7.695	2000	97.762	8.824	2000	98.111	9.007	2000	
68.271	7.454	2000	68.271	7.454	2000	68.271	7.454	2000	68.271	7.454	2000	68.271	7.454	2000	70.731	7.365	2000	86.073	7.436	2000	90.133	8.395	2000	90.374	8.536	2000	
61.779	6.589	2000	61.779	6.589	2000	61.779	6.589	2000	61.779	6.589	2000	61.779	6.589	2000	63.674	6.560	2000	73.771	7.326	2000	75.781	8.061	2000	75.848	8.108	2000	
49.990	6.363	2000	49.990	6.363	2000	49.990	6.363	2000	49.990	6.363	2000	51.138	6.309	2000	65.166	6.278	2000	70.154	7.520	2000	70.652	7.812	2000	70.656	7.818	2000	
53.706	7.085	2000	53.706	7.085	2000	53.706	7.085	2000	53.706	7.085	2000	54.997	7.019	2000	73.040	6.756	2000	81.362	7.987	2000	82.479	8.477	2000	82.496	8.492	2000	
55.010	7.388	2000	55.010	7.388	2000	55.010	7.388	2000	55.010	7.388	2000	56.401	7.330	2000	76.987	6.628	2000	87.197	7.973	2000	88.794	8.530	2000	88.826	8.558	2000	
56.780	7.776	2000	56.780	7.776	2000	56.780	7.776	2000	56.780	7.776	2000	58.193	7.769	2000	80.576	6.838	2000	92.680	8.031	2000	94.827	8.805	2000	94.883	8.853	2000	
57.714	7.926	2000	57.714	7.926	2000	57.714	7.926	2000	57.714	7.926	2000	59.323	7.819	2000	83.039	7.076	2000	96.559	8.100	2000	99.202	8.926	2000	99.285	8.984	2000	
57.892	8.138	2000	57.892	8.138	2000	57.892	8.138	2000	57.892	8.138	2000	59.534	8.116	2000	83.923	7.094	2000	98.220	8.240	2000	100.999	9.065	2000	101.089	9.121	2000	
58.128	7.791	2000	58.128	7.791	2000	58.128	7.791	2000	58.128	7.791	2000	59.683	7.787	2000	83.818	7.004	2000	97.605	8.189	2000	100.344	9.066	2000	100.433	9.130	2000	
57.646	7.752	2000	57.646	7.752	2000	57.646	7.752	2000	57.646	7.752	2000	59.228	7.715	2000	82.281	7.068	2000	94.945	8.325	2000	97.304	9.149	2000	97.369	9.190	2000	
55.777	7.429	2000	55.777	7.429	2000	55.777	7.429	2000	55.777	7.429	2000	57.170	7.392	2000	78.331	6.869	2000	88.822	8.142	2000	90.575	8.762	2000	90.613	8.783	2000	
53.168	6.914	2000	53.168	6.914	2000	53.168	6.914	2000	53.168	6.914	2000	54.422	6.866	2000	72.149	6.616	2000	79.939	7.892	2000	80.917	8.324	2000	80.930	8.343	2000	
3.352	2.269	1777	5.141	2.972	1957	9.774	4.031	2000	18.616	5.073	2000	32.614	5.615	2000	51.258	5.532	2000	68.111	6.090	2000	75.834	7.643	2000	76.893	8.185	2000	
3.371	2.244	1788	5.237	2.915	1956	9.856	3.886	1998	18.583	5.076	2000	33.241	5.970	2000	53.233	5.899	2000	72.950	6.211	2000	83.164	7.790	2000	84.839	8.426	2000	
3.325	2.158	1805	5.211	2.869	1961	9.889	3.951	1999	18.650	5.098	2000	33.678	6.084	2000	54.841	6.099	2000	76.672	6.327	2000	88.846	7.751	2000	91.212	8.539	2000	
3.390	2.200	1826	5.237	2.897	1970	10.043	3.910	2000	18.953	5.120	2000	33.981	5.877	2000	55.755	6.063	2000	78.478	6.314	2000	91.752	7.982	2000	94.486	8.915	2000	
3.348	2.234	1782	5.271	2.937	1953	10.027	4.068	1999	19.016	5.305	2000	34.190	6.064	2000	55.891	6.340	2000	78.913	6.206	2000	92.348	7.763	2000	95.052	8.664	2000	
3.357	2.174	1809	5.203	2.858	1969	10.025	3.955	2000	18.808	5.218	2000	33.757	6.103	2000	55.195	6.218	2000	77.770	6.403	2000	90.529	7.943	2000	93.112	8.813	2000	
3.321	2.204	1801	5.218	2.983	1967	10.048	4.039	2000	18.860	5.112	2000	33.427	5.955	2000	54.162	6.144	2000	75.063	6.301	2000	86.483	7.989	2000	88.569	8.732	2000	
3.420	2.250	1797	5.206	2.974	1971	9.928	3.981	1999	18.586	5.044	2000	32.959	5.799	2000	52.226	5.861	2000	70.341	6.227	2000	79.071	7.830	2000	80.286	8.387	2000	
3.298	2.099	1798	5.127	2.789	1963	9.680	3.822	1998	18.018	4.829	2000	31.481	5.460	2000	48.993	5.451	2000	64.018	6.196	2000	70.134	7.628	2000	70.787	7.979	2000	
3.293	2.095	1800	5.130	2.779	1962	9.572	3.729	2000	17.441	4.476	2000	29.395	4.900	2000	43.195	4.892	2000	52.851	6.019	2000	55.554	6.968	2000	55.714	7.063	2000	
3.363	2.241	1792	5.089	2.827	1953	9.335	3.598	1998	16.791	4.238	2000	27.426	4.383	2000	38.576	4.643	2000	44.901	5.959	2000	46.224	6.644	2000	46.273	6.699	2000	
3.264	2.172	1804	4.959	2.754	1956	9.269	3.639	1997	16.182	4.078	2000	25.484	3.999	2000	33.923	4.507	2000	37.872	5.622	2000	38.450	5.964	2000	38.460	5.973	2000	
3.274	2.113	1767	4.874	2.607	1955	8.843	3.339	1999	14.978	3.580	2000	22.512	3.651	2000	28.274	4.507	2000	30.219	5.318	2000	30.409	5.469	2000	30.413	5.475	2000	
6.738	3.451	1981	6.738	3.451	1981	12.280	4.426	1999	22.427	5.442	2000	37.714	5.708	2000	54.813	5.347	2000	66.195	6.578	2000	69.105	7.627	2000	69.267	7.739	2000	
6.791	3.390	1973	6.791	3.390	1973	12.547	4.534	2000	23.257	5.752	2000	39.571	6.159	2000	59.430	5.759	2000	74.425	6.646	2000	79.376	8.067	2000	79.750	8.258	2000	
6.948	3.669	1969	6.948	3.669	1969	12.677	4.739	2000	23.285	5.737	2000	40.267	6.284	2000	61.182	5.822	2000	78.195	6.566	2000	84.171	7.932	2000	84.688	8.206	2000	
7.001	3.494	1982	7.001	3.494	1982	12.629	4.622	2000	23.571	5.780	2000	40.532	6.376	2000	62.298	6.149	2000	80.131	6.653	2000	86.756	8.084	2000	87.416	8.394	2000	
6.867	3.483	1982	6.867	3.483	1982	12.639	4.755	2000	23.207	5.772	2000	40.535	6.399	2000	62.026	6.249	2000	79.598	6.949	2000	86.111	8.460	2000	86.745	8.799	2000	
6.861	3.511	1981	6.861	3.511	1981	12.605	4.554	2000	23.462	5.648	2000	39.866	6.247	2000	60.708	6.068	2000	77.136	6.778	2000	82.907	8.091	2000	83.410	8.344	2000	
6.795	3.488	1985	6.795	3.488	1985	12.401	4.584	1999	22.861	5.678	2000	38.998	5.868	2000	58.460	5.790	2000	73.142	6.766	2000	77.775	8.088	2000	78.114	8.293	2000	
6.892	3.524	1984	6.892	3.524	1984	12.452	4.534	2000	22.724	5.559	2000	38.121	5.636	2000	55.694	5.599	2000	67.587	6.657	2000	70.804	7.687	2000	70.993	7.789	2000	
6.894	3.506	1982	6.894	3.506	1982	12.534	4.518	1999	22.279	5.155	2000	36.374	5.323	2000	51.304	5.405	2000	60.164	6.814	2000	62.059	7.580	2000	62.130	7.648	2000	
6.771	3.354	1983	6.771	3.354	1983	11.996	4.236	2000	21.311	4.818	2000	33.882	4.839	2000	45.718	5.097	2000	51.522	6.422	2000	52.402	6.894	2000	52.419	6.910	2000	
6.543	3.264	1984	6.543	3.264	1984	11.681	4.027	2000	20.174	4.478	2000	31.007	4.472	2000	39.787	5.258	2000	43.207	6.353	2000	43.583	6.612	2000	43.586	6.616	2000	
6.594	3.191	1978	6.594	3.191	1978	11.319	3.780	1999	18.829	4.023	2000	27.314	4.013	2000	33.062	4.892	2000	34.671	5.611	2000	34.768	5.695	2000	34.768	5.695	2000	
10.131	3.905	1998	10.131	3.905	1998	13.838	4.506	2000	25.191	5.274	2000	41.773	5.530	2000	59.669	5.567	2000	70.674	7.068	2000	73.246	8.012	2000	73.351	8.084	2000	
10.218	3.997	1999	10.218	3.997	1999	13.957	4.491	2000	25.579	5.439	2000	42.714	5.817	2000	61.778	5.725	2000	74.271	7.090	2000	77.459	8.185	2000	77.611	8.284	2000	
10.263	4.001	2000	10.263	4.001	2000	13.977	4.434	2000	25.366	5.371	2000	42.743	5.628	2000	62.187	5.558	2000	74.872	6.997	2000	78.093	8.015	2000	78.264	8.131	2000	
10.131	3.945	1999	10.131	3.945	1999	13.921	4.442	2000	25.454	5.404	2000	42.353	5.762	2000	61.225	5.658	2000	73.393	6.961	2000	76.385	7.930	2000	76.512	8.017	2000	
10.352	3.953	2000	10.352	3.953	2000	14.072	4.386	2000	25.291	5.181	2000	41.591	5.505	2000	59.131	5.597	2000	69.901	7.004	2000	72.324	7.887	2000	72.430	7.965	2000	
10.196	3.888	1999	10.196	3.888	1999	13.864	4.318	2000	24.870	5.057	2000	40.321	5.110	2000	56.248	5.515	2000	65.206	6.936	2000	66.983	7.675	2000	67.041	7.719	2000	
10.117	3.828	1999	10.117	3.828	1999	13.769	4.263	2000	24.183	4.922	2000	38.456	4.906	2000	52.287	5.436	2000	59.177	6.891	2000	60.222	7.472	2000	60.247	7.496	2000	
9.970	3.743	1999	9.970	3.743	1999	13.511	4.188	2000	23.474	4.677	2000	36.407	4.660	2000	47.558	5.234	2000	52.205	6.498	2000	52.758	6.867	2000	52.771	6.881	2000	
9.829	3.658	1999	9.829	3.658	1999	13.170	4.014	2000	22.500	4.348	2000	33.344	4.278	2000	41.723	5.251	2000	44.388	6.268	2000	44.613	6.426	2000	44.614	6.427	2000	
9.549	3.501	1999	9.549	3.501	1999	12.583	3.751	2000	20.570	3.967	2000	29.158	4.020	2000	34.271	4.972	2000	35.471	5.642	2000	35.523	5.690	2000	35.523	5.690	2000	
12.327	4.557	2000	12.327	4.557	2000	14.242	4.784	2000	24.856	5.290	2000	38.959	5.209	2000	51.505	5.417	2000	57.080	6.683	2000	57.766	7.048	2000	57.776	7.063	2000	
12.349	4.491	2000	12.349	4.491	2000	14.376	4.708	2000	25.744	5.529	2000	41.456	5.478	2000	56.895	5.666	2000	64.869	7.018	2000	66.172	7.589	2000	66.209	7.613	2000	
12.593	4.603	2000	12.593	4.603	2000	14.491	4.798	2000	26.099	5.678	2000	41.922	5.645	2000	57.924	5.620	2000	66.437	7.023	2000	67.922	7.681	2000	67.968	7.728	2000	
12.789	4.694	2000	12.789	4.694	2000	14.717	4.930	2000	26.064	5.696	2000	41.935	5.538	2000	57.534	5.648	2000	65.726	7.101	2000	67.094	7.723	2000	67.135	7.757	2000	
12.673	4.650	2000	12.673	4.650	2000	14.565	4.835	2000	25.576	5.500	2000	41.038	5.403	2000	56.113	5.612	2000	63.618	7.002	2000	64.806	7.543	2000	64.835	7.576	2000	
12.458	4.604	1999	12.458	4.604	1999	14.369	4.755	2000	25.369	5.363	2000	40.074	5.222	2000	53.617	5.570	2000	59.969	6.967	2000	60.868	7.425	2000	60.893	7.454	2000	
12.350	4.499	2000	12.350	4.499	2000	14.201	4.722	2000	24.765	5.194	2000	38.304	5.017	2000	50.159	5.571	2000	55.011	6.811	2000	55.583	7.149	2000	55.590	7.156	2000	
12.128	4.248	2000	12.128	4.248	2000	13.984	4.375	2000	23.970	4.819	2000	36.230	4.585	2000	45.721	5.320	2000	49.087	6.468	2000	49.392	6.709	2000	49.394	6.711	2000	
11.931	4.145	1999	11.931	4.145	1999	13.672	4.290	2000	22.969	4.455	2000	33.326	4.376	2000	40.297	5.307	2000	42.167	6.120	2000	42.263	6.215	2000	42.264	6.217	2000	
11.631	3.934	2000	11.631	3.934	2000	13.159	3.965	2000	21.170	4.030	2000	28.972	4.065	2000	33.447	5.131	2000	34.229	5.581	2000	34.258	5.611	2000	34.258	5.611	2000	
17.381	5.294	1999	17.381	5.294	1999	17.987	5.312	1999	27.108	4.880	2000	34.233	4.783	2000	36.646	5.577	2000	36.851	5.725	2000	36.854	5.728	2000	36.854	5.728	2000	
18.387	5.996	1999	18.387	5.996	1999	19.134	6.025	1999	30.379	5.629	2000	40.924	5.083	2000	45.977	6.022	2000	46.760	6.446	2000	46.774	6.463	2000	46.774	6.463	2000	
18.923	6.318	2000	18.923	6.318	2000	19.731	6.400	2000	32.221	6.165	2000	45.119	5.408	2000	52.452	6.327	2000	53.969	7.003	2000	54.015	7.039	2000	54.015	7.039	2000	
19.159	6.511	2000	19.159	6.511	2000	20.023	6.570	2000	32.980	6.416	2000	46.663	5.604	2000	54.974	6.312	2000	56.845	7.074	2000	56.925	7.157	2000	56.925	7.158	2000	
19.262	6.490	2000	19.262	6.490	2000	20.109	6.539	2000	33.123	6.486	2000	46.910	5.532	2000	55.360	6.380	2000	57.243	7.155	2000	57.315	7.205	2000	57.315	7.205	2000	
19.050	6.464	1998	19.050	6.464	1998	19.919	6.530	1998	32.599	6.554	2000	46.261	5.591	2000	54.108	6.292	2000	55.809	7.000	2000	55.864	7.044	2000	55.864	7.044	2000	
19.149	6.404	2000	19.149	6.404	2000	19.945	6.406	2000	32.272	6.086	2000	44.733	5.546	2000	51.617	6.364	2000	52.959	6.999	2000	53.004	7.045	2000	53.004	7.045	2000	
18.508	6.119	2000	18.508	6.119	2000	19.235	6.085	2000	30.784	5.923	2000	42.218	5.155	2000	47.987	6.045	2000	48.912	6.525	2000	48.934	6.547	2000	48.934	6.547	2000	
18.060	5.797	2000	18.060	5.797	2000	18.730	5.828	2000	29.456	5.438	2000	38.984	5.089	2000	43.309	5.968	2000	43.885	6.332	2000	43.896	6.342	2000	43.896	6.342	2000	
17.627	5.556	1999	17.627	5.556	1999	18.267	5.530	2000	27.642	4.921	2000	35.044	4.920	2000	37.794	5.760	2000	38.061	5.954	2000	38.065	5.959	2000	38.065	5.959	2000	
16.504	4.795	2000	16.504	4.795	2000	16.987	4.816	2000	24.577	4.282	2000	29.620	4.762	2000	31.025	5.397	2000	31.115	5.474	2000	31.115	5.474	2000	31.115	5.474	2000	
23.622	4.554	2000	23.622	4.554	2000	23.622	4.554	2000	23.622	4.554	2000	23.622	4.554	2000	23.622	4.554	2000	23.751	4.692	2000	23.754	4.696	2000	23.754	4.696	2000	
31.164	4.915	2000	31.164	4.915	2000	31.164	4.915	2000	31.164	4.915	2000	31.164	4.915	2000	31.164	4.915	2000	31.662	5.237	2000	31.683	5.257	2000	31.683	5.257	2000	
37.446	5.250	2000	37.446	5.250	2000	37.446	5.250	2000	37.446	5.250	2000	37.446	5.250	2000	37.446	5.250	2000	38.632	5.864	2000	38.719	5.933	2000	38.721	5.934	2000	
41.572	5.553	2000	41.572	5.553	2000	41.572	5.553	2000	41.572	5.553	2000	41.572	5.553	2000	41.572	5.553	2000	43.419	6.193	2000	43.611	6.335	2000	43.614	6.340	2000	
43.807	5.483	2000	43.807	5.483	2000	43.807	5.483	2000	43.807	5.483	2000	43.807	5.483	2000	43.807	5.483	2000	46.194	6.358	2000	46.477	6.589	2000	46.481	6.596	2000	
44.587	5.481	2000	44.587	5.481	2000	44.587	5.481	2000	44.587	5.481	2000	44.587	5.481	2000	44.587	5.481	2000	47.043	6.291	2000	47.320	6.471	2000	47.324	6.474	2000	
43.891	5.484	2000	43.891	5.484	2000	43.891	5.484	2000	43.891	5.484	2000	43.891	5.484	2000	43.891	5.484	2000	46.179	6.319	2000	46.457	6.506	2000	46.460	6.509	2000	
42.162	5.527	2000	42.162	5.527	2000	42.162	5.527	2000	42.162	5.527	2000	42.162	5.527	2000	42.162	5.527	2000	44.133	6.314	2000	44.343	6.473	2000	44.346	6.478	2000	
39.687	5.509	2000	39.687	5.509	2000	39.687	5.509	2000	39.687	5.509	2000	39.687	5.509	2000	39.687	5.509	2000	41.181	6.161	2000	41.312	6.266	2000	41.313	6.266	2000	
36.248	5.285	2000	36.248	5.285	2000	36.248	5.285	2000	36.248	5.285	2000	36.248	5.285	2000	36.248	5.285	2000	37.243	5.791	2000	37.313	5.850	2000	37.313	5.850	2000	
32.087	5.104	2000	32.087	5.104	2000	32.087	5.104	2000	32.087	5.104	2000	32.087	5.104	2000	32.087	5.104	2000	32.642	5.464	2000	32.676	5.497	2000	32.676	5.497	2000	
26.407	4.775	2000	26.407	4.775	2000	26.407	4.775	2000	26.407	4.775	2000	26.407	4.775	2000	26.407	4.775	2000	26.616	4.952	2000	26.622	4.957	2000	26.622	4.957	2000	
20.295	4.352	2000	20.295	4.352	2000	20.295	4.352	2000	20.295	4.352	2000	20.295	4.352	2000	20.295	4.352	2000	20.346	4.413	2000	20.348	4.418	2000	20.348	4.418	2000	
10.138	3.759	1999	10.138	3.759	1999	10.437	3.739	1999	15.609	3.423	2000	19.494	3.782	2000	20.803	4.384	2000	20.917	4.499	2000	20.917	4.500	2000	20.917	4.500	2000	
10.866	4.299	2000	10.866	4.299	2000	11.195	4.299	2000	17.593	3.961	2000	23.402	3.878	2000	26.188	4.597	2000	26.583	4.884	2000	26.594	4.899	2000	26.594	4.899	2000	
11.495	4.655	1999	11.495	4.655	1999	11.867	4.641	2000	19.033	4.550	2000	26.254	4.152	2000	30.358	4.799	2000	31.161	5.271	2000	31.189	5.300	2000	31.189	5.300	2000	
11.587	4.723	2000	11.587	4.723	2000	11.994	4.786	2000	19.800	4.905	2000	28.271	4.481	2000	33.458	4.967	2000	34.784	5.576	2000	34.852	5.638	2000	34.852	5.638	2000	
12.010	4.883	2000	12.010	4.883	2000	12.397	4.900	2000	20.368	4.927	2000	29.310	4.471	2000	35.344	4.943	2000	36.922	5.695	2000	37.012	5.771	2000	37.012	5.771	2000	
11.670	4.913	1996	11.670	4.913	1996	12.097	4.921	1997	20.272	5.045	2000	29.600	4.619	2000	35.915	5.174	2000	37.646	5.934	2000	37.759	6.023	2000	37.760	6.024	2000	
11.784	4.932	1998	11.784	4.932	1998	12.171	5.003	1998	20.254	5.011	2000	29.269	4.532	2000	35.556	5.045	2000	37.292	5.773	2000	37.388	5.857	2000	37.389	5.858	2000	
11.603	4.884	1999	11.603	4.884	1999	12.032	4.930	1999	20.029	4.940	2000	28.701	4.512	2000	34.399	5.134	2000	35.873	5.767	2000	35.953	5.837	2000	35.953	5.838	2000	
11.492	4.681	1999	11.492	4.681	1999	11.900	4.683	1999	19.480	4.710	2000	27.576	4.332	2000	32.495	4.989	2000	33.604	5.568	2000	33.657	5.622	2000	33.657	5.622	2000	
11.098	4.486	1998	11.098	4.486	1998	11.446	4.495	1998	18.684	4.429	2000	25.859	4.082	2000	29.809	4.808	2000	30.563	5.285	2000	30.588	5.309	2000	30.588	5.309	2000	
11.076	4.330	1999	11.076	4.330	1999	11.408	4.361	1999	17.791	4.060	2000	23.624	3.857	2000	26.386	4.606	2000	26.817	4.914	2000	26.826	4.930	2000	26.826	4.930	2000	
10.527	4.048	2000	10.527	4.048	2000	10.801	4.031	2000	16.323	3.633	2000	20.749	3.839	2000	22.420	4.466	2000	22.631	4.643	2000	22.633	4.645	2000	22.633	4.645	2000	
9.539	3.526	2000	9.539	3.526	2000	9.782	3.496	2000	14.185	3.253	2000	17.061	3.662	2000	17.830	4.108	2000	17.880	4.154	2000	17.880	4.154	2000	17.880	4.154	2000	
10.037	2.398	2000	10.037	2.398	2000	10.037	2.398	2000	10.037	2.398	2000	11.761	2.898	2000	12.418	3.343	2000	12.472	3.407	2000	12.472	3.407	2000	12.472	3.407	2000	
11.995	2.720	2000	11.995	2.720	2000	11.995	2.720	2000	11.995	2.720	2000	15.088	3.039	2000	16.674	3.744	2000	16.913	3.942	2000	16.916	3.947	2000	16.916	3.947	2000	
13.339	2.963	2000	13.339	2.963	2000	13.339	2.963	2000	13.339	2.963	2000	17.672	3.194	2000	20.496	4.016	2000	21.134	4.467	2000	21.167	4.514	2000	21.168	4.515	2000	
14.281	3.157	2000	14.281	3.157	2000	14.281	3.157	2000	14.281	3.157	2000	19.473	3.323	2000	23.358	4.126	2000	24.410	4.671	2000	24.473	4.740	2000	24.473	4.740	2000	
14.725	3.361	2000	14.725	3.361	2000	14.725	3.361	2000	14.725	3.361	2000	20.625	3.408	2000	25.331	4.133	2000	26.784	4.888	2000	26.898	4.987	2000	26.899	4.991	2000	
15.009	3.377	2000	15.009	3.377	2000	15.009	3.377	2000	15.009	3.377	2000	21.197	3.472	2000	26.627	4.307	2000	28.470	5.107	2000	28.629	5.253	2000	28.631	5.257	2000	
15.122	3.503	2000	15.122	3.503	2000	15.122	3.503	2000	15.122	3.503	2000	21.519	3.532	2000	27.221	4.243	2000	29.162	5.070	2000	29.352	5.237	2000	29.355	5.241	2000	
15.032	3.415	2000	15.032	3.415	2000	15.032	3.415	2000	15.032	3.415	2000	21.487	3.511	2000	26.979	4.199	2000	28.926	5.024	2000	29.088	5.170	2000	29.089	5.172	2000	
14.880	3.306	2000	14.880	3.306	2000	14.880	3.306	2000	14.880	3.306	2000	21.041	3.353	2000	26.338	4.120	2000	28.114	4.958	2000	28.252	5.069	2000	28.253	5.070	2000	
14.645	3.250	2000	14.645	3.250	2000	14.645	3.250	2000	14.645	3.250	2000	20.351	3.292	2000	24.958	4.226	2000	26.346	5.002	2000	26.452	5.114	2000	26.453	5.117	2000	
14.037	3.145	2000	14.037	3.145	2000	14.037	3.145	2000	14.037	3.145	2000	19.206	3.270	2000	23.070	4.183	2000	24.124	4.770	2000	24.187	4.842	2000	24.187	4.842	2000	
13.470	3.012	2000	13.470	3.012	2000	13.470	3.012	2000	13.470	3.012	2000	17.828	3.298	2000	20.679	4.175	2000	21.336	4.665	2000	21.366	4.699	2000	21.367	4.700	2000	
12.502	2.763	2000	12.502	2.763	2000	12.502	2.763	2000	12.502	2.763	2000	16.043	3.038	2000	18.034	3.818	2000	18.388	4.106	2000	18.401	4.131	2000	18.401	4.131	2000	
11.082	2.605	2000	11.082	2.605	2000	11.082	2.605	2000	11.082	2.605	2000	13.402	3.049	2000	14.461	3.638	2000	14.582	3.760	2000	14.587	3.771	2000	14.587	3.771	2000	
4.839	1.761	1992	4.839	1.761	1992	5.060	1.774	1996	6.613	2.107	1998	7.340	2.542	1998	7.469	2.687	1998	7.476	2.699	1998	7.476	2.699	1998	7.476	2.699	1998	
5.601	2.075	1997	5.601	2.075	1997	5.934	2.072	1999	8.376	2.320	2000	9.916	2.807	2000	10.333	3.142	2000	10.368	3.190	2000	10.368	3.192	2000	10.368	3.192	2000	
6.164	2.288	1994	6.164	2.288	1994	6.593	2.313	1996	9.846	2.449	2000	12.386	2.945	2000	13.322	3.452	2000	13.422	3.561	2000	13.424	3.564	2000	13.424	3.564	2000	
6.522	2.501	1994	6.522	2.501	1994	6.999	2.530	1998	10.873	2.606	2000	14.340	2.967	2000	16.023	3.711	2000	16.290	3.952	2000	16.295	3.959	2000	16.295	3.959	2000	
6.626	2.597	1998	6.626	2.597	1998	7.123	2.635	1999	11.511	2.799	2000	15.778	3.130	2000	18.077	3.916	2000	18.549	4.273	2000	18.565	4.292	2000	18.565	4.292	2000	
6.803	2.668	1994	6.803	2.668	1994	7.356	2.698	1995	12.023	2.897	2000	16.816	3.094	2000	19.645	3.857	2000	20.314	4.299	2000	20.347	4.332	2000	20.347	4.333	2000	
6.845	2.691	1997	6.845	2.691	1997	7.360	2.750	2000	12.180	2.877	2000	17.416	3.116	2000	20.768	4.006	2000	21.640	4.576	2000	21.694	4.635	2000	21.694	4.635	2000	
6.936	2.717	1990	6.936	2.717	1990	7.469	2.761	1995	12.300	3.000	2000	17.645	3.124	2000	21.185	3.834	2000	22.108	4.381	2000	22.159	4.443	2000	22.159	4.443	2000	
6.975	2.752	1996	6.975	2.752	1996	7.517	2.789	1997	12.328	2.926	2000	17.627	3.165	2000	21.134	3.950	2000	22.041	4.499	2000	22.102	4.562	2000	22.102	4.562	2000	
6.984	2.730	1992	6.984	2.730	1992	7.545	2.756	1995	12.167	2.888	2000	17.267	3.072	2000	20.528	3.907	2000	21.384	4.465	2000	21.441	4.534	2000	21.441	4.534	2000	
6.806	2.634	1991	6.806	2.634	1991	7.360	2.667	1994	11.915	2.869	2000	16.675	3.078	2000	19.492	3.861	2000	20.203	4.367	2000	20.230	4.398	2000	20.230	4.398	2000	
6.684	2.590	1996	6.684	2.590	1996	7.149	2.624	1999	11.522	2.784	2000	15.771	3.055	2000	18.097	3.901	2000	18.585	4.269	2000	18.606	4.294	2000	18.606	4.294	2000	
6.461	2.491	1995	6.461	2.491	1995	6.929	2.574	2000	10.894	2.653	2000	14.534	3.008	2000	16.314	3.803	2000	16.612	4.067	2000	16.622	4.080	2000	16.622	4.080	2000	
6.277	2.328	1998	6.277	2.328	1998	6.688	2.346	1999	10.089	2.443	2000	12.937	2.938	2000	14.053	3.529	2000	14.179	3.659	2000	14.182	3.664	2000	14.182	3.664	2000	
5.798	2.091	1997	5.798	2.091	1997	6.171	2.116	1999	8.867	2.319	2000	10.723	2.861	2000	11.300	3.273	2000	11.353	3.341	2000	11.355	3.345	2000	11.355	3.345	2000	
5.156	1.880	1994	5.156	1.880	1994	5.421	1.887	1996	7.225	2.164	1999	8.162	2.661	1999	8.365	2.870	1999	8.375	2.886	1999	8.375	2.886	1999	8.375	2.886	1999	
2.259	1.136	1764	2.259	1.136	1764	2.426	1.220	1778	2.606	1.344	1784	2.629	1.379	1784	2.633	1.388	1784	2.633	1.388	1784	2.633	1.388	1784	2.633	1.388	1784	
3.228	1.468	1937	3.228	1.468	1937	3.630	1.559	1961	4.199	1.840	1971	4.347	1.992	1971	4.359	2.011	1971	4.359	2.011	1971	4.359	2.011	1971	4.359	2.011	1971	
3.960	1.778	1966	3.960	1.778	1966	4.609	1.835	1995	5.683	2.090	1997	6.121	2.398	1997	6.188	2.490	1997	6.190	2.494	1997	6.190	2.494	1997	6.190	2.494	1997	
4.449	1.969	1963	4.449	1.969	1963	5.343	2.033	1996	7.133	2.209	1999	8.016	2.618	1999	8.202	2.796	1999	8.207	2.807	1999	8.207	2.807	1999	8.207	2.807	1999	
4.870	2.187	1966	4.870	2.187	1966	5.995	2.258	1992	8.396	2.345	2000	9.851	2.754	2000	10.241	3.033	2000	10.272	3.075	2000	10.272	3.076	2000	10.272	3.076	2000	
5.132	2.421	1963	5.132	2.421	1963	6.418	2.492	1991	9.278	2.485	2000	11.389	2.847	2000	12.108	3.335	2000	12.182	3.429	2000	12.183	3.431	2000	12.183	3.431	2000	
5.192	2.453	1971	5.192	2.453	1971	6.588	2.545	1991	9.887	2.563	2000	12.549	2.920	2000	13.585	3.477	2000	13.724	3.614	2000	13.726	3.617	2000	13.726	3.617	2000	
5.278	2.616	1963	5.278	2.616	1963	6.713	2.774	1996	10.407	2.713	2000	13.552	2.964	2000	14.859	3.584	2000	15.043	3.780	2000	15.047	3.787	2000	15.047	3.787	2000	
5.400	2.544	1971	5.400	2.544	1971	6.970	2.701	1993	10.666	2.714	2000	14.085	3.014	2000	15.619	3.689	2000	15.864	3.906	2000	15.869	3.914	2000	15.869	3.914	2000	
5.464	2.633	1957	5.464	2.633	1957	6.966	2.761	1992	10.877	2.802	2000	14.408	3.032	2000	16.048	3.652	2000	16.337	3.897	2000	16.346	3.911	2000	16.346	3.911	2000	
5.411	2.662	1965	5.411	2.662	1965	7.013	2.785	1992	10.898	2.855	2000	14.403	3.081	2000	16.067	3.759	2000	16.337	3.988	2000	16.348	4.002	2000	16.348	4.002	2000	
5.386	2.594	1965	5.386	2.594	1965	6.867	2.751	1996	10.634	2.775	2000	14.075	3.061	2000	15.694	3.716	2000	15.955	3.949	2000	15.963	3.959	2000	15.963	3.959	2000	
5.291	2.569	1960	5.291	2.569	1960	6.801	2.716	1992	10.398	2.777	2000	13.504	3.038	2000	14.823	3.619	2000	15.003	3.792	2000	15.008	3.798	2000	15.008	3.798	2000	
5.245	2.499	1968	5.245	2.499	1968	6.632	2.616	1995	10.060	2.598	2000	12.784	2.988	2000	13.866	3.535	2000	14.014	3.672	2000	14.017	3.675	2000	14.017	3.675	2000	
5.082	2.441	1962	5.082	2.441	1962	6.402	2.525	1992	9.357	2.521	1999	11.622	2.906	2000	12.384	3.342	2000	12.478	3.440	2000	12.479	3.441	2000	12.479	3.441	2000	
4.839	2.242	1962	4.839	2.242	1962	5.993	2.275	1991	8.554	2.349	1999	10.173	2.774	1999	10.647	3.132	1999	10.688	3.193	1999	10.688	3.194	1999	10.688	3.194	1999	
4.558	2.019	1966	4.558	2.019	1966	5.529	2.116	1993	7.481	2.252	1999	8.561	2.727	1999	8.806	2.946	1999	8.823	2.971	1999	8.823	2.971	1999	8.823	2.971	1999	
4.058	1.822	1973	4.058	1.822	1973	4.834	1.861	1991	6.132	2.095	1998	6.709	2.478	1998	6.791	2.584	1998	6.794	2.592	1998	6.794	2.592	1998	6.794	2.592	1998	
2.120	1.093	1747	2.120	1.093	1747	2.456	1.252	1823	2.629	1.388	1827	2.668	1.442	1827	2.669	1.446	1827	2.669	1.446	1827	2.669	1.446	1827	2.669	1.446	1827	
2.611	1.253	1852	2.611	1.253	1852	3.228	1.446	1933	3.648	1.690	1941	3.757	1.834	1941	3.767	1.853	1941	3.767	1.853	1941	3.767	1.853	1941	3.767	1.853	1941	
2.969	1.420	1880	2.969	1.420	1880	3.896	1.588	1975	4.651	1.898	1982	4.884	2.114	1982	4.910	2.158	1982	4.911	2.161	1982	4.911	2.161	1982	4.911	2.161	1982	
3.420	1.646	1888	3.420	1.646	1888	4.597	1.738	1985	5.727	1.992	1995	6.248	2.340	1995	6.316	2.430	1995	6.320	2.438	1995	6.320	2.438	1995	6.320	2.438	1995	
3.578	1.773	1897	3.578	1.773	1897	5.125	1.895	1990	6.695	2.073	2000	7.498	2.515	2000	7.665	2.676	2000	7.673	2.690	2000	7.673	2.690	2000	7.673	2.690	2000	
3.722	1.798	1916	3.722	1.798	1916	5.491	1.936	1991	7.426	2.179	2000	8.560	2.660	2000	8.861	2.926	2000	8.875	2.946	2000	8.875	2.946	2000	8.875	2.946	2000	
3.846	1.981	1911	3.846	1.981	1911	5.729	2.121	1994	8.086	2.230	2000	9.573	2.677	2000	9.993	2.997	2000	10.031	3.044	2000	10.032	3.045	2000	10.032	3.045	2000	
3.948	1.977	1911	3.948	1.977	1911	5.945	2.199	1993	8.566	2.319	2000	10.310	2.798	2000	10.865	3.229	2000	10.916	3.300	2000	10.916	3.300	2000	10.916	3.300	2000	
3.988	2.096	1888	3.988	2.096	1888	6.013	2.326	1994	8.851	2.369	2000	10.830	2.851	2000	11.534	3.283	2000	11.603	3.375	2000	11.604	3.375	2000	11.604	3.375	2000	
3.996	1.986	1891	3.996	1.986	1891	6.132	2.272	1988	8.955	2.327	2000	11.069	2.812	2000	11.796	3.298	2000	11.862	3.379	2000	11.862	3.380	2000	11.862	3.380	2000	
4.040	2.100	1912	4.040	2.100	1912	6.176	2.347	1992	8.983	2.359	2000	11.056	2.847	2000	11.741	3.287	2000	11.813	3.373	2000	11.815	3.376	2000	11.815	3.376	2000	
4.025	2.068	1910	4.025	2.068	1910	6.132	2.304	1995	8.978	2.371	2000	10.970	2.883	2000	11.624	3.265	2000	11.685	3.339	2000	11.685	3.340	2000	11.685	3.340	2000	
4.031	2.028	1900	4.031	2.028	1900	5.988	2.221	1995	8.543	2.349	2000	10.355	2.844	2000	10.932	3.245	2000	10.990	3.315	2000	10.991	3.316	2000	10.991	3.316	2000	
3.908	1.937	1909	3.908	1.937	1909	5.896	2.154	1994	8.213	2.314	1999	9.760	2.816	1999	10.200	3.151	1999	10.235	3.193	1999	10.235	3.193	1999	10.235	3.193	1999	
3.782	1.870	1923	3.782	1.870	1923	5.619	2.067	1993	7.633	2.259	1999	8.851	2.728	1999	9.148	2.980	1999	9.164	3.010	1999	9.164	3.010	1999	9.164	3.010	1999	
3.669	1.781	1891	3.669	1.781	1891	5.233	1.956	1984	6.927	2.160	1997	7.817	2.599	1997	8.032	2.829	1997	8.041	2.844	1997	8.041	2.845	1997	8.041	2.845	1997	
3.421	1.679	1901	3.421	1.679	1901	4.740	1.802	1988	5.989	2.078	2000	6.587	2.448	2000	6.689	2.584	2000	6.696	2.597	2000	6.696	2.597	2000	6.696	2.597	2000	
3.055	1.447	1893	3.055	1.447	1893	4.048	1.630	1978	4.865	1.920	1985	5.141	2.153	1985	5.176	2.205	1985	5.176	2.205	1985	5.176	2.205	1985	5.176	2.205	1985	
2.372	1.249	1737	2.372	1.249	1737	2.372	1.249	1737	2.372	1.249	1737	2.372	1.249	1737	2.372	1.249	1737	2.372	1.249	1737	2.372	1.249	1737	2.372	1.249	1737	
3.044	1.591	1892	3.044	1.591	1892	3.044	1.591	1892	3.044	1.591	1892	3.044	1.591	1892	3.044	1.591	1892	3.044	1.591	1892	3.044	1.591	1892	3.044	1.591	1892	
3.862	1.863	1951	3.862	1.863	1951	3.862	1.863	1951	3.862	1.863	1951	3.862	1.863	1951	3.862	1.863	1951	3.862	1.863	1951	3.862	1.863	1951	3.862	1.863	1951	
4.670	2.103	1987	4.670	2.103	1987	4.670	2.103	1987	4.670	2.103	1987	4.670	2.103	1987	4.670	2.103	1987	4.670	2.103	1987	4.670	2.103	1987	4.670	2.103	1987	
5.642	2.367	1993	5.642	2.367	1993	5.642	2.367	1993	5.642	2.367	1993	5.642	2.367	1993	5.642	2.367	1993	5.642	2.367	1993	5.642	2.367	1993	5.642	2.367	1993	
6.456	2.477	2000	6.456	2.477	2000	6.456	2.477	2000	6.456	2.477	2000	6.456	2.477	2000	6.456	2.477	2000	6.456	2.477	2000	6.456	2.477	2000	6.456	2.477	2000	
7.211	2.621	1999	7.211	2.621	1999	7.211	2.621	1999	7.211	2.621	1999	7.211	2.621	1999	7.212	2.623	1999	7.212	2.623	1999	7.212	2.623	1999	7.212	2.623	1999	
7.853	2.726	1999	7.853	2.726	1999	7.853	2.726	1999	7.853	2.726	1999	7.853	2.726	1999	7.855	2.731	1999	7.855	2.731	1999	7.855	2.731	1999	7.855	2.731	1999	
8.218	2.796	1998	8.218	2.796	1998	8.218	2.796	1998	8.218	2.796	1998	8.218	2.796	1998	8.221	2.799	1998	8.221	2.799	1998	8.221	2.799	1998	8.221	2.799	1998	
8.442	2.885	2000	8.442	2.885	2000	8.442	2.885	2000	8.442	2.885	2000	8.442	2.885	2000	8.445	2.890	2000	8.445	2.890	2000	8.445	2.890	2000	8.445	2.890	2000	
8.482	2.928	1999	8.482	2.928	1999	8.482	2.928	1999	8.482	2.928	1999	8.482	2.928	1999	8.484	2.931	1999	8.484	2.931	1999	8.484	2.931	1999	8.484	2.931	1999	
8.301	2.860	2000	8.301	2.860	2000	8.301	2.860	2000	8.301	2.860	2000	8.301	2.860	2000	8.304	2.865	2000	8.304	2.866	2000	8.304	2.866	2000	8.304	2.866	2000	
7.920	2.761	1999	7.920	2.761	1999	7.920	2.761	1999	7.920	2.761	1999	7.920	2.761	1999	7.921	2.763	1999	7.921	2.763	1999	7.921	2.763	1999	7.921	2.763	1999	
7.303	2.693	2000	7.303	2.693	2000	7.303	2.693	2000	7.303	2.693	2000	7.303	2.693	2000	7.305	2.697	2000	7.305	2.697	2000	7.305	2.697	2000	7.305	2.697	2000	
6.624	2.550	1995	6.624	2.550	1995	6.624	2.550	1995	6.624	2.550	1995	6.624	2.550	1995	6.625	2.551	1995	6.625	2.551	1995	6.625	2.551	1995	6.625	2.551	1995	
5.881	2.377	1995	5.881	2.377	1995	5.881	2.377	1995	5.881	2.377	1995	5.881	2.377	1995	5.881	2.377	1995	5.881	2.377	1995	5.881	2.377	1995	5.881	2.377	1995	
4.913	2.179	1982	4.913	2.179	1982	4.913	2.179	1982	4.913	2.179	1982	4.913	2.179	1982	4.913	2.179	1982	4.913	2.179	1982	4.913	2.179	1982	4.913	2.179	1982	
3.919	1.892	1950	3.919	1.892	1950	3.919	1.892	1950	3.919	1.892	1950	3.919	1.892	1950	3.919	1.892	1950	3.919	1.892	1950	3.919	1.892	1950	3.919	1.892	1950	
2.007	1.114	1622	2.007	1.114	1622	2.007	1.114	1622	2.020	1.129	1624	2.023	1.132	1624	2.023	1.132	1624	2.023	1.132	1624	2.023	1.132	1624	2.023	1.132	1624	
2.443	1.280	1798	2.443	1.280	1798	2.443	1.280	1798	2.464	1.302	1798	2.466	1.304	1798	2.466	1.304	1798	2.466	1.304	1798	2.466	1.304	1798	2.466	1.304	1798	
2.913	1.504	1882	2.913	1.504	1882	2.913	1.504	1882	2.934	1.518	1884	2.940	1.527	1884	2.940	1.527	1884	2.940	1.527	1884	2.940	1.527	1884	2.940	1.527	1884	
3.422	1.749	1930	3.422	1.749	1930	3.422	1.749	1930	3.471	1.786	1931	3.478	1.794	1931	3.478	1.794	1931	3.478	1.794	1931	3.478	1.794	1931	3.478	1.794	1931	
3.897	1.844	1962	3.897	1.844	1962	3.897	1.844	1962	3.953	1.878	1962	3.968	1.889	1962	3.968	1.889	1962	3.968	1.889	1962	3.968	1.889	1962	3.968	1.889	1962	
4.485	2.010	1977	4.485	2.010	1977	4.485	2.010	1977	4.579	2.045	1978	4.605	2.070	1978	4.606	2.071	1978	4.606	2.071	1978	4.606	2.071	1978	4.606	2.071	1978	
4.976	2.145	1993	4.976	2.145	1993	4.976	2.145	1993	5.107	2.185	1993	5.135	2.204	1993	5.136	2.205	1993	5.136	2.205	1993	5.136	2.205	1993	5.136	2.205	1993	
5.262	2.169	1993	5.262	2.169	1993	5.262	2.169	1993	5.427	2.235	1994	5.460	2.259	1994	5.460	2.259	1994	5.460	2.259	1994	5.460	2.259	1994	5.460	2.259	1994	
5.534	2.264	1994	5.534	2.264	1994	5.534	2.264	1994	5.727	2.317	1996	5.775	2.349	1996	5.777	2.352	1996	5.777	2.352	1996	5.777	2.352	1996	5.777	2.352	1996	
5.695	2.253	1994	5.695	2.253	1994	5.695	2.253	1994	5.895	2.306	1994	5.957	2.354	1994	5.958	2.355	1994	5.958	2.355	1994	5.958	2.355	1994	5.958	2.355	1994	
5.724	2.359	1993	5.724	2.359	1993	5.724	2.359	1993	5.912	2.401	1995	5.952	2.436	1995	5.953	2.438	1995	5.953	2.438	1995	5.953	2.438	1995	5.953	2.438	1995	
5.566	2.320	1988	5.566	2.320	1988	5.566	2.320	1988	5.751	2.376	1991	5.804	2.414	1991	5.807	2.417	1991	5.807	2.417	1991	5.807	2.417	1991	5.807	2.417	1991	
5.387	2.257	1990	5.387	2.257	1990	5.387	2.257	1990	5.568	2.295	1990	5.612	2.332	1990	5.612	2.333	1990	5.612	2.333	1990	5.612	2.333	1990	5.612	2.333	1990	
5.041	2.188	1985	5.041	2.188	1985	5.041	2.188	1985	5.173	2.235	1985	5.206	2.265	1985	5.206	2.265	1985	5.206	2.265	1985	5.206	2.265	1985	5.206	2.265	1985	
4.649	2.098	1983	4.649	2.098	1983	4.649	2.098	1983	4.780	2.133	1985	4.812	2.159	1985	4.813	2.162	1985	4.813	2.162	1985	4.813	2.162	1985	4.813	2.162	1985	
4.128	1.999	1962	4.128	1.999	1962	4.128	1.999	1962	4.203	2.026	1962	4.219	2.036	1962	4.219	2.038	1962	4.219	2.038	1962	4.219	2.038	1962	4.219	2.038	1962	
3.579	1.779	1933	3.579	1.779	1933	3.579	1.779	1933	3.632	1.805	1933	3.640	1.813	1933	3.641	1.814	1933	3.641	1.814	1933	3.641	1.814	1933	3.641	1.814	1933	
2.905	1.541	1872	2.905	1.541	1872	2.905	1.541	1872	2.941	1.568	1873	2.946	1.574	1873	2.946	1.574	1873	2.946	1.574	1873	2.946	1.574	1873	2.946	1.574	1873	
1.689	0.893	1380	1.689	0.893	1380	1.689	0.893	1380	1.689	0.893	1380	1.689	0.893	1380	1.689	0.893	1380	1.689	0.893	1380	1.689	0.893	1380	1.689	0.893	1380	
2.043	1.086	1590	2.043	1.086	1590	2.043	1.086	1590	2.043	1.086	1590	2.043	1.086	1590	2.043	1.086	1590	2.043	1.086	1590	2.043	1.086	1590	2.043	1.086	1590	
2.306	1.282	1731	2.306	1.282	1731	2.306	1.282	1731	2.306	1.282	1731	2.306	1.282	1731	2.306	1.282	1731	2.306	1.282	1731	2.306	1.282	1731	2.306	1.282	1731	
2.615	1.368	1819	2.615	1.368	1819	2.615	1.368	1819	2.615	1.368	1819	2.615	1.368	1819	2.615	1.368	1819	2.615	1.368	1819	2.615	1.368	1819	2.615	1.368	1819	
2.942	1.575	1884	2.942	1.575	1884	2.942	1.575	1884	2.942	1.575	1884	2.942	1.575	1884	2.942	1.575	1884	2.942	1.575	1884	2.942	1.575	1884	2.942	1.575	1884	
3.260	1.656	1924	3.260	1.656	1924	3.260	1.656	1924	3.260	1.656	1924	3.260	1.656	1924	3.260	1.656	1924	3.260	1.656	1924	3.260	1.656	1924	3.260	1.656	1924	
3.568	1.784	1937	3.568	1.784	1937	3.568	1.784	1937	3.568	1.784	1937	3.568	1.784	1937	3.568	1.784	1937	3.568	1.784	1937	3.568	1.784	1937	3.568	1.784	1937	
3.857	1.877	1954	3.857	1.877	1954	3.857	1.877	1954	3.857	1.877	1954	3.857	1.877	1954	3.857	1.877	1954	3.857	1.877	1954	3.857	1.877	1954	3.857	1.877	1954	
4.006	1.896	1968	4.006	1.896	1968	4.006	1.896	1968	4.006	1.896	1968	4.006	1.896	1968	4.006	1.896	1968	4.006	1.896	1968	4.006	1.896	1968	4.006	1.896	1968	
4.182	1.977	1960	4.182	1.977	1960	4.182	1.977	1960	4.182	1.977	1960	4.182	1.977	1960	4.182	1.977	1960	4.182	1.977	1960	4.182	1.977	1960	4.182	1.977	1960	
4.111	1.900	1970	4.111	1.900	1970	4.111	1.900	1970	4.111	1.900	1970	4.111	1.900	1970	4.111	1.900	1970	4.111	1.900	1970	4.111	1.900	1970	4.111	1.900	1970	
4.079	1.936	1953	4.079	1.936	1953	4.079	1.936	1953	4.079	1.936	1953	4.079	1.936	1953	4.079	1.936	1953	4.079	1.936	1953	4.079	1.936	1953	4.079	1.936	1953	
3.927	1.842	1947	3.927	1.842	1947	3.927	1.842	1947	3.927	1.842	1947	3.927	1.842	1947	3.927	1.842	1947	3.927	1.842	1947	3.927	1.842	1947	3.927	1.842	1947	
3.765	1.852	1934	3.765	1.852	1934	3.765	1.852	1934	3.765	1.852	1934	3.765	1.852	1934	3.765	1.852	1934	3.765	1.852	1934	3.765	1.852	1934	3.765	1.852	1934	
3.418	1.712	1916	3.418	1.712	1916	3.418	1.712	1916	3.418	1.712	1916	3.418	1.712	1916	3.418	1.712	1916	3.418	1.712	1916	3.418	1.712	1916	3.418	1.712	1916	
3.104	1.610	1893	3.104	1.610	1893	3.104	1.610	1893	3.104	1.610	1893	3.104	1.610	1893	3.104	1.610	1893	3.104	1.610	1893	3.104	1.610	1893	3.104	1.610	1893	
2.693	1.507	1817	2.693	1.507	1817	2.693	1.507	1817	2.693	1.507	1817	2.693	1.507	1817	2.693	1.507	1817	2.693	1.507	1817	2.693	1.507	1817	2.693	1.507	1817	
2.242	1.253	1738	2.242	1.253	1738	2.242	1.253	1738	2.242	1.253	1738	2.242	1.253	1738	2.242	1.253	1738	2.242	1.253	1738	2.242	1.253	1738	2.242	1.253	1738	
