-1	-1	-1	-1	-1	-1	-1	-1	-1	-1	-1	-1	-1	-1	-1	-1	-1	-1	-1	-1	-1	-1	-1	-1	-1	-1	-1	
-1	-1	-1	-1	-1	-1	-1	-1	-1	-1	-1	-1	-1	-1	-1	-1	-1	-1	-1	-1	-1	-1	-1	-1	-1	-1	-1	
-1	-1	-1	-1	-1	-1	-1	-1	-1	-1	-1	-1	-1	-1	-1	1.667	0.577	3	1.664	1.031	62	1.669	0.902	514	1.681	0.862	1233	
2.284	1.221	1719	2.284	1.221	1719	2.284	1.221	1719	2.284	1.221	1719	2.284	1.221	1719	2.284	1.221	1719	2.284	1.221	1719	2.284	1.221	1719	2.284	1.221	1719	
2.377	1.290	1740	2.377	1.290	1740	2.377	1.290	1740	2.377	1.290	1740	2.377	1.290	1740	2.377	1.290	1740	2.377	1.290	1740	2.377	1.290	1740	2.377	1.290	1740	
2.343	1.280	1731	2.343	1.280	1731	2.343	1.280	1731	2.343	1.280	1731	2.343	1.280	1731	2.343	1.280	1731	2.343	1.280	1731	2.343	1.280	1731	2.343	1.280	1731	
-1	-1	-1	-1	-1	-1	-1	-1	-1	-1	-1	-1	-1	-1	-1	1.400	0.548	5	2.006	1.128	70	2.181	1.182	643	2.219	1.213	1586	
-1	-1	-1	-1	-1	-1	-1	-1	-1	-1	-1	-1	-1	-1	-1	-1	-1	-1	-1	-1	-1	-1	-1	-1	-1	-1	-1	
-1	-1	-1	-1	-1	-1	-1	-1	-1	-1	-1	-1	-1	-1	-1	-1	-1	-1	-1	-1	-1	-1	-1	-1	-1	-1	-1	
-1	-1	-1	-1	-1	-1	-1	-1	-1	-1	-1	-1	-1	-1	-1	-1	-1	-1	1	-1	1	1.111	0.319	36	1.196	0.468	358	
1.444	0.652	36	1.444	0.652	36	1.444	0.652	36	1.366	0.637	164	1.412	0.675	751	1.402	0.672	1007	1.402	0.672	1007	1.402	0.672	1007	1.402	0.672	1007	
1.672	0.854	1287	1.672	0.854	1287	1.672	0.854	1287	1.663	0.846	1356	1.663	0.845	1357	1.663	0.845	1357	1.663	0.845	1357	1.663	0.845	1357	1.663	0.845	1357	
2.138	1.173	1651	2.138	1.173	1651	2.138	1.173	1651	2.138	1.173	1651	2.138	1.173	1651	2.138	1.173	1651	2.138	1.173	1651	2.138	1.173	1651	2.138	1.173	1651	
2.972	1.567	1847	2.972	1.567	1847	2.972	1.567	1847	2.972	1.567	1847	2.972	1.567	1847	2.972	1.567	1847	2.972	1.567	1847	2.972	1.567	1847	2.972	1.567	1847	
3.279	1.707	1919	3.279	1.707	1919	3.279	1.707	1919	3.279	1.707	1919	3.279	1.707	1919	3.279	1.707	1919	3.279	1.707	1919	3.279	1.707	1919	3.279	1.707	1919	
3.305	1.675	1915	3.305	1.675	1915	3.305	1.675	1915	3.304	1.674	1915	3.304	1.674	1915	3.304	1.674	1915	3.304	1.674	1915	3.304	1.674	1915	3.304	1.674	1915	
3.166	1.677	1808	3.166	1.677	1808	3.166	1.677	1808	3.153	1.661	1902	3.154	1.657	1905	3.154	1.657	1905	3.154	1.657	1905	3.154	1.657	1905	3.154	1.657	1905	
3.050	1.883	64	3.050	1.883	64	3.050	1.883	64	2.942	1.575	313	2.917	1.584	1393	2.913	1.534	1850	2.911	1.527	1853	2.911	1.527	1853	2.911	1.527	1853	
-1	-1	-1	-1	-1	-1	-1	-1	-1	-1	-1	-1	-1	-1	-1	-1	-1	-1	2.569	0.989	6	2.547	1.437	127	2.521	1.367	900	
-1	-1	-1	-1	-1	-1	-1	-1	-1	-1	-1	-1	-1	-1	-1	-1	-1	-1	-1	-1	-1	-1	-1	-1	-1	-1	-1	
-1	-1	-1	-1	-1	-1	-1	-1	-1	-1	-1	-1	-1	-1	-1	-1	-1	-1	-1	-1	-1	-1	-1	-1	-1	-1	-1	
2.139	1.100	159	2.139	1.100	159	2.139	1.100	159	2.139	1.100	159	2.139	1.100	159	2.073	1.171	701	2.103	1.147	1555	2.102	1.146	1654	2.102	1.146	1654	
2.701	1.453	1827	2.701	1.453	1827	2.701	1.453	1827	2.701	1.453	1827	2.701	1.453	1827	2.701	1.453	1827	2.701	1.453	1827	2.701	1.453	1827	2.701	1.453	1827	
3.359	1.736	1912	3.359	1.736	1912	3.359	1.736	1912	3.359	1.736	1912	3.359	1.736	1912	3.359	1.736	1912	3.359	1.736	1912	3.359	1.736	1912	3.359	1.736	1912	
4.900	2.197	1982	4.900	2.197	1982	4.900	2.197	1982	4.900	2.197	1982	4.900	2.197	1982	4.900	2.197	1982	4.900	2.197	1982	4.900	2.197	1982	4.900	2.197	1982	
4.938	2.219	1983	4.938	2.219	1983	4.938	2.219	1983	4.938	2.219	1983	4.938	2.219	1983	4.938	2.219	1983	4.938	2.219	1983	4.938	2.219	1983	4.938	2.219	1983	
4.774	2.128	1985	4.774	2.128	1985	4.774	2.128	1985	4.774	2.128	1985	4.774	2.128	1985	4.774	2.128	1985	4.774	2.128	1985	4.774	2.128	1985	4.774	2.128	1985	
4.513	2.272	223	4.513	2.272	223	4.513	2.272	223	4.513	2.272	223	4.513	2.272	223	4.458	2.295	866	4.374	2.217	1870	4.326	2.017	1980	4.325	2.015	1980	
-1	-1	-1	-1	-1	-1	-1	-1	-1	-1	-1	-1	-1	-1	-1	-1	-1	-1	-1	-1	-1	-1	-1	-1	-1	-1	-1	
-1	-1	-1	-1	-1	-1	-1	-1	-1	-1	-1	-1	-1	-1	-1	-1	-1	-1	-1	-1	-1	-1	-1	-1	-1	-1	-1	
-1	-1	-1	-1	-1	-1	-1	-1	-1	-1	-1	-1	-1	-1	-1	-1	-1	-1	-1	-1	-1	-1	-1	-1	-1	-1	-1	
-1	-1	-1	-1	-1	-1	-1	-1	-1	-1	-1	-1	-1	-1	-1	-1	-1	-1	-1	-1	-1	-1	-1	-1	-1	-1	-1	
-1	-1	-1	-1	-1	-1	-1	-1	-1	-1	-1	-1	-1	-1	-1	-1	-1	-1	-1	-1	-1	-1	-1	-1	-1	-1	-1	
-1	-1	-1	-1	-1	-1	-1	-1	-1	-1	-1	-1	-1	-1	-1	-1	-1	-1	-1	-1	-1	3.889	2.835	3	2.816	1.804	114	
2	-1	1	2	-1	1	3.699	2.429	99	3.907	2.468	778	3.835	2.232	1827	3.764	1.953	1949	3.759	1.929	1949	3.759	1.929	1949	3.759	1.929	1949	
5.100	2.731	1963	5.100	2.731	1963	4.964	2.288	1983	4.945	2.230	1983	4.944	2.228	1983	4.944	2.228	1983	4.944	2.228	1983	4.944	2.228	1983	4.944	2.228	1983	
6.617	2.647	1998	6.617	2.647	1998	6.570	2.495	1998	6.570	2.493	1998	6.570	2.493	1998	6.570	2.493	1998	6.570	2.493	1998	6.570	2.493	1998	6.570	2.493	1998	
7.573	3.704	1980	7.573	3.704	1980	7.286	2.961	1999	7.179	2.690	1999	7.178	2.686	1999	7.178	2.686	1999	7.178	2.686	1999	7.178	2.686	1999	7.178	2.686	1999	
9.481	3.064	3	9.481	3.064	3	7.562	4.285	87	8.431	5.131	761	7.960	4.387	1859	7.455	3.090	1999	7.321	2.734	1999	7.308	2.703	1999	7.308	2.704	1999	
-1	-1	-1	-1	-1	-1	-1	-1	-1	-1	-1	-1	-1	-1	-1	-1	-1	-1	-1	-1	-1	8.253	2.335	6	8.201	6.480	113	
-1	-1	-1	-1	-1	-1	-1	-1	-1	-1	-1	-1	-1	-1	-1	-1	-1	-1	-1	-1	-1	-1	-1	-1	-1	-1	-1	
-1	-1	-1	-1	-1	-1	-1	-1	-1	-1	-1	-1	-1	-1	-1	-1	-1	-1	-1	-1	-1	-1	-1	-1	-1	-1	-1	
-1	-1	-1	-1	-1	-1	-1	-1	-1	-1	-1	-1	-1	-1	-1	-1	-1	-1	-1	-1	-1	-1	-1	-1	-1	-1	-1	
-1	-1	-1	-1	-1	-1	-1	-1	-1	-1	-1	-1	-1	-1	-1	-1	-1	-1	-1	-1	-1	-1	-1	-1	-1	-1	-1	
-1	-1	-1	-1	-1	-1	-1	-1	-1	-1	-1	-1	-1	-1	-1	-1	-1	-1	-1	-1	-1	-1	-1	-1	-1	-1	-1	
-1	-1	-1	-1	-1	-1	-1	-1	-1	-1	-1	-1	-1	-1	-1	-1	-1	-1	-1	-1	-1	1	-1	1	2.345	1.472	7	
-1	-1	-1	-1	-1	-1	-1	-1	-1	5.572	3.529	15	5.008	3.153	178	4.574	2.801	1121	4.404	2.446	1937	4.297	2.079	1967	4.292	2.062	1967	
6.248	3.815	779	6.248	3.815	779	6.236	3.723	1433	5.944	2.963	1987	5.791	2.469	1993	5.780	2.439	1993	5.780	2.439	1993	5.780	2.439	1993	5.780	2.439	1993	
7.383	3.397	1998	7.383	3.397	1998	7.217	2.858	1998	7.133	2.672	1998	7.135	2.674	1998	7.135	2.674	1998	7.135	2.674	1998	7.135	2.674	1998	7.135	2.674	1998	
8.144	3.033	1997	8.144	3.033	1997	8.093	2.929	1997	8.066	2.871	1997	8.066	2.870	1997	8.066	2.870	1997	8.066	2.870	1997	8.066	2.870	1997	8.066	2.870	1997	
9.859	4.323	2000	9.859	4.323	2000	9.629	3.764	2000	9.383	3.139	2000	9.367	3.100	2000	9.367	3.100	2000	9.367	3.100	2000	9.367	3.100	2000	9.367	3.100	2000	
13.955	8.885	750	13.955	8.885	750	13.518	8.128	1369	12.488	6.136	1985	11.675	4.013	2000	11.375	3.453	2000	11.357	3.415	2000	11.357	3.414	2000	11.357	3.414	2000	
-1	-1	-1	-1	-1	-1	10	-1	1	14.157	8.808	6	11.787	7.541	161	11.701	6.570	1115	11.270	6.079	1963	10.443	3.754	1999	10.138	3.211	1999	
-1	-1	-1	-1	-1	-1	-1	-1	-1	-1	-1	-1	-1	-1	-1	-1	-1	-1	-1	-1	-1	-1	-1	-1	11.065	8.599	4	
-1	-1	-1	-1	-1	-1	-1	-1	-1	-1	-1	-1	-1	-1	-1	-1	-1	-1	-1	-1	-1	-1	-1	-1	-1	-1	-1	
-1	-1	-1	-1	-1	-1	-1	-1	-1	-1	-1	-1	-1	-1	-1	-1	-1	-1	-1	-1	-1	-1	-1	-1	-1	-1	-1	
-1	-1	-1	-1	-1	-1	-1	-1	-1	-1	-1	-1	-1	-1	-1	-1	-1	-1	-1	-1	-1	-1	-1	-1	-1	-1	-1	
-1	-1	-1	-1	-1	-1	-1	-1	-1	-1	-1	-1	-1	-1	-1	-1	-1	-1	-1	-1	-1	-1	-1	-1	-1	-1	-1	
-1	-1	-1	-1	-1	-1	-1	-1	-1	-1	-1	-1	-1	-1	-1	-1	-1	-1	-1	-1	-1	-1	-1	-1	6.427	6.177	9	
-1	-1	-1	-1	-1	-1	-1	-1	-1	7.236	2.966	2	7.765	4.090	89	7.741	4.882	720	7.589	4.754	1839	7.132	3.321	1998	6.906	2.721	1998	
9.830	5.766	503	9.830	5.766	503	9.902	5.706	645	10.411	6.607	1821	9.658	4.609	2000	9.151	3.305	2000	9.072	3.080	2000	9.071	3.080	2000	9.071	3.080	2000	
11.972	6.034	1996	11.972	6.034	1996	11.831	5.778	1998	11.086	3.853	2000	10.840	3.373	2000	10.825	3.327	2000	10.825	3.327	2000	10.825	3.327	2000	10.825	3.327	2000	
12.793	4.689	2000	12.793	4.689	2000	12.721	4.396	2000	12.314	3.617	2000	12.261	3.520	2000	12.261	3.519	2000	12.261	3.519	2000	12.261	3.519	2000	12.261	3.519	2000	
14.033	5.022	2000	14.033	5.022	2000	13.981	5.283	2000	13.388	3.778	2000	13.314	3.607	2000	13.313	3.605	2000	13.313	3.605	2000	13.313	3.605	2000	13.313	3.605	2000	
15.434	8.185	1994	15.434	8.185	1994	15.241	7.611	2000	14.090	4.565	2000	13.682	3.863	2000	13.617	3.733	2000	13.618	3.734	2000	13.618	3.734	2000	13.618	3.734	2000	
16.471	10.834	498	16.471	10.834	498	16.487	10.759	646	17.435	10.145	1808	16.640	7.846	1999	15.505	4.544	2000	15.114	3.944	2000	15.090	3.897	2000	15.090	3.897	2000	
-1	-1	-1	-1	-1	-1	-1	-1	-1	26.375	-1	1	14.089	7.784	76	14.334	8.553	699	15.146	8.981	1841	14.037	6.168	2000	13.245	3.946	2000	
-1	-1	-1	-1	-1	-1	-1	-1	-1	-1	-1	-1	-1	-1	-1	-1	-1	-1	-1	-1	-1	-1	-1	-1	14.208	6.672	16	
-1	-1	-1	-1	-1	-1	-1	-1	-1	-1	-1	-1	-1	-1	-1	-1	-1	-1	-1	-1	-1	-1	-1	-1	-1	-1	-1	
-1	-1	-1	-1	-1	-1	-1	-1	-1	-1	-1	-1	-1	-1	-1	-1	-1	-1	-1	-1	-1	-1	-1	-1	-1	-1	-1	
-1	-1	-1	-1	-1	-1	-1	-1	-1	-1	-1	-1	-1	-1	-1	-1	-1	-1	-1	-1	-1	-1	-1	-1	-1	-1	-1	
-1	-1	-1	-1	-1	-1	-1	-1	-1	-1	-1	-1	-1	-1	-1	-1	-1	-1	-1	-1	-1	-1	-1	-1	-1	-1	-1	
-1	-1	-1	-1	-1	-1	-1	-1	-1	-1	-1	-1	-1	-1	-1	-1	-1	-1	-1	-1	-1	-1	-1	-1	-1	-1	-1	
-1	-1	-1	-1	-1	-1	-1	-1	-1	-1	-1	-1	-1	-1	-1	-1	-1	-1	-1	-1	-1	6.104	-1	1	10.077	5.819	17	
14.206	8.591	85	14.206	8.591	85	14.206	8.591	85	14.206	8.591	85	15.307	9.014	601	16.253	9.576	1787	15.715	7.858	1999	14.734	5.094	2000	14.252	3.952	2000	
17.582	6.623	2000	17.582	6.623	2000	17.582	6.623	2000	17.582	6.623	2000	16.804	5.038	2000	16.488	4.130	2000	16.465	4.051	2000	16.465	4.051	2000	16.465	4.051	2000	
17.962	4.448	2000	17.962	4.448	2000	17.962	4.448	2000	17.962	4.448	2000	17.862	4.266	2000	17.860	4.258	2000	17.860	4.258	2000	17.860	4.258	2000	17.860	4.258	2000	
18.648	4.449	2000	18.648	4.449	2000	18.648	4.449	2000	18.648	4.449	2000	18.549	4.265	2000	18.547	4.262	2000	18.547	4.262	2000	18.547	4.262	2000	18.547	4.262	2000	
20.296	8.522	2000	20.296	8.522	2000	20.296	8.522	2000	20.296	8.522	2000	19.221	5.225	2000	18.768	4.444	2000	18.718	4.359	2000	18.718	4.359	2000	18.718	4.359	2000	
20.126	12.014	71	20.126	12.014	71	20.126	12.014	71	20.126	12.014	71	19.074	10.804	612	20.804	13.018	1748	20.458	10.757	1998	18.803	5.805	2000	18.163	4.445	2000	
-1	-1	-1	-1	-1	-1	-1	-1	-1	-1	-1	-1	-1	-1	-1	-1	-1	-1	-1	-1	-1	-1	-1	-1	18.920	8.108	14	
-1	-1	-1	-1	-1	-1	-1	-1	-1	-1	-1	-1	-1	-1	-1	-1	-1	-1	-1	-1	-1	-1	-1	-1	-1	-1	-1	
-1	-1	-1	-1	-1	-1	-1	-1	-1	-1	-1	-1	-1	-1	-1	-1	-1	-1	-1	-1	-1	-1	-1	-1	-1	-1	-1	
-1	-1	-1	-1	-1	-1	-1	-1	-1	-1	-1	-1	-1	-1	-1	-1	-1	-1	-1	-1	-1	-1	-1	-1	-1	-1	-1	
-1	-1	-1	-1	-1	-1	-1	-1	-1	-1	-1	-1	-1	-1	-1	-1	-1	-1	-1	-1	-1	-1	-1	-1	-1	-1	-1	
-1	-1	-1	-1	-1	-1	-1	-1	-1	-1	-1	-1	-1	-1	-1	-1	-1	-1	-1	-1	-1	-1	-1	-1	-1	-1	-1	
-1	-1	-1	-1	-1	-1	-1	-1	-1	-1	-1	-1	-1	-1	-1	20.750	14.917	3	21.928	14.509	66	22.902	13.648	680	21.584	11.874	1812	
18.225	11.809	15	18.225	11.809	15	18.027	11.779	15	24.610	15.400	382	27.022	16.960	1565	24.826	11.871	1994	22.695	5.954	2000	22.130	4.884	2000	21.963	4.647	2000	
28.710	16.820	1741	28.710	16.820	1741	28.388	16.350	1784	26.337	10.623	1997	25.013	6.079	2000	24.357	5.048	2000	24.218	4.873	2000	24.218	4.872	2000	24.218	4.872	2000	
27.491	10.841	1999	27.491	10.841	1999	27.328	10.244	2000	25.695	5.455	2000	25.321	5.035	2000	25.253	4.917	2000	25.253	4.917	2000	25.253	4.917	2000	25.253	4.917	2000	
26.687	7.522	2000	26.687	7.522	2000	26.561	7.256	2000	25.805	5.273	2000	25.540	4.997	2000	25.530	4.974	2000	25.530	4.974	2000	25.530	4.974	2000	25.530	4.974	2000	
27.078	10.363	2000	27.078	10.363	2000	26.824	9.477	2000	25.443	5.491	2000	24.965	4.984	2000	24.907	4.867	2000	24.907	4.867	2000	24.907	4.867	2000	24.907	4.867	2000	
29.098	18.528	1773	29.098	18.528	1773	29.017	18.371	1814	26.288	10.871	1999	24.809	6.286	2000	24.183	5.087	2000	24.068	4.896	2000	24.069	4.898	2000	24.069	4.898	2000	
26.225	14.363	17	26.225	14.363	17	25.038	15.405	24	24.271	14.847	384	26.952	15.453	1529	25.347	12.174	1995	23.092	5.963	2000	22.500	4.866	2000	22.332	4.622	2000	
-1	-1	-1	-1	-1	-1	-1	-1	-1	-1	-1	-1	-1	-1	-1	28.380	18.476	6	21.763	13.574	71	22.839	13.765	690	23.537	12.938	1837	
-1	-1	-1	-1	-1	-1	-1	-1	-1	-1	-1	-1	-1	-1	-1	-1	-1	-1	-1	-1	-1	-1	-1	-1	-1	-1	-1	
-1	-1	-1	-1	-1	-1	-1	-1	-1	-1	-1	-1	-1	-1	-1	-1	-1	-1	-1	-1	-1	-1	-1	-1	-1	-1	-1	
-1	-1	-1	-1	-1	-1	-1	-1	-1	-1	-1	-1	-1	-1	-1	-1	-1	-1	-1	-1	-1	-1	-1	-1	-1	-1	-1	
-1	-1	-1	-1	-1	-1	-1	-1	-1	-1	-1	-1	-1	-1	-1	-1	-1	-1	-1	-1	-1	-1	-1	-1	-1	-1	-1	
-1	-1	-1	-1	-1	-1	-1	-1	-1	-1	-1	-1	-1	-1	-1	-1	-1	-1	-1	-1	-1	-1	-1	-1	-1	-1	-1	
37.675	22.071	443	37.675	22.071	443	37.675	22.071	443	37.675	22.071	443	37.675	22.071	443	37.675	22.071	443	38.348	24.247	1483	36.360	16.791	1991	33.492	8.703	2000	
34.125	6.100	2000	34.125	6.100	2000	34.125	6.100	2000	34.125	6.100	2000	34.125	6.100	2000	34.125	6.100	2000	33.932	5.909	2000	33.919	5.865	2000	33.919	5.865	2000	
34.276	5.725	2000	34.276	5.725	2000	34.276	5.725	2000	34.276	5.725	2000	34.276	5.725	2000	34.276	5.725	2000	34.276	5.725	2000	34.276	5.725	2000	34.276	5.725	2000	
33.923	5.610	2000	33.923	5.610	2000	33.923	5.610	2000	33.923	5.610	2000	33.923	5.610	2000	33.923	5.610	2000	33.923	5.610	2000	33.923	5.610	2000	33.923	5.610	2000	
32.637	5.769	2000	32.637	5.769	2000	32.637	5.769	2000	32.637	5.769	2000	32.637	5.769	2000	32.637	5.769	2000	32.435	5.567	2000	32.429	5.551	2000	32.429	5.551	2000	
33.016	18.609	495	33.016	18.609	495	33.016	18.609	495	33.016	18.609	495	33.016	18.609	495	33.016	18.609	495	35.805	21.884	1543	34.834	17.543	1995	31.837	7.972	2000	
-1	-1	-1	-1	-1	-1	-1	-1	-1	-1	-1	-1	-1	-1	-1	-1	-1	-1	-1	-1	-1	-1	-1	-1	-1	-1	-1	
-1	-1	-1	-1	-1	-1	-1	-1	-1	-1	-1	-1	-1	-1	-1	-1	-1	-1	-1	-1	-1	-1	-1	-1	-1	-1	-1	
-1	-1	-1	-1	-1	-1	-1	-1	-1	-1	-1	-1	-1	-1	-1	-1	-1	-1	-1	-1	-1	-1	-1	-1	-1	-1	-1	
-1	-1	-1	-1	-1	-1	-1	-1	-1	-1	-1	-1	-1	-1	-1	-1	-1	-1	-1	-1	-1	-1	-1	-1	-1	-1	-1	
-1	-1	-1	-1	-1	-1	-1	-1	-1	-1	-1	-1	-1	-1	-1	-1	-1	-1	-1	-1	-1	-1	-1	-1	-1	-1	-1	
-1	-1	-1	-1	-1	-1	-1	-1	-1	-1	-1	-1	-1	-1	-1	-1	-1	-1	38.208	-1	1	37.830	20.939	17	48.683	33.722	326	
55.596	38.787	93	55.596	38.787	93	53.628	36.738	125	55.824	37.621	1013	53.060	29.375	1935	46.931	13.502	2000	45.069	7.424	2000	44.622	6.804	2000	44.434	6.577	2000	
47.653	13.883	2000	47.653	13.883	2000	47.425	13.264	2000	45.921	7.487	2000	45.417	6.818	2000	45.206	6.654	2000	45.206	6.651	2000	45.206	6.651	2000	45.206	6.651	2000	
45.181	7.627	2000	45.181	7.627	2000	45.071	7.473	2000	44.590	6.650	2000	44.377	6.502	2000	44.377	6.502	2000	44.377	6.502	2000	44.377	6.502	2000	44.377	6.502	2000	
45.291	12.895	2000	45.291	12.895	2000	45.001	11.471	2000	43.378	6.929	2000	42.940	6.398	2000	42.792	6.248	2000	42.792	6.247	2000	42.792	6.247	2000	42.792	6.247	2000	
45.447	27.594	118	45.447	27.594	118	46.996	27.803	143	49.068	30.479	1056	46.924	26.093	1952	42.301	12.927	2000	40.625	6.841	2000	40.180	6.286	2000	40.054	6.150	2000	
-1	-1	-1	-1	-1	-1	-1	-1	-1	-1	-1	-1	-1	-1	-1	-1	-1	-1	39.472	-1	1	44.693	36.446	22	44.838	28.644	331	
-1	-1	-1	-1	-1	-1	-1	-1	-1	-1	-1	-1	-1	-1	-1	-1	-1	-1	-1	-1	-1	-1	-1	-1	-1	-1	-1	
-1	-1	-1	-1	-1	-1	-1	-1	-1	-1	-1	-1	-1	-1	-1	-1	-1	-1	-1	-1	-1	-1	-1	-1	-1	-1	-1	
-1	-1	-1	-1	-1	-1	-1	-1	-1	-1	-1	-1	-1	-1	-1	-1	-1	-1	-1	-1	-1	-1	-1	-1	-1	-1	-1	
-1	-1	-1	-1	-1	-1	-1	-1	-1	-1	-1	-1	-1	-1	-1	-1	-1	-1	-1	-1	-1	-1	-1	-1	-1	-1	-1	
-1	-1	-1	-1	-1	-1	-1	-1	-1	-1	-1	-1	-1	-1	-1	-1	-1	-1	-1	-1	-1	-1	-1	-1	-1	-1	-1	
-1	-1	-1	-1	-1	-1	-1	-1	-1	-1	-1	-1	-1	-1	-1	20.604	1.974	2	44.502	29.086	56	46.538	29.154	504	65.463	42.267	1570	
70.586	45.195	1883	70.586	45.195	1883	71.176	45.393	1954	61.715	19.673	2000	58.027	10.082	2000	57.635	7.673	2000	57.127	7.294	2000	57.065	7.209	2000	57.065	7.210	2000	
56.227	10.353	2000	56.227	10.353	2000	55.966	9.606	2000	55.276	7.437	2000	54.871	7.120	2000	54.821	7.056	2000	54.821	7.056	2000	54.821	7.056	2000	54.821	7.056	2000	
62.991	39.371	1918	62.991	39.371	1918	62.383	37.574	1969	55.506	18.005	2000	52.440	9.112	2000	51.905	7.169	2000	51.488	6.943	2000	51.465	6.910	2000	51.465	6.910	2000	
-1	-1	-1	-1	-1	-1	-1	-1	-1	-1	-1	-1	73	-1	1	75.500	33.071	3	38.701	20.071	54	41.586	26.432	577	53.910	34.889	1653	
-1	-1	-1	-1	-1	-1	-1	-1	-1	-1	-1	-1	-1	-1	-1	-1	-1	-1	-1	-1	-1	-1	-1	-1	-1	-1	-1	
-1	-1	-1	-1	-1	-1	-1	-1	-1	-1	-1	-1	-1	-1	-1	-1	-1	-1	-1	-1	-1	-1	-1	-1	-1	-1	-1	
-1	-1	-1	-1	-1	-1	-1	-1	-1	-1	-1	-1	-1	-1	-1	-1	-1	-1	-1	-1	-1	-1	-1	-1	-1	-1	-1	
-1	-1	-1	-1	-1	-1	-1	-1	-1	-1	-1	-1	-1	-1	-1	-1	-1	-1	-1	-1	-1	-1	-1	-1	-1	-1	-1	
-1	-1	-1	-1	-1	-1	-1	-1	-1	-1	-1	-1	-1	-1	-1	-1	-1	-1	-1	-1	-1	-1	-1	-1	-1	-1	-1	
-1	-1	-1	-1	-1	-1	-1	-1	-1	-1	-1	-1	-1	-1	-1	-1	-1	-1	-1	-1	-1	-1	-1	-1	-1	-1	-1	
38.734	18.967	22	38.734	18.967	22	41.913	25.180	90	52.270	31.655	692	79.697	50.654	1724	82.144	45.678	1999	73.962	17.305	2000	72.185	10.287	2000	71.621	8.517	2000	
74.710	29.965	2000	74.710	29.965	2000	71.333	18.091	2000	69.095	9.997	2000	68.417	8.197	2000	68.041	7.939	2000	68.014	7.891	2000	68.014	7.891	2000	68.014	7.891	2000	
68.769	23.708	2000	68.769	23.708	2000	66.341	16.499	2000	64.461	9.209	2000	64.059	7.938	2000	63.687	7.798	2000	63.676	7.774	2000	63.676	7.774	2000	63.676	7.774	2000	
34.629	14.840	27	34.629	14.840	27	36.388	18.488	82	48.410	31.747	785	68.131	43.868	1767	66.244	33.968	1997	59.820	13.321	2000	58.783	8.302	2000	58.236	7.490	2000	
-1	-1	-1	-1	-1	-1	-1	-1	-1	-1	-1	-1	-1	-1	-1	-1	-1	-1	-1	-1	-1	-1	-1	-1	-1	-1	-1	
-1	-1	-1	-1	-1	-1	-1	-1	-1	-1	-1	-1	-1	-1	-1	-1	-1	-1	-1	-1	-1	-1	-1	-1	-1	-1	-1	
-1	-1	-1	-1	-1	-1	-1	-1	-1	-1	-1	-1	-1	-1	-1	-1	-1	-1	-1	-1	-1	-1	-1	-1	-1	-1	-1	
-1	-1	-1	-1	-1	-1	-1	-1	-1	-1	-1	-1	-1	-1	-1	-1	-1	-1	-1	-1	-1	-1	-1	-1	-1	-1	-1	
-1	-1	-1	-1	-1	-1	-1	-1	-1	-1	-1	-1	-1	-1	-1	-1	-1	-1	-1	-1	-1	-1	-1	-1	-1	-1	-1	
-1	-1	-1	-1	-1	-1	-1	-1	-1	-1	-1	-1	-1	-1	-1	-1	-1	-1	45.438	-1	1	44.187	27.895	51	54.434	33.919	527	
-1	-1	-1	-1	-1	-1	48.039	25.510	5	42.050	25.612	74	62.765	38.625	637	92.066	57.631	1628	102.206	56.944	1994	91.088	21.988	2000	88.010	11.979	2000	
53.697	34.684	322	53.697	34.684	322	79.790	52.040	1184	109.393	70.876	1923	97.158	40.547	2000	91.546	15.861	2000	90.184	10.257	2000	89.749	9.106	2000	89.446	8.939	2000	
96.033	59.740	1607	96.033	59.740	1607	109.977	68.804	1991	94.039	25.020	2000	90.893	13.078	2000	90.081	9.481	2000	89.832	9.161	2000	89.639	9.026	2000	89.639	9.026	2000	
108.388	69.059	1899	108.388	69.059	1899	95.840	38.791	1999	89.366	17.189	2000	88.391	10.672	2000	87.948	9.191	2000	87.634	9.068	2000	87.618	9.043	2000	87.618	9.043	2000	
92.917	59.034	1640	92.917	59.034	1640	99.083	57.389	1990	88.106	23.543	2000	85.342	12.242	2000	84.178	9.128	2000	83.874	8.844	2000	83.742	8.732	2000	83.742	8.732	2000	
50.044	30.320	328	50.044	30.320	328	72.746	48.614	1232	95.944	64.190	1944	83.835	30.140	2000	79.144	12.901	2000	78.060	9.266	2000	77.623	8.570	2000	77.394	8.442	2000	
-1	-1	-1	-1	-1	-1	30.584	18.035	9	42.494	24.956	95	58.510	38.857	730	81.750	54.089	1728	80.405	40.626	1997	72.888	16.149	2000	71.167	9.403	2000	
-1	-1	-1	-1	-1	-1	-1	-1	-1	-1	-1	-1	-1	-1	-1	-1	-1	-1	51.286	18.810	3	42.615	24.372	73	49.286	30.792	629	
-1	-1	-1	-1	-1	-1	-1	-1	-1	-1	-1	-1	-1	-1	-1	-1	-1	-1	-1	-1	-1	-1	-1	-1	-1	-1	-1	
-1	-1	-1	-1	-1	-1	-1	-1	-1	-1	-1	-1	-1	-1	-1	-1	-1	-1	-1	-1	-1	-1	-1	-1	-1	-1	-1	
-1	-1	-1	-1	-1	-1	-1	-1	-1	26.966	20.028	6	34.851	24.351	79	52.411	37.151	553	85.687	53.111	1573	96.361	57.134	1984	84.081	23.896	2000	
28.417	-1	1	31.476	12.775	4	38.328	19.502	82	52.169	32.938	604	89.524	57.853	1583	104.052	62.018	1985	91.288	24.084	2000	88.747	12.811	2000	87.919	9.420	2000	
20.919	11.048	5	36.234	21.587	71	49.940	32.491	464	89.115	55.588	1438	115.581	74.500	1972	97.936	32.168	2000	94.487	13.931	2000	93.720	10.027	2000	93.383	9.262	2000	
30.623	15.103	28	40.779	26.335	196	67.352	44.143	972	115.844	69.479	1824	110.890	58.573	1999	99.576	20.325	2000	97.567	11.553	2000	96.994	9.570	2000	96.680	9.334	2000	
30.516	17.671	49	44.560	26.547	360	82.869	52.173	1277	122.413	76.556	1923	105.767	37.493	2000	100.074	16.924	2000	98.647	10.875	2000	98.393	9.626	2000	98.009	9.433	2000	
38.996	23.244	83	50.635	33.786	439	90.390	57.254	1364	120.925	77.121	1955	103.761	32.995	2000	98.562	15.082	2000	97.840	10.609	2000	97.544	9.692	2000	97.244	9.596	2000	
41.541	25.530	106	51.512	35.919	537	94.571	57.184	1454	118.898	76.380	1973	100.307	29.603	2000	96.184	14.689	2000	95.111	10.228	2000	94.750	9.608	2000	94.486	9.481	2000	
38.943	25.041	91	49.286	33.495	502	88.582	53.212	1475	109.723	67.338	1977	94.783	30.405	2000	90.276	13.886	2000	89.346	9.570	2000	89.192	9.008	2000	88.923	8.901	2000	
28.210	16.836	52	44.841	31.234	413	73.692	44.924	1383	100.703	63.966	1965	85.863	25.794	2000	82.844	13.276	2000	81.706	9.428	2000	81.509	8.784	2000	81.262	8.620	2000	
33.561	20.477	24	36.640	21.945	266	56.742	36.264	1142	81.903	53.625	1917	75.946	38.929	2000	69.270	13.363	2000	68.143	8.933	2000	67.715	8.186	2000	67.504	8.049	2000	
26.719	19.018	8	30.565	17.686	69	41.357	26.070	651	65.730	42.388	1658	71.252	42.109	1993	62.554	15.405	2000	60.810	8.810	2000	60.520	7.598	2000	60.114	7.324	2000	
-1	-1	-1	22.243	10.022	4	28.844	15.697	146	39.910	24.398	899	60.791	39.336	1799	58.975	28.354	1996	54.527	13.223	2000	53.238	8.298	2000	52.539	7.328	2000	
-1	-1	-1	-1	-1	-1	35.667	-1	1	29.000	10.863	7	28.053	14.685	141	35.500	22.372	903	48.129	30.455	1817	45.105	20.122	1999	41.881	9.382	2000	
-1	-1	-1	-1	-1	-1	-1	-1	-1	-1	-1	-1	-1	-1	-1	-1	-1	-1	-1	-1	-1	-1	-1	-1	-1	-1	-1	
-1	-1	-1	-1	-1	-1	-1	-1	-1	-1	-1	-1	-1	-1	-1	28.357	-1	1	58.458	32.843	50	65.613	41.422	544	68.666	40.519	1692	
61.529	41.080	246	61.529	41.080	246	61.529	41.080	246	61.529	41.080	246	60.122	39.784	285	69.904	42.450	1368	73.154	41.464	1975	64.865	16.947	2000	62.606	9.646	2000	
93.751	56.372	1777	93.751	56.372	1777	93.751	56.372	1777	93.751	56.372	1777	93.318	55.098	1819	87.791	40.229	1998	80.510	14.731	2000	79.108	9.628	2000	78.710	8.643	2000	
104.069	46.714	1999	104.069	46.714	1999	104.069	46.714	1999	104.069	46.714	1999	102.996	44.069	2000	93.074	16.744	2000	91.363	10.331	2000	90.756	9.051	2000	90.407	8.874	2000	
99.511	22.547	2000	99.511	22.547	2000	99.511	22.547	2000	99.511	22.547	2000	99.123	21.317	2000	97.081	12.298	2000	96.619	9.605	2000	96.281	9.278	2000	96.172	9.198	2000	
102.351	17.985	2000	102.351	17.985	2000	102.351	17.985	2000	102.351	17.985	2000	102.471	17.210	2000	100.381	10.665	2000	99.922	9.289	2000	99.565	9.176	2000	99.558	9.160	2000	
103.629	16.371	2000	103.629	16.371	2000	103.629	16.371	2000	103.629	16.371	2000	103.308	15.395	2000	102.520	10.611	2000	102.288	9.612	2000	101.936	9.464	2000	101.936	9.464	2000	
104.465	16.537	2000	104.465	16.537	2000	104.465	16.537	2000	104.465	16.537	2000	104.257	16.156	2000	103.131	10.698	2000	102.830	9.524	2000	102.525	9.426	2000	102.525	9.426	2000	
103.660	18.101	2000	103.660	18.101	2000	103.660	18.101	2000	103.660	18.101	2000	103.534	17.619	2000	101.936	10.949	2000	101.590	9.576	2000	101.284	9.448	2000	101.276	9.436	2000	
101.913	26.639	2000	101.913	26.639	2000	101.913	26.639	2000	101.913	26.639	2000	101.758	23.432	2000	99.170	12.728	2000	98.388	9.786	2000	98.036	9.465	2000	97.930	9.384	2000	
102.896	44.544	2000	102.896	44.544	2000	102.896	44.544	2000	102.896	44.544	2000	101.247	39.398	2000	94.934	16.909	2000	92.485	10.921	2000	92.045	9.464	2000	91.762	9.379	2000	
97.249	60.552	1810	97.249	60.552	1810	97.249	60.552	1810	97.249	60.552	1810	98.249	60.887	1842	89.810	40.584	1998	82.441	15.590	2000	81.187	9.951	2000	80.733	8.823	2000	
57.564	36.237	252	57.564	36.237	252	57.564	36.237	252	57.564	36.237	252	56.739	37.104	288	65.678	43.396	1353	67.043	37.622	1970	60.958	16.676	2000	58.368	9.116	2000	
-1	-1	-1	-1	-1	-1	-1	-1	-1	-1	-1	-1	-1	-1	-1	31.628	12.316	4	49.032	25.395	67	49.982	30.669	652	52.951	32.822	1760	
-1	-1	-1	-1	-1	-1	-1	-1	-1	-1	-1	-1	-1	-1	-1	-1	-1	-1	-1	-1	-1	-1	-1	-1	-1	-1	-1	
-1	-1	-1	-1	-1	-1	-1	-1	-1	-1	-1	-1	-1	-1	-1	-1	-1	-1	-1	-1	-1	-1	-1	-1	-1	-1	-1	
74.152	56.954	33	74.152	56.954	33	74.152	56.954	33	74.152	56.954	33	74.152	56.954	33	83.035	64.533	49	79.701	55.684	505	85.901	54.752	1586	85.530	44.215	1992	
97.670	59.887	1869	97.670	59.887	1869	97.670	59.887	1869	97.670	59.887	1869	97.670	59.887	1869	97.913	59.225	1911	86.365	29.566	2000	81.061	12.242	2000	79.932	9.117	2000	
88.419	20.621	2000	88.419	20.621	2000	88.419	20.621	2000	88.419	20.621	2000	88.419	20.621	2000	87.388	18.565	2000	84.549	10.391	2000	84.027	8.836	2000	83.704	8.680	2000	
92.145	12.047	2000	92.145	12.047	2000	92.145	12.047	2000	92.145	12.047	2000	92.145	12.047	2000	92.038	11.415	2000	91.355	9.213	2000	90.939	9.049	2000	90.910	9.010	2000	
97.177	10.516	2000	97.177	10.516	2000	97.177	10.516	2000	97.177	10.516	2000	97.177	10.516	2000	97.100	10.239	2000	96.701	9.400	2000	96.476	9.313	2000	96.477	9.314	2000	
101.609	10.134	2000	101.609	10.134	2000	101.609	10.134	2000	101.609	10.134	2000	101.609	10.134	2000	101.644	10.009	2000	101.240	9.499	2000	101.078	9.408	2000	101.079	9.409	2000	
104.536	10.427	2000	104.536	10.427	2000	104.536	10.427	2000	104.536	10.427	2000	104.536	10.427	2000	104.324	10.216	2000	103.926	9.673	2000	103.730	9.574	2000	103.731	9.574	2000	
106.035	11.007	2000	106.035	11.007	2000	106.035	11.007	2000	106.035	11.007	2000	106.035	11.007	2000	105.948	10.692	2000	105.581	9.610	2000	105.308	9.469	2000	105.305	9.465	2000	
106.194	13.826	2000	106.194	13.826	2000	106.194	13.826	2000	106.194	13.826	2000	106.194	13.826	2000	106.065	13.011	2000	105.217	9.842	2000	104.911	9.460	2000	104.801	9.396	2000	
108.508	26.286	2000	108.508	26.286	2000	108.508	26.286	2000	108.508	26.286	2000	108.508	26.286	2000	107.804	25.177	2000	104.462	12.799	2000	103.555	9.687	2000	103.134	9.387	2000	
123.887	76.772	1800	123.887	76.772	1800	123.887	76.772	1800	123.887	76.772	1800	123.887	76.772	1800	123.746	74.120	1859	109.104	35.925	2000	101.890	16.545	2000	100.096	10.200	2000	
70.037	47.066	28	70.037	47.066	28	70.037	47.066	28	70.037	47.066	28	70.037	47.066	28	69.739	45.861	40	90.341	63.239	421	108.859	71.519	1487	110.824	61.880	1976	
-1	-1	-1	-1	-1	-1	-1	-1	-1	-1	-1	-1	-1	-1	-1	-1	-1	-1	-1	-1	-1	-1	-1	-1	-1	-1	-1	
-1	-1	-1	-1	-1	-1	-1	-1	-1	-1	-1	-1	-1	-1	-1	-1	-1	-1	-1	-1	-1	-1	-1	-1	-1	-1	-1	
-1	-1	-1	-1	-1	-1	-1	-1	-1	-1	-1	-1	-1	-1	-1	-1	-1	-1	-1	-1	-1	75.381	49.029	20	74.097	54.638	290	
85.502	59.361	866	85.502	59.361	866	85.502	59.361	866	85.502	59.361	866	85.502	59.361	866	85.502	59.361	866	89.995	58.219	1477	91.781	49.973	1972	79.898	21.400	2000	
92.874	41.298	1996	92.874	41.298	1996	92.874	41.298	1996	92.874	41.298	1996	92.874	41.298	1996	92.874	41.298	1996	87.288	22.696	2000	83.416	11.063	2000	82.784	8.823	2000	
89.982	12.946	2000	89.982	12.946	2000	89.982	12.946	2000	89.982	12.946	2000	89.982	12.946	2000	89.982	12.946	2000	89.050	10.535	2000	88.216	8.933	2000	87.891	8.811	2000	
93.756	9.977	2000	93.756	9.977	2000	93.756	9.977	2000	93.756	9.977	2000	93.756	9.977	2000	93.756	9.977	2000	93.553	9.433	2000	93.140	9.110	2000	93.086	9.054	2000	
97.698	9.667	2000	97.698	9.667	2000	97.698	9.667	2000	97.698	9.667	2000	97.698	9.667	2000	97.698	9.667	2000	97.543	9.512	2000	97.287	9.352	2000	97.289	9.356	2000	
100.622	9.588	2000	100.622	9.588	2000	100.622	9.588	2000	100.622	9.588	2000	100.622	9.588	2000	100.622	9.588	2000	100.477	9.488	2000	100.256	9.353	2000	100.256	9.352	2000	
102.623	9.521	2000	102.623	9.521	2000	102.623	9.521	2000	102.623	9.521	2000	102.623	9.521	2000	102.623	9.521	2000	102.488	9.461	2000	102.284	9.310	2000	102.284	9.312	2000	
103.226	10.021	2000	103.226	10.021	2000	103.226	10.021	2000	103.226	10.021	2000	103.226	10.021	2000	103.226	10.021	2000	103.079	9.716	2000	102.780	9.519	2000	102.779	9.518	2000	
102.834	10.772	2000	102.834	10.772	2000	102.834	10.772	2000	102.834	10.772	2000	102.834	10.772	2000	102.834	10.772	2000	102.437	9.733	2000	102.116	9.530	2000	101.996	9.403	2000	
101.971	14.918	2000	101.971	14.918	2000	101.971	14.918	2000	101.971	14.918	2000	101.971	14.918	2000	101.971	14.918	2000	100.804	11.573	2000	99.955	9.605	2000	99.733	9.439	2000	
110.754	55.691	1996	110.754	55.691	1996	110.754	55.691	1996	110.754	55.691	1996	110.754	55.691	1996	110.754	55.691	1996	102.520	28.838	2000	98.025	12.567	2000	96.780	9.495	2000	
103.044	75.391	858	103.044	75.391	858	103.044	75.391	858	103.044	75.391	858	103.044	75.391	858	103.044	75.391	858	109.554	76.144	1390	110.820	64.393	1941	97.218	27.586	2000	
-1	-1	-1	-1	-1	-1	-1	-1	-1	-1	-1	-1	-1	-1	-1	-1	-1	-1	-1	-1	-1	111.990	70.478	14	85.317	59.879	272	
-1	-1	-1	-1	-1	-1	-1	-1	-1	-1	-1	-1	-1	-1	-1	-1	-1	-1	-1	-1	-1	-1	-1	-1	-1	-1	-1	
-1	-1	-1	-1	-1	-1	-1	-1	-1	-1	-1	-1	-1	-1	-1	-1	-1	-1	-1	-1	-1	-1	-1	-1	-1	-1	-1	
-1	-1	-1	-1	-1	-1	-1	-1	-1	-1	-1	-1	-1	-1	-1	-1	-1	-1	-1	-1	-1	-1	-1	-1	-1	-1	-1	
61.501	44.926	66	61.501	44.926	66	61.501	44.926	66	61.501	44.926	66	61.501	44.926	66	61.501	44.926	66	64.406	47.149	82	73.913	50.609	715	82.533	48.194	1745	
95.285	57.101	1914	95.285	57.101	1914	95.285	57.101	1914	95.285	57.101	1914	95.285	57.101	1914	95.285	57.101	1914	95.221	55.888	1941	82.188	23.581	2000	77.968	10.989	2000	
85.312	15.009	2000	85.312	15.009	2000	85.312	15.009	2000	85.312	15.009	2000	85.312	15.009	2000	85.312	15.009	2000	84.882	13.830	2000	83.540	9.371	2000	83.149	8.735	2000	
88.307	9.783	2000	88.307	9.783	2000	88.307	9.783	2000	88.307	9.783	2000	88.307	9.783	2000	88.307	9.783	2000	88.248	9.544	2000	87.813	8.894	2000	87.615	8.794	2000	
91.926	9.285	2000	91.926	9.285	2000	91.926	9.285	2000	91.926	9.285	2000	91.926	9.285	2000	91.926	9.285	2000	91.898	9.254	2000	91.539	9.025	2000	91.534	9.020	2000	
94.302	9.391	2000	94.302	9.391	2000	94.302	9.391	2000	94.302	9.391	2000	94.302	9.391	2000	94.302	9.391	2000	94.225	9.359	2000	94.075	9.265	2000	94.076	9.266	2000	
95.307	9.208	2000	95.307	9.208	2000	95.307	9.208	2000	95.307	9.208	2000	95.307	9.208	2000	95.307	9.208	2000	95.259	9.195	2000	95.129	9.088	2000	95.130	9.088	2000	
95.839	9.165	2000	95.839	9.165	2000	95.839	9.165	2000	95.839	9.165	2000	95.839	9.165	2000	95.839	9.165	2000	95.770	9.137	2000	95.618	9.063	2000	95.618	9.062	2000	
94.842	9.496	2000	94.842	9.496	2000	94.842	9.496	2000	94.842	9.496	2000	94.842	9.496	2000	94.842	9.496	2000	94.819	9.486	2000	94.497	9.369	2000	94.487	9.348	2000	
93.035	10.259	2000	93.035	10.259	2000	93.035	10.259	2000	93.035	10.259	2000	93.035	10.259	2000	93.035	10.259	2000	92.990	9.880	2000	92.524	9.047	2000	92.273	8.916	2000	
92.055	18.122	2000	92.055	18.122	2000	92.055	18.122	2000	92.055	18.122	2000	92.055	18.122	2000	92.055	18.122	2000	91.745	16.428	2000	89.527	9.960	2000	89.076	9.020	2000	
102.394	60.167	1893	102.394	60.167	1893	102.394	60.167	1893	102.394	60.167	1893	102.394	60.167	1893	102.394	60.167	1893	101.385	58.327	1924	89.545	26.356	1999	84.691	11.951	2000	
72.318	72.940	62	72.318	72.940	62	72.318	72.940	62	72.318	72.940	62	72.318	72.940	62	72.318	72.940	62	76.510	70.155	81	87.695	60.355	677	94.351	62.665	1685	
-1	-1	-1	-1	-1	-1	-1	-1	-1	-1	-1	-1	-1	-1	-1	-1	-1	-1	-1	-1	-1	-1	-1	-1	-1	-1	-1	
-1	-1	-1	-1	-1	-1	-1	-1	-1	-1	-1	-1	-1	-1	-1	-1	-1	-1	-1	-1	-1	-1	-1	-1	-1	-1	-1	
-1	-1	-1	-1	-1	-1	-1	-1	-1	-1	-1	-1	-1	-1	-1	-1	-1	-1	-1	-1	-1	-1	-1	-1	-1	-1	-1	
-1	-1	-1	-1	-1	-1	-1	-1	-1	-1	-1	-1	-1	-1	-1	-1	-1	-1	-1	-1	-1	-1	-1	-1	-1	-1	-1	
-1	-1	-1	-1	-1	-1	-1	-1	-1	-1	-1	-1	-1	-1	-1	-1	-1	-1	-1	-1	-1	-1	-1	-1	40.440	40.676	4	
64.604	42.217	1073	64.604	42.217	1073	64.604	42.217	1073	64.604	42.217	1073	64.604	42.217	1073	64.604	42.217	1073	64.604	42.217	1073	71.051	46.124	1338	89.316	55.655	1950	
80.901	22.495	2000	80.901	22.495	2000	80.901	22.495	2000	80.901	22.495	2000	80.901	22.495	2000	80.901	22.495	2000	80.901	22.495	2000	79.542	17.393	2000	77.571	10.104	2000	
80.894	9.214	2000	80.894	9.214	2000	80.894	9.214	2000	80.894	9.214	2000	80.894	9.214	2000	80.894	9.214	2000	80.894	9.214	2000	80.778	8.833	2000	80.391	8.464	2000	
83.032	8.799	2000	83.032	8.799	2000	83.032	8.799	2000	83.032	8.799	2000	83.032	8.799	2000	83.032	8.799	2000	83.032	8.799	2000	82.918	8.792	2000	82.835	8.732	2000	
84.119	8.850	2000	84.119	8.850	2000	84.119	8.850	2000	84.119	8.850	2000	84.119	8.850	2000	84.119	8.850	2000	84.119	8.850	2000	84.111	8.841	2000	84.110	8.840	2000	
84.072	8.584	2000	84.072	8.584	2000	84.072	8.584	2000	84.072	8.584	2000	84.072	8.584	2000	84.072	8.584	2000	84.072	8.584	2000	84.072	8.585	2000	84.073	8.586	2000	
82.952	8.592	2000	82.952	8.592	2000	82.952	8.592	2000	82.952	8.592	2000	82.952	8.592	2000	82.952	8.592	2000	82.952	8.592	2000	82.943	8.578	2000	82.943	8.579	2000	
80.813	8.535	2000	80.813	8.535	2000	80.813	8.535	2000	80.813	8.535	2000	80.813	8.535	2000	80.813	8.535	2000	80.813	8.535	2000	80.660	8.488	2000	80.567	8.412	2000	
78.307	9.004	2000	78.307	9.004	2000	78.307	9.004	2000	78.307	9.004	2000	78.307	9.004	2000	78.307	9.004	2000	78.307	9.004	2000	78.245	8.871	2000	77.822	8.262	2000	
76.966	20.617	2000	76.966	20.617	2000	76.966	20.617	2000	76.966	20.617	2000	76.966	20.617	2000	76.966	20.617	2000	76.966	20.617	2000	75.871	16.283	2000	74.368	9.934	2000	
59.889	39.952	1089	59.889	39.952	1089	59.889	39.952	1089	59.889	39.952	1089	59.889	39.952	1089	59.889	39.952	1089	59.889	39.952	1089	66.287	44.457	1348	84.131	55.692	1967	
-1	-1	-1	-1	-1	-1	-1	-1	-1	-1	-1	-1	-1	-1	-1	-1	-1	-1	-1	-1	-1	-1	-1	-1	41.278	18.450	3	
-1	-1	-1	-1	-1	-1	-1	-1	-1	-1	-1	-1	-1	-1	-1	-1	-1	-1	-1	-1	-1	-1	-1	-1	-1	-1	-1	
-1	-1	-1	-1	-1	-1	-1	-1	-1	-1	-1	-1	-1	-1	-1	-1	-1	-1	-1	-1	-1	-1	-1	-1	-1	-1	-1	
-1	-1	-1	-1	-1	-1	-1	-1	-1	-1	-1	-1	-1	-1	-1	-1	-1	-1	-1	-1	-1	-1	-1	-1	-1	-1	-1	
-1	-1	-1	-1	-1	-1	-1	-1	-1	-1	-1	-1	-1	-1	-1	-1	-1	-1	-1	-1	-1	-1	-1	-1	45.063	16.276	3	
32.543	19.011	33	32.543	19.011	33	32.543	19.011	33	32.543	19.011	33	32.543	19.011	33	32.543	19.011	33	46.603	27.327	164	59.050	38.757	932	77.379	47.229	1828	
68.117	43.903	1379	68.117	43.903	1379	68.117	43.903	1379	68.117	43.903	1379	68.117	43.903	1379	68.117	43.903	1379	81.964	51.865	1862	76.572	36.293	1999	71.264	13.801	2000	
81.759	41.491	1997	81.759	41.491	1997	81.759	41.491	1997	81.759	41.491	1997	81.759	41.491	1997	81.759	41.491	1997	75.011	21.594	2000	71.639	10.902	2000	71.132	8.553	2000	
73.395	15.385	2000	73.395	15.385	2000	73.395	15.385	2000	73.395	15.385	2000	73.395	15.385	2000	73.395	15.385	2000	72.294	10.924	2000	71.275	8.551	2000	70.934	8.324	2000	
71.124	10.775	2000	71.124	10.775	2000	71.124	10.775	2000	71.124	10.775	2000	71.124	10.775	2000	71.124	10.775	2000	70.354	8.603	2000	70.036	8.016	2000	69.835	7.889	2000	
68.671	8.783	2000	68.671	8.783	2000	68.671	8.783	2000	68.671	8.783	2000	68.671	8.783	2000	68.671	8.783	2000	68.396	8.078	2000	68.040	7.888	2000	68.029	7.860	2000	
65.542	8.100	2000	65.542	8.100	2000	65.542	8.100	2000	65.542	8.100	2000	65.542	8.100	2000	65.542	8.100	2000	65.443	7.955	2000	65.111	7.700	2000	65.113	7.701	2000	
62.217	7.933	2000	62.217	7.933	2000	62.217	7.933	2000	62.217	7.933	2000	62.217	7.933	2000	62.217	7.933	2000	61.987	7.735	2000	61.745	7.529	2000	61.746	7.532	2000	
57.459	7.637	2000	57.459	7.637	2000	57.459	7.637	2000	57.459	7.637	2000	57.459	7.637	2000	57.459	7.637	2000	57.254	7.489	2000	57.118	7.367	2000	57.118	7.367	2000	
52.004	7.329	2000	52.004	7.329	2000	52.004	7.329	2000	52.004	7.329	2000	52.004	7.329	2000	52.004	7.329	2000	51.768	7.137	2000	51.555	6.923	2000	51.556	6.924	2000	
44.570	7.079	2000	44.570	7.079	2000	44.570	7.079	2000	44.570	7.079	2000	44.570	7.079	2000	44.570	7.079	2000	44.253	6.599	2000	43.944	6.362	2000	43.940	6.353	2000	
34.096	6.601	2000	34.096	6.601	2000	34.096	6.601	2000	34.096	6.601	2000	34.096	6.601	2000	34.096	6.601	2000	33.763	5.810	2000	33.403	5.512	2000	33.380	5.466	2000	
4.932	2.199	1992	4.932	2.199	1992	4.932	2.199	1992	4.932	2.199	1992	4.932	2.199	1992	4.932	2.199	1992	4.920	2.165	1992	4.919	2.161	1992	4.919	2.161	1992	
5.640	3.191	1817	5.640	3.191	1817	5.640	3.191	1817	5.640	3.191	1817	5.640	3.191	1817	5.640	3.191	1817	5.455	2.591	1983	5.323	2.259	1988	5.317	2.230	1988	
5.540	3.721	46	5.540	3.721	46	5.540	3.721	46	5.540	3.721	46	5.540	3.721	46	5.540	3.721	46	5.234	3.570	287	5.248	3.211	1406	5.068	2.609	1979	
-1	-1	-1	-1	-1	-1	-1	-1	-1	-1	-1	-1	-1	-1	-1	-1	-1	-1	-1	-1	-1	-1	-1	-1	2.872	1.220	9	
-1	-1	-1	-1	-1	-1	-1	-1	-1	-1	-1	-1	-1	-1	-1	-1	-1	-1	-1	-1	-1	-1	-1	-1	-1	-1	-1	
63.548	39.805	1985	63.548	39.805	1985	63.548	39.805	1985	63.548	39.805	1985	63.548	39.805	1985	63.548	39.805	1985	63.548	39.805	1985	58.998	27.832	2000	54.915	11.554	2000	
57.960	11.571	2000	57.960	11.571	2000	57.960	11.571	2000	57.960	11.571	2000	57.960	11.571	2000	57.960	11.571	2000	57.960	11.571	2000	57.406	9.681	2000	56.705	7.613	2000	
58.061	9.033	2000	58.061	9.033	2000	58.061	9.033	2000	58.061	9.033	2000	58.061	9.033	2000	58.061	9.033	2000	58.061	9.033	2000	57.913	7.923	2000	57.402	7.504	2000	
57.316	7.829	2000	57.316	7.829	2000	57.316	7.829	2000	57.316	7.829	2000	57.316	7.829	2000	57.316	7.829	2000	57.316	7.829	2000	57.009	7.408	2000	56.768	7.298	2000	
55.736	7.560	2000	55.736	7.560	2000	55.736	7.560	2000	55.736	7.560	2000	55.736	7.560	2000	55.736	7.560	2000	55.736	7.560	2000	55.642	7.437	2000	55.315	7.193	2000	
53.377	7.363	2000	53.377	7.363	2000	53.377	7.363	2000	53.377	7.363	2000	53.377	7.363	2000	53.377	7.363	2000	53.377	7.363	2000	53.229	7.355	2000	53.044	7.183	2000	
50.421	7.096	2000	50.421	7.096	2000	50.421	7.096	2000	50.421	7.096	2000	50.421	7.096	2000	50.421	7.096	2000	50.421	7.096	2000	50.223	6.945	2000	50.142	6.844	2000	
46.520	6.888	2000	46.520	6.888	2000	46.520	6.888	2000	46.520	6.888	2000	46.520	6.888	2000	46.520	6.888	2000	46.520	6.888	2000	46.360	6.769	2000	46.335	6.727	2000	
42.641	6.475	2000	42.641	6.475	2000	42.641	6.475	2000	42.641	6.475	2000	42.641	6.475	2000	42.641	6.475	2000	42.641	6.475	2000	42.524	6.346	2000	42.511	6.324	2000	
37.791	5.974	2000	37.791	5.974	2000	37.791	5.974	2000	37.791	5.974	2000	37.791	5.974	2000	37.791	5.974	2000	37.791	5.974	2000	37.753	5.928	2000	37.749	5.913	2000	
31.059	5.406	2000	31.059	5.406	2000	31.059	5.406	2000	31.059	5.406	2000	31.059	5.406	2000	31.059	5.406	2000	31.059	5.406	2000	31.051	5.393	2000	31.051	5.391	2000	
22.500	4.764	2000	22.500	4.764	2000	22.500	4.764	2000	22.500	4.764	2000	22.500	4.764	2000	22.500	4.764	2000	22.500	4.764	2000	22.500	4.761	2000	22.500	4.762	2000	
12.716	3.508	2000	12.716	3.508	2000	12.716	3.508	2000	12.716	3.508	2000	12.716	3.508	2000	12.716	3.508	2000	12.716	3.508	2000	12.716	3.508	2000	12.716	3.508	2000	
7.924	2.753	1999	7.924	2.753	1999	7.924	2.753	1999	7.924	2.753	1999	7.924	2.753	1999	7.924	2.753	1999	7.924	2.753	1999	7.924	2.753	1999	7.924	2.753	1999	
6.254	2.472	1995	6.254	2.472	1995	6.254	2.472	1995	6.254	2.472	1995	6.254	2.472	1995	6.254	2.472	1995	6.254	2.472	1995	6.254	2.472	1995	6.254	2.472	1995	
5.108	2.209	1988	5.108	2.209	1988	5.108	2.209	1988	5.108	2.209	1988	5.108	2.209	1988	5.108	2.209	1988	5.108	2.209	1988	5.108	2.209	1988	5.108	2.209	1988	
4.455	2.042	1982	4.455	2.042	1982	4.455	2.042	1982	4.455	2.042	1982	4.455	2.042	1982	4.455	2.042	1982	4.455	2.042	1982	4.455	2.041	1982	4.455	2.041	1982	
3.698	1.835	1955	3.698	1.835	1955	3.698	1.835	1955	3.698	1.835	1955	3.698	1.835	1955	3.698	1.835	1955	3.698	1.835	1955	3.693	1.823	1955	3.691	1.805	1955	
41.271	26.931	1285	41.271	26.931	1285	41.271	26.931	1285	41.271	26.931	1285	41.271	26.931	1285	41.271	26.931	1285	41.271	26.931	1285	41.271	26.931	1285	44.588	29.092	1529	
46.261	10.594	2000	46.261	10.594	2000	46.261	10.594	2000	46.261	10.594	2000	46.261	10.594	2000	46.261	10.594	2000	46.261	10.594	2000	46.261	10.594	2000	45.610	8.797	2000	
44.786	6.777	2000	44.786	6.777	2000	44.786	6.777	2000	44.786	6.777	2000	44.786	6.777	2000	44.786	6.777	2000	44.786	6.777	2000	44.786	6.777	2000	44.702	6.645	2000	
43.601	6.638	2000	43.601	6.638	2000	43.601	6.638	2000	43.601	6.638	2000	43.601	6.638	2000	43.601	6.638	2000	43.601	6.638	2000	43.601	6.638	2000	43.557	6.593	2000	
41.942	6.407	2000	41.942	6.407	2000	41.942	6.407	2000	41.942	6.407	2000	41.942	6.407	2000	41.942	6.407	2000	41.942	6.407	2000	41.942	6.407	2000	41.941	6.402	2000	
40.033	6.257	2000	40.033	6.257	2000	40.033	6.257	2000	40.033	6.257	2000	40.033	6.257	2000	40.033	6.257	2000	40.033	6.257	2000	40.033	6.257	2000	40.033	6.257	2000	
37.294	6.111	2000	37.294	6.111	2000	37.294	6.111	2000	37.294	6.111	2000	37.294	6.111	2000	37.294	6.111	2000	37.294	6.111	2000	37.294	6.111	2000	37.294	6.111	2000	
33.473	5.635	2000	33.473	5.635	2000	33.473	5.635	2000	33.473	5.635	2000	33.473	5.635	2000	33.473	5.635	2000	33.473	5.635	2000	33.473	5.635	2000	33.473	5.635	2000	
31.452	5.421	2000	31.452	5.421	2000	31.452	5.421	2000	31.452	5.421	2000	31.452	5.421	2000	31.452	5.421	2000	31.452	5.421	2000	31.452	5.421	2000	31.452	5.421	2000	
27.035	5.027	2000	27.035	5.027	2000	27.035	5.027	2000	27.035	5.027	2000	27.035	5.027	2000	27.035	5.027	2000	27.035	5.027	2000	27.035	5.027	2000	27.035	5.027	2000	
14.406	3.798	2000	14.406	3.798	2000	14.406	3.798	2000	14.406	3.798	2000	14.406	3.798	2000	14.406	3.798	2000	14.406	3.798	2000	14.406	3.798	2000	14.406	3.798	2000	
7.442	2.655	1999	7.442	2.655	1999	7.442	2.655	1999	7.442	2.655	1999	7.442	2.655	1999	7.442	2.655	1999	7.442	2.655	1999	7.442	2.655	1999	7.442	2.655	1999	
6.092	2.338	2000	6.092	2.338	2000	6.092	2.338	2000	6.092	2.338	2000	6.092	2.338	2000	6.092	2.338	2000	6.092	2.338	2000	6.092	2.338	2000	6.092	2.338	2000	
5.055	2.217	1990	5.055	2.217	1990	5.055	2.217	1990	5.055	2.217	1990	5.055	2.217	1990	5.055	2.217	1990	5.055	2.217	1990	5.055	2.217	1990	5.055	2.217	1990	
4.335	2.009	1978	4.335	2.009	1978	4.335	2.009	1978	4.335	2.009	1978	4.335	2.009	1978	4.335	2.009	1978	4.335	2.009	1978	4.335	2.009	1978	4.335	2.009	1978	
3.236	1.647	1916	3.236	1.647	1916	3.236	1.647	1916	3.236	1.647	1916	3.236	1.647	1916	3.236	1.647	1916	3.236	1.647	1916	3.236	1.647	1916	3.236	1.647	1916	
2.538	1.358	1806	2.538	1.358	1806	2.538	1.358	1806	2.538	1.358	1806	2.538	1.358	1806	2.538	1.358	1806	2.538	1.358	1806	2.538	1.358	1806	2.538	1.358	1806	
2.074	1.163	1442	2.074	1.163	1442	2.074	1.163	1442	2.074	1.163	1442	2.074	1.163	1442	2.074	1.163	1442	2.074	1.163	1442	2.074	1.163	1442	2.095	1.213	1579	
-1	-1	-1	-1	-1	-1	-1	-1	-1	-1	-1	-1	-1	-1	-1	-1	-1	-1	-1	-1	-1	-1	-1	-1	43.750	-1	1	
35.915	15.920	2000	35.915	15.920	2000	35.915	15.920	2000	35.915	15.920	2000	35.915	15.920	2000	35.915	15.920	2000	35.915	15.920	2000	35.915	15.920	2000	35.653	15.708	2000	
33.489	5.956	2000	33.489	5.956	2000	33.489	5.956	2000	33.489	5.956	2000	33.489	5.956	2000	33.489	5.956	2000	33.489	5.956	2000	33.489	5.956	2000	33.438	5.891	2000	
32.617	5.726	2000	32.617	5.726	2000	32.617	5.726	2000	32.617	5.726	2000	32.617	5.726	2000	32.617	5.726	2000	32.617	5.726	2000	32.617	5.726	2000	32.617	5.726	2000	
31.345	5.407	2000	31.345	5.407	2000	31.345	5.407	2000	31.345	5.407	2000	31.345	5.407	2000	31.345	5.407	2000	31.345	5.407	2000	31.345	5.407	2000	31.345	5.407	2000	
29.669	5.322	2000	29.669	5.322	2000	29.669	5.322	2000	29.669	5.322	2000	29.669	5.322	2000	29.669	5.322	2000	29.669	5.322	2000	29.669	5.322	2000	29.669	5.322	2000	
28.862	5.355	2000	28.862	5.355	2000	28.862	5.355	2000	28.862	5.355	2000	28.862	5.355	2000	28.862	5.355	2000	28.862	5.355	2000	28.862	5.355	2000	28.862	5.355	2000	
23.756	4.834	2000	23.756	4.834	2000	23.756	4.834	2000	23.756	4.834	2000	23.756	4.834	2000	23.756	4.834	2000	23.756	4.834	2000	23.756	4.834	2000	23.756	4.834	2000	
17.373	4.024	2000	17.373	4.024	2000	17.373	4.024	2000	17.373	4.024	2000	17.373	4.024	2000	17.373	4.024	2000	17.373	4.024	2000	17.373	4.024	2000	17.373	4.024	2000	
10.787	3.255	2000	10.787	3.255	2000	10.787	3.255	2000	10.787	3.255	2000	10.787	3.255	2000	10.787	3.255	2000	10.787	3.255	2000	10.787	3.255	2000	10.787	3.255	2000	
4.244	1.956	1978	4.244	1.956	1978	4.244	1.956	1978	4.244	1.956	1978	4.244	1.956	1978	4.244	1.956	1978	4.244	1.956	1978	4.244	1.956	1978	4.244	1.956	1978	
2.494	1.348	1812	2.494	1.348	1812	2.494	1.348	1812	2.494	1.348	1812	2.494	1.348	1812	2.494	1.348	1812	2.494	1.348	1812	2.494	1.348	1812	2.494	1.347	1812	
-1	-1	-1	-1	-1	-1	-1	-1	-1	-1	-1	-1	-1	-1	-1	-1	-1	-1	-1	-1	-1	-1	-1	-1	3	-1	1	
24.635	14.751	1818	24.635	14.751	1818	24.635	14.751	1818	24.635	14.751	1818	24.635	14.751	1818	24.635	14.751	1818	24.635	14.751	1818	24.635	14.751	1818	24.635	14.751	1818	
24.052	4.981	2000	24.052	4.981	2000	24.052	4.981	2000	24.052	4.981	2000	24.052	4.981	2000	24.052	4.981	2000	24.052	4.981	2000	24.052	4.981	2000	24.052	4.981	2000	
24.524	5.082	2000	24.524	5.082	2000	24.524	5.082	2000	24.524	5.082	2000	24.524	5.082	2000	24.524	5.082	2000	24.524	5.082	2000	24.524	5.082	2000	24.524	5.082	2000	
24.029	4.921	2000	24.029	4.921	2000	24.029	4.921	2000	24.029	4.921	2000	24.029	4.921	2000	24.029	4.921	2000	24.029	4.921	2000	24.029	4.921	2000	24.029	4.921	2000	
22.754	4.794	2000	22.754	4.794	2000	22.754	4.794	2000	22.754	4.794	2000	22.754	4.794	2000	22.754	4.794	2000	22.754	4.794	2000	22.754	4.794	2000	22.754	4.794	2000	
23.182	4.798	2000	23.182	4.798	2000	23.182	4.798	2000	23.182	4.798	2000	23.182	4.798	2000	23.182	4.798	2000	23.182	4.798	2000	23.182	4.798	2000	23.182	4.798	2000	
16.810	4.168	2000	16.810	4.168	2000	16.810	4.168	2000	16.810	4.168	2000	16.810	4.168	2000	16.810	4.168	2000	16.810	4.168	2000	16.810	4.168	2000	16.810	4.168	2000	
11.682	3.347	2000	11.682	3.347	2000	11.682	3.347	2000	11.682	3.347	2000	11.682	3.347	2000	11.682	3.347	2000	11.682	3.347	2000	11.682	3.347	2000	11.682	3.347	2000	
7.481	2.771	2000	7.481	2.771	2000	7.481	2.771	2000	7.481	2.771	2000	7.481	2.771	2000	7.481	2.771	2000	7.481	2.771	2000	7.481	2.771	2000	7.481	2.771	2000	
3.869	1.908	1957	3.869	1.908	1957	3.869	1.908	1957	3.869	1.908	1957	3.869	1.908	1957	3.869	1.908	1957	3.869	1.908	1957	3.869	1.908	1957	3.869	1.908	1957	
2.239	1.276	1638	2.239	1.276	1638	2.239	1.276	1638	2.239	1.276	1638	2.239	1.276	1638	2.239	1.276	1638	2.239	1.276	1638	2.239	1.276	1638	2.239	1.276	1638	
-1	-1	-1	-1	-1	-1	-1	-1	-1	-1	-1	-1	-1	-1	-1	-1	-1	-1	-1	-1	-1	-1	-1	-1	-1	-1	-1	
20.648	12.493	1142	20.648	12.493	1142	20.648	12.493	1142	20.648	12.493	1142	20.648	12.493	1142	20.648	12.493	1142	20.648	12.493	1142	20.648	12.493	1142	20.648	12.493	1142	
18.086	4.284	2000	18.086	4.284	2000	18.086	4.284	2000	18.086	4.284	2000	18.086	4.284	2000	18.086	4.284	2000	18.086	4.284	2000	18.086	4.284	2000	18.086	4.284	2000	
18.868	4.251	2000	18.868	4.251	2000	18.868	4.251	2000	18.868	4.251	2000	18.868	4.251	2000	18.868	4.251	2000	18.868	4.251	2000	18.868	4.251	2000	18.868	4.251	2000	
15.478	3.893	2000	15.478	3.893	2000	15.478	3.893	2000	15.478	3.893	2000	15.478	3.893	2000	15.478	3.893	2000	15.478	3.893	2000	15.478	3.893	2000	15.478	3.893	2000	
11.202	3.334	2000	11.202	3.334	2000	11.202	3.334	2000	11.202	3.334	2000	11.202	3.334	2000	11.202	3.334	2000	11.202	3.334	2000	11.202	3.334	2000	11.202	3.334	2000	
7.639	2.761	2000	7.639	2.761	2000	7.639	2.761	2000	7.639	2.761	2000	7.639	2.761	2000	7.639	2.761	2000	7.639	2.761	2000	7.639	2.761	2000	7.639	2.761	2000	
4.927	2.218	1989	4.927	2.218	1989	4.927	2.218	1989	4.927	2.218	1989	4.927	2.218	1989	4.927	2.218	1989	4.927	2.218	1989	4.927	2.218	1989	4.927	2.218	1989	
2.852	1.654	1144	2.852	1.654	1144	2.852	1.654	1144	2.852	1.654	1144	2.852	1.654	1144	2.852	1.654	1144	2.852	1.654	1144	2.852	1.654	1144	2.852	1.654	1144	
-1	-1	-1	-1	-1	-1	-1	-1	-1	-1	-1	-1	-1	-1	-1	-1	-1	-1	-1	-1	-1	-1	-1	-1	-1	-1	-1	
3	-1	1	3	-1	1	3	-1	1	3	-1	1	3	-1	1	3	-1	1	3	-1	1	3	-1	1	3	-1	1	
10.837	3.306	2000	10.837	3.306	2000	10.837	3.306	2000	10.837	3.306	2000	10.837	3.306	2000	10.837	3.306	2000	10.837	3.306	2000	10.837	3.306	2000	10.837	3.306	2000	
12.552	3.492	2000	12.552	3.492	2000	12.552	3.492	2000	12.552	3.492	2000	12.552	3.492	2000	12.552	3.492	2000	12.552	3.492	2000	12.552	3.492	2000	12.552	3.492	2000	
13.761	3.708	2000	13.761	3.708	2000	13.761	3.708	2000	13.761	3.708	2000	13.761	3.708	2000	13.761	3.708	2000	13.761	3.708	2000	13.761	3.708	2000	13.761	3.708	2000	
10.013	3.030	2000	10.013	3.030	2000	10.013	3.030	2000	10.013	3.030	2000	10.013	3.030	2000	10.013	3.030	2000	10.013	3.030	2000	10.013	3.030	2000	10.013	3.030	2000	
7.040	2.596	2000	7.040	2.596	2000	7.040	2.596	2000	7.040	2.596	2000	7.040	2.596	2000	7.040	2.596	2000	7.040	2.596	2000	7.040	2.596	2000	7.040	2.596	2000	
4.858	2.167	1982	4.858	2.167	1982	4.858	2.167	1982	4.858	2.167	1982	4.858	2.167	1982	4.858	2.167	1982	4.858	2.167	1982	4.858	2.167	1982	4.858	2.167	1982	
2.411	1.344	1792	2.411	1.344	1792	2.411	1.344	1792	2.411	1.344	1792	2.411	1.344	1792	2.411	1.344	1792	2.411	1.344	1792	2.411	1.344	1792	2.411	1.344	1792	
-1	-1	-1	-1	-1	-1	-1	-1	-1	-1	-1	-1	-1	-1	-1	-1	-1	-1	-1	-1	-1	-1	-1	-1	-1	-1	-1	
