-1	-1	-1	-1	-1	-1	-1	-1	-1	-1	-1	-1	-1	-1	-1	-1	-1	-1	-1	-1	-1	-1	-1	-1	-1	-1	-1	
-1	-1	-1	-1	-1	-1	-1	-1	-1	-1	-1	-1	-1	-1	-1	-1	-1	-1	-1	-1	-1	-1	-1	-1	-1	-1	-1	
-1	-1	-1	-1	-1	-1	-1	-1	-1	-1	-1	-1	-1	-1	-1	-1	-1	-1	-1	-1	-1	-1	-1	-1	-1	-1	-1	
2.284	1.221	1719	2.284	1.221	1719	2.284	1.221	1719	2.284	1.221	1719	2.284	1.221	1719	2.284	1.221	1719	2.284	1.221	1719	2.284	1.221	1719	2.284	1.221	1719	
2.377	1.290	1740	2.377	1.290	1740	2.377	1.290	1740	2.377	1.290	1740	2.377	1.290	1740	2.377	1.290	1740	2.377	1.290	1740	2.377	1.290	1740	2.377	1.290	1740	
2.343	1.280	1731	2.343	1.280	1731	2.343	1.280	1731	2.343	1.280	1731	2.343	1.280	1731	2.343	1.280	1731	2.343	1.280	1731	2.343	1.280	1731	2.343	1.280	1731	
-1	-1	-1	-1	-1	-1	-1	-1	-1	-1	-1	-1	-1	-1	-1	-1	-1	-1	-1	-1	-1	-1	-1	-1	-1	-1	-1	
-1	-1	-1	-1	-1	-1	-1	-1	-1	-1	-1	-1	-1	-1	-1	-1	-1	-1	-1	-1	-1	-1	-1	-1	-1	-1	-1	
-1	-1	-1	-1	-1	-1	-1	-1	-1	-1	-1	-1	-1	-1	-1	-1	-1	-1	-1	-1	-1	-1	-1	-1	-1	-1	-1	
-1	-1	-1	-1	-1	-1	-1	-1	-1	-1	-1	-1	-1	-1	-1	-1	-1	-1	-1	-1	-1	-1	-1	-1	-1	-1	-1	
-1	-1	-1	-1	-1	-1	-1	-1	-1	-1	-1	-1	-1	-1	-1	-1	-1	-1	2	-1	1	1.412	0.681	930	1.402	0.672	1007	
-1	-1	-1	-1	-1	-1	-1	-1	-1	-1	-1	-1	2	-1	1	1.665	0.848	1301	1.663	0.845	1357	1.663	0.845	1357	1.663	0.845	1357	
-1	-1	-1	-1	-1	-1	-1	-1	-1	2.200	1.304	5	2.144	1.175	1633	2.138	1.173	1651	2.138	1.173	1651	2.138	1.173	1651	2.138	1.173	1651	
2	-1	1	2	-1	1	2	-1	1	2.978	1.552	549	2.972	1.567	1847	2.972	1.567	1847	2.972	1.567	1847	2.972	1.567	1847	2.972	1.567	1847	
-1	-1	-1	-1	-1	-1	-1	-1	-1	3.323	1.717	622	3.279	1.707	1919	3.279	1.707	1919	3.279	1.707	1919	3.279	1.707	1919	3.279	1.707	1919	
-1	-1	-1	-1	-1	-1	-1	-1	-1	3.250	2.062	4	3.307	1.676	1905	3.304	1.674	1915	3.304	1.674	1915	3.304	1.674	1915	3.304	1.674	1915	
-1	-1	-1	-1	-1	-1	-1	-1	-1	-1	-1	-1	1	-1	1	3.160	1.659	1840	3.154	1.657	1905	3.154	1.657	1905	3.154	1.657	1905	
-1	-1	-1	-1	-1	-1	-1	-1	-1	-1	-1	-1	-1	-1	-1	-1	-1	-1	-1	-1	-1	2.898	1.519	1705	2.911	1.527	1853	
-1	-1	-1	-1	-1	-1	-1	-1	-1	-1	-1	-1	-1	-1	-1	-1	-1	-1	-1	-1	-1	-1	-1	-1	-1	-1	-1	
-1	-1	-1	-1	-1	-1	-1	-1	-1	-1	-1	-1	-1	-1	-1	-1	-1	-1	-1	-1	-1	-1	-1	-1	-1	-1	-1	
-1	-1	-1	-1	-1	-1	-1	-1	-1	-1	-1	-1	-1	-1	-1	-1	-1	-1	-1	-1	-1	-1	-1	-1	-1	-1	-1	
-1	-1	-1	-1	-1	-1	-1	-1	-1	-1	-1	-1	-1	-1	-1	-1	-1	-1	-1	-1	-1	-1	-1	-1	1.964	1.035	194	
2.600	1.517	5	2.600	1.517	5	2.600	1.517	5	2.600	1.517	5	2.600	1.517	5	2.721	1.472	1451	2.701	1.453	1827	2.701	1.453	1827	2.701	1.453	1827	
3.359	1.736	1912	3.359	1.736	1912	3.359	1.736	1912	3.359	1.736	1912	3.359	1.736	1912	3.359	1.736	1912	3.359	1.736	1912	3.359	1.736	1912	3.359	1.736	1912	
4.900	2.197	1982	4.900	2.197	1982	4.900	2.197	1982	4.900	2.197	1982	4.900	2.197	1982	4.900	2.197	1982	4.900	2.197	1982	4.900	2.197	1982	4.900	2.197	1982	
4.938	2.219	1983	4.938	2.219	1983	4.938	2.219	1983	4.938	2.219	1983	4.938	2.219	1983	4.938	2.219	1983	4.938	2.219	1983	4.938	2.219	1983	4.938	2.219	1983	
4.833	2.137	6	4.833	2.137	6	4.833	2.137	6	4.833	2.137	6	4.833	2.137	6	4.798	2.158	1624	4.774	2.128	1985	4.774	2.128	1985	4.774	2.128	1985	
-1	-1	-1	-1	-1	-1	-1	-1	-1	-1	-1	-1	-1	-1	-1	-1	-1	-1	-1	-1	-1	-1	-1	-1	4.603	2.157	219	
-1	-1	-1	-1	-1	-1	-1	-1	-1	-1	-1	-1	-1	-1	-1	-1	-1	-1	-1	-1	-1	-1	-1	-1	-1	-1	-1	
-1	-1	-1	-1	-1	-1	-1	-1	-1	-1	-1	-1	-1	-1	-1	-1	-1	-1	-1	-1	-1	-1	-1	-1	-1	-1	-1	
-1	-1	-1	-1	-1	-1	-1	-1	-1	-1	-1	-1	-1	-1	-1	-1	-1	-1	-1	-1	-1	-1	-1	-1	-1	-1	-1	
-1	-1	-1	-1	-1	-1	-1	-1	-1	-1	-1	-1	-1	-1	-1	-1	-1	-1	-1	-1	-1	-1	-1	-1	-1	-1	-1	
-1	-1	-1	-1	-1	-1	-1	-1	-1	-1	-1	-1	-1	-1	-1	-1	-1	-1	-1	-1	-1	-1	-1	-1	-1	-1	-1	
-1	-1	-1	-1	-1	-1	-1	-1	-1	-1	-1	-1	-1	-1	-1	-1	-1	-1	-1	-1	-1	-1	-1	-1	-1	-1	-1	
-1	-1	-1	-1	-1	-1	-1	-1	-1	-1	-1	-1	-1	-1	-1	-1	-1	-1	3.416	1.954	137	3.759	1.929	1949	3.759	1.929	1949	
-1	-1	-1	-1	-1	-1	-1	-1	-1	4.952	2.199	645	4.944	2.228	1983	4.944	2.228	1983	4.944	2.228	1983	4.944	2.228	1983	4.944	2.228	1983	
-1	-1	-1	-1	-1	-1	6.559	2.517	732	6.569	2.491	1998	6.569	2.491	1998	6.569	2.491	1998	6.569	2.491	1998	6.569	2.491	1998	6.569	2.491	1998	
-1	-1	-1	-1	-1	-1	-1	-1	-1	7.271	2.670	674	7.176	2.682	1999	7.176	2.682	1999	7.176	2.682	1999	7.176	2.682	1999	7.176	2.682	1999	
-1	-1	-1	-1	-1	-1	-1	-1	-1	-1	-1	-1	-1	-1	-1	-1	-1	-1	7.362	2.602	138	7.306	2.698	1999	7.306	2.698	1999	
-1	-1	-1	-1	-1	-1	-1	-1	-1	-1	-1	-1	-1	-1	-1	-1	-1	-1	-1	-1	-1	-1	-1	-1	-1	-1	-1	
-1	-1	-1	-1	-1	-1	-1	-1	-1	-1	-1	-1	-1	-1	-1	-1	-1	-1	-1	-1	-1	-1	-1	-1	-1	-1	-1	
-1	-1	-1	-1	-1	-1	-1	-1	-1	-1	-1	-1	-1	-1	-1	-1	-1	-1	-1	-1	-1	-1	-1	-1	-1	-1	-1	
-1	-1	-1	-1	-1	-1	-1	-1	-1	-1	-1	-1	-1	-1	-1	-1	-1	-1	-1	-1	-1	-1	-1	-1	-1	-1	-1	
-1	-1	-1	-1	-1	-1	-1	-1	-1	-1	-1	-1	-1	-1	-1	-1	-1	-1	-1	-1	-1	-1	-1	-1	-1	-1	-1	
-1	-1	-1	-1	-1	-1	-1	-1	-1	-1	-1	-1	-1	-1	-1	-1	-1	-1	-1	-1	-1	-1	-1	-1	-1	-1	-1	
-1	-1	-1	-1	-1	-1	-1	-1	-1	-1	-1	-1	-1	-1	-1	-1	-1	-1	-1	-1	-1	-1	-1	-1	-1	-1	-1	
-1	-1	-1	-1	-1	-1	-1	-1	-1	-1	-1	-1	-1	-1	-1	-1	-1	-1	-1	-1	-1	-1	-1	-1	4.203	2.046	853	
-1	-1	-1	-1	-1	-1	-1	-1	-1	-1	-1	-1	-1	-1	-1	5.775	2.451	1703	5.779	2.438	1993	5.779	2.438	1993	5.779	2.438	1993	
-1	-1	-1	-1	-1	-1	-1	-1	-1	7.137	2.721	853	7.133	2.670	1998	7.133	2.670	1998	7.133	2.670	1998	7.133	2.670	1998	7.133	2.670	1998	
-1	-1	-1	-1	-1	-1	8.600	2.966	5	8.066	2.863	1996	8.063	2.864	1997	8.063	2.864	1997	8.063	2.864	1997	8.063	2.864	1997	8.063	2.864	1997	
-1	-1	-1	-1	-1	-1	-1	-1	-1	9.464	3.148	862	9.359	3.086	2000	9.359	3.086	2000	9.359	3.085	2000	9.359	3.085	2000	9.359	3.085	2000	
-1	-1	-1	-1	-1	-1	-1	-1	-1	-1	-1	-1	-1	-1	-1	11.295	3.368	1671	11.333	3.374	2000	11.334	3.376	2000	11.334	3.377	2000	
-1	-1	-1	-1	-1	-1	-1	-1	-1	-1	-1	-1	-1	-1	-1	-1	-1	-1	-1	-1	-1	-1	-1	-1	10.199	3.277	880	
-1	-1	-1	-1	-1	-1	-1	-1	-1	-1	-1	-1	-1	-1	-1	-1	-1	-1	-1	-1	-1	-1	-1	-1	-1	-1	-1	
-1	-1	-1	-1	-1	-1	-1	-1	-1	-1	-1	-1	-1	-1	-1	-1	-1	-1	-1	-1	-1	-1	-1	-1	-1	-1	-1	
-1	-1	-1	-1	-1	-1	-1	-1	-1	-1	-1	-1	-1	-1	-1	-1	-1	-1	-1	-1	-1	-1	-1	-1	-1	-1	-1	
-1	-1	-1	-1	-1	-1	-1	-1	-1	-1	-1	-1	-1	-1	-1	-1	-1	-1	-1	-1	-1	-1	-1	-1	-1	-1	-1	
-1	-1	-1	-1	-1	-1	-1	-1	-1	-1	-1	-1	-1	-1	-1	-1	-1	-1	-1	-1	-1	-1	-1	-1	-1	-1	-1	
-1	-1	-1	-1	-1	-1	-1	-1	-1	-1	-1	-1	-1	-1	-1	-1	-1	-1	-1	-1	-1	-1	-1	-1	-1	-1	-1	
-1	-1	-1	-1	-1	-1	-1	-1	-1	-1	-1	-1	-1	-1	-1	-1	-1	-1	-1	-1	-1	-1	-1	-1	7.091	2.696	128	
-1	-1	-1	-1	-1	-1	-1	-1	-1	-1	-1	-1	-1	-1	-1	8.112	3.119	42	9.062	3.054	1996	9.058	3.055	2000	9.058	3.055	2000	
-1	-1	-1	-1	-1	-1	-1	-1	-1	14	1.414	2	10.777	3.281	1953	10.792	3.275	2000	10.792	3.277	2000	10.792	3.276	2000	10.792	3.276	2000	
-1	-1	-1	-1	-1	-1	10	-1	1	12.191	3.427	1770	12.196	3.425	2000	12.197	3.427	2000	12.198	3.428	2000	12.198	3.427	2000	12.198	3.427	2000	
-1	-1	-1	-1	-1	-1	-1	-1	-1	13.229	3.515	1777	13.217	3.476	2000	13.217	3.475	2000	13.218	3.475	2000	13.218	3.475	2000	13.219	3.476	2000	
-1	-1	-1	-1	-1	-1	-1	-1	-1	8	-1	1	13.508	3.613	1965	13.512	3.597	2000	13.509	3.593	2000	13.509	3.591	2000	13.509	3.591	2000	
-1	-1	-1	-1	-1	-1	-1	-1	-1	-1	-1	-1	-1	-1	-1	15.256	3.605	53	14.926	3.707	1999	14.917	3.699	2000	14.916	3.695	2000	
-1	-1	-1	-1	-1	-1	-1	-1	-1	-1	-1	-1	-1	-1	-1	-1	-1	-1	-1	-1	-1	-1	-1	-1	13.267	3.809	106	
-1	-1	-1	-1	-1	-1	-1	-1	-1	-1	-1	-1	-1	-1	-1	-1	-1	-1	-1	-1	-1	-1	-1	-1	-1	-1	-1	
-1	-1	-1	-1	-1	-1	-1	-1	-1	-1	-1	-1	-1	-1	-1	-1	-1	-1	-1	-1	-1	-1	-1	-1	-1	-1	-1	
-1	-1	-1	-1	-1	-1	-1	-1	-1	-1	-1	-1	-1	-1	-1	-1	-1	-1	-1	-1	-1	-1	-1	-1	-1	-1	-1	
-1	-1	-1	-1	-1	-1	-1	-1	-1	-1	-1	-1	-1	-1	-1	-1	-1	-1	-1	-1	-1	-1	-1	-1	-1	-1	-1	
-1	-1	-1	-1	-1	-1	-1	-1	-1	-1	-1	-1	-1	-1	-1	-1	-1	-1	-1	-1	-1	-1	-1	-1	-1	-1	-1	
-1	-1	-1	-1	-1	-1	-1	-1	-1	-1	-1	-1	-1	-1	-1	-1	-1	-1	-1	-1	-1	-1	-1	-1	-1	-1	-1	
-1	-1	-1	-1	-1	-1	-1	-1	-1	-1	-1	-1	-1	-1	-1	-1	-1	-1	-1	-1	-1	-1	-1	-1	-1	-1	-1	
-1	-1	-1	-1	-1	-1	-1	-1	-1	-1	-1	-1	-1	-1	-1	-1	-1	-1	-1	-1	-1	13.352	3.549	75	14.030	3.609	1999	
-1	-1	-1	-1	-1	-1	-1	-1	-1	-1	-1	-1	16.051	3.649	887	16.138	3.709	2000	16.142	3.709	2000	16.140	3.708	2000	16.139	3.706	2000	
17.403	3.822	2000	17.403	3.822	2000	17.403	3.822	2000	17.403	3.822	2000	17.397	3.809	2000	17.398	3.805	2000	17.398	3.806	2000	17.398	3.805	2000	17.398	3.806	2000	
18.020	3.763	2000	18.020	3.763	2000	18.020	3.763	2000	18.020	3.763	2000	18.011	3.746	2000	18.009	3.738	2000	18.009	3.737	2000	18.010	3.739	2000	18.010	3.740	2000	
-1	-1	-1	-1	-1	-1	-1	-1	-1	-1	-1	-1	18.124	3.837	850	18.158	3.835	2000	18.158	3.834	2000	18.157	3.834	2000	18.158	3.834	2000	
-1	-1	-1	-1	-1	-1	-1	-1	-1	-1	-1	-1	-1	-1	-1	-1	-1	-1	-1	-1	-1	17.438	4.413	82	17.540	3.776	1999	
-1	-1	-1	-1	-1	-1	-1	-1	-1	-1	-1	-1	-1	-1	-1	-1	-1	-1	-1	-1	-1	-1	-1	-1	-1	-1	-1	
-1	-1	-1	-1	-1	-1	-1	-1	-1	-1	-1	-1	-1	-1	-1	-1	-1	-1	-1	-1	-1	-1	-1	-1	-1	-1	-1	
-1	-1	-1	-1	-1	-1	-1	-1	-1	-1	-1	-1	-1	-1	-1	-1	-1	-1	-1	-1	-1	-1	-1	-1	-1	-1	-1	
-1	-1	-1	-1	-1	-1	-1	-1	-1	-1	-1	-1	-1	-1	-1	-1	-1	-1	-1	-1	-1	-1	-1	-1	-1	-1	-1	
-1	-1	-1	-1	-1	-1	-1	-1	-1	-1	-1	-1	-1	-1	-1	-1	-1	-1	-1	-1	-1	-1	-1	-1	-1	-1	-1	
-1	-1	-1	-1	-1	-1	-1	-1	-1	-1	-1	-1	-1	-1	-1	-1	-1	-1	-1	-1	-1	-1	-1	-1	-1	-1	-1	
-1	-1	-1	-1	-1	-1	-1	-1	-1	-1	-1	-1	-1	-1	-1	-1	-1	-1	-1	-1	-1	-1	-1	-1	-1	-1	-1	
-1	-1	-1	-1	-1	-1	-1	-1	-1	-1	-1	-1	-1	-1	-1	-1	-1	-1	18.249	1.706	4	21.639	4.341	1943	21.615	4.306	2000	
-1	-1	-1	-1	-1	-1	-1	-1	-1	-1	-1	-1	24.099	4.534	67	23.693	4.409	2000	23.695	4.407	2000	23.690	4.403	2000	23.687	4.400	2000	
-1	-1	-1	-1	-1	-1	-1	-1	-1	24.627	4.486	554	24.598	4.373	2000	24.615	4.381	2000	24.617	4.383	2000	24.617	4.382	2000	24.617	4.381	2000	
-1	-1	-1	-1	-1	-1	-1	-1	-1	24.862	4.428	1922	24.870	4.434	2000	24.860	4.422	2000	24.859	4.416	2000	24.862	4.416	2000	24.861	4.417	2000	
-1	-1	-1	-1	-1	-1	-1	-1	-1	24.070	4.375	556	24.311	4.370	2000	24.313	4.361	2000	24.308	4.347	2000	24.308	4.349	2000	24.308	4.349	2000	
-1	-1	-1	-1	-1	-1	-1	-1	-1	-1	-1	-1	23.773	4.450	65	23.561	4.477	1999	23.552	4.452	2000	23.552	4.446	2000	23.550	4.444	2000	
-1	-1	-1	-1	-1	-1	-1	-1	-1	-1	-1	-1	-1	-1	-1	-1	-1	-1	21.471	4.763	4	21.992	4.282	1947	21.972	4.279	2000	
-1	-1	-1	-1	-1	-1	-1	-1	-1	-1	-1	-1	-1	-1	-1	-1	-1	-1	-1	-1	-1	-1	-1	-1	-1	-1	-1	
-1	-1	-1	-1	-1	-1	-1	-1	-1	-1	-1	-1	-1	-1	-1	-1	-1	-1	-1	-1	-1	-1	-1	-1	-1	-1	-1	
-1	-1	-1	-1	-1	-1	-1	-1	-1	-1	-1	-1	-1	-1	-1	-1	-1	-1	-1	-1	-1	-1	-1	-1	-1	-1	-1	
-1	-1	-1	-1	-1	-1	-1	-1	-1	-1	-1	-1	-1	-1	-1	-1	-1	-1	-1	-1	-1	-1	-1	-1	-1	-1	-1	
-1	-1	-1	-1	-1	-1	-1	-1	-1	-1	-1	-1	-1	-1	-1	-1	-1	-1	-1	-1	-1	-1	-1	-1	-1	-1	-1	
-1	-1	-1	-1	-1	-1	-1	-1	-1	-1	-1	-1	-1	-1	-1	-1	-1	-1	-1	-1	-1	-1	-1	-1	-1	-1	-1	
-1	-1	-1	-1	-1	-1	-1	-1	-1	-1	-1	-1	-1	-1	-1	-1	-1	-1	-1	-1	-1	-1	-1	-1	30.614	4.056	3	
32.173	4.763	2000	32.173	4.763	2000	32.173	4.763	2000	32.173	4.763	2000	32.173	4.763	2000	32.173	4.763	2000	32.162	4.711	2000	32.172	4.722	2000	32.176	4.719	2000	
32.470	4.587	2000	32.470	4.587	2000	32.470	4.587	2000	32.470	4.587	2000	32.470	4.587	2000	32.470	4.587	2000	32.469	4.586	2000	32.470	4.588	2000	32.470	4.588	2000	
32.195	4.531	2000	32.195	4.531	2000	32.195	4.531	2000	32.195	4.531	2000	32.195	4.531	2000	32.195	4.531	2000	32.195	4.533	2000	32.201	4.540	2000	32.198	4.534	2000	
30.981	4.611	2000	30.981	4.611	2000	30.981	4.611	2000	30.981	4.611	2000	30.981	4.611	2000	30.981	4.611	2000	30.976	4.603	2000	30.978	4.602	2000	30.977	4.601	2000	
-1	-1	-1	-1	-1	-1	-1	-1	-1	-1	-1	-1	-1	-1	-1	-1	-1	-1	-1	-1	-1	-1	-1	-1	-1	-1	-1	
-1	-1	-1	-1	-1	-1	-1	-1	-1	-1	-1	-1	-1	-1	-1	-1	-1	-1	-1	-1	-1	-1	-1	-1	-1	-1	-1	
-1	-1	-1	-1	-1	-1	-1	-1	-1	-1	-1	-1	-1	-1	-1	-1	-1	-1	-1	-1	-1	-1	-1	-1	-1	-1	-1	
-1	-1	-1	-1	-1	-1	-1	-1	-1	-1	-1	-1	-1	-1	-1	-1	-1	-1	-1	-1	-1	-1	-1	-1	-1	-1	-1	
-1	-1	-1	-1	-1	-1	-1	-1	-1	-1	-1	-1	-1	-1	-1	-1	-1	-1	-1	-1	-1	-1	-1	-1	-1	-1	-1	
-1	-1	-1	-1	-1	-1	-1	-1	-1	-1	-1	-1	-1	-1	-1	-1	-1	-1	-1	-1	-1	-1	-1	-1	-1	-1	-1	
-1	-1	-1	-1	-1	-1	-1	-1	-1	-1	-1	-1	-1	-1	-1	-1	-1	-1	-1	-1	-1	-1	-1	-1	-1	-1	-1	
-1	-1	-1	-1	-1	-1	-1	-1	-1	-1	-1	-1	-1	-1	-1	-1	-1	-1	42.296	5.491	778	42.310	5.404	2000	42.328	5.380	2000	
-1	-1	-1	-1	-1	-1	-1	-1	-1	43.111	5.575	750	42.960	5.413	2000	42.966	5.382	2000	42.957	5.366	2000	42.964	5.360	2000	42.967	5.361	2000	
43.065	5.268	222	43.065	5.268	222	42.369	5.327	516	42.316	5.350	2000	42.304	5.321	2000	42.302	5.312	2000	42.301	5.310	2000	42.303	5.312	2000	42.302	5.309	2000	
-1	-1	-1	-1	-1	-1	-1	-1	-1	41.041	5.244	769	40.999	5.247	2000	41.003	5.213	2000	41.011	5.206	2000	41.011	5.203	2000	41.008	5.199	2000	
-1	-1	-1	-1	-1	-1	-1	-1	-1	-1	-1	-1	-1	-1	-1	-1	-1	-1	38.899	5.507	781	38.684	5.275	2000	38.676	5.264	2000	
-1	-1	-1	-1	-1	-1	-1	-1	-1	-1	-1	-1	-1	-1	-1	-1	-1	-1	-1	-1	-1	-1	-1	-1	-1	-1	-1	
-1	-1	-1	-1	-1	-1	-1	-1	-1	-1	-1	-1	-1	-1	-1	-1	-1	-1	-1	-1	-1	-1	-1	-1	-1	-1	-1	
-1	-1	-1	-1	-1	-1	-1	-1	-1	-1	-1	-1	-1	-1	-1	-1	-1	-1	-1	-1	-1	-1	-1	-1	-1	-1	-1	
-1	-1	-1	-1	-1	-1	-1	-1	-1	-1	-1	-1	-1	-1	-1	-1	-1	-1	-1	-1	-1	-1	-1	-1	-1	-1	-1	
-1	-1	-1	-1	-1	-1	-1	-1	-1	-1	-1	-1	-1	-1	-1	-1	-1	-1	-1	-1	-1	-1	-1	-1	-1	-1	-1	
-1	-1	-1	-1	-1	-1	-1	-1	-1	-1	-1	-1	-1	-1	-1	-1	-1	-1	-1	-1	-1	-1	-1	-1	-1	-1	-1	
-1	-1	-1	-1	-1	-1	-1	-1	-1	-1	-1	-1	-1	-1	-1	-1	-1	-1	-1	-1	-1	-1	-1	-1	-1	-1	-1	
-1	-1	-1	-1	-1	-1	-1	-1	-1	46.287	8.459	3	43.523	3.751	1984	43.592	3.327	2000	43.620	3.193	2000	43.612	3.124	2000	43.622	3.086	2000	
42.560	3.959	1894	42.560	3.959	1894	42.558	3.754	2000	42.640	3.430	2000	42.646	3.295	2000	42.639	3.238	2000	42.640	3.207	2000	42.645	3.184	2000	42.643	3.176	2000	
-1	-1	-1	-1	-1	-1	-1	-1	-1	41.781	7.527	4	41.054	3.955	1982	41.062	3.527	2000	41.085	3.413	2000	41.073	3.363	2000	41.086	3.341	2000	
-1	-1	-1	-1	-1	-1	-1	-1	-1	-1	-1	-1	-1	-1	-1	-1	-1	-1	-1	-1	-1	-1	-1	-1	-1	-1	-1	
-1	-1	-1	-1	-1	-1	-1	-1	-1	-1	-1	-1	-1	-1	-1	-1	-1	-1	-1	-1	-1	-1	-1	-1	-1	-1	-1	
-1	-1	-1	-1	-1	-1	-1	-1	-1	-1	-1	-1	-1	-1	-1	-1	-1	-1	-1	-1	-1	-1	-1	-1	-1	-1	-1	
-1	-1	-1	-1	-1	-1	-1	-1	-1	-1	-1	-1	-1	-1	-1	-1	-1	-1	-1	-1	-1	-1	-1	-1	-1	-1	-1	
-1	-1	-1	-1	-1	-1	-1	-1	-1	-1	-1	-1	-1	-1	-1	-1	-1	-1	-1	-1	-1	-1	-1	-1	-1	-1	-1	
-1	-1	-1	-1	-1	-1	-1	-1	-1	-1	-1	-1	-1	-1	-1	-1	-1	-1	-1	-1	-1	-1	-1	-1	-1	-1	-1	
-1	-1	-1	-1	-1	-1	-1	-1	-1	-1	-1	-1	-1	-1	-1	-1	-1	-1	-1	-1	-1	-1	-1	-1	-1	-1	-1	
-1	-1	-1	-1	-1	-1	-1	-1	-1	-1	-1	-1	-1	-1	-1	-1	-1	-1	47.394	3.972	1074	47.382	3.107	2000	47.365	2.735	2000	
-1	-1	-1	-1	-1	-1	46.625	3.994	561	46.435	3.178	2000	46.402	2.815	2000	46.404	2.649	2000	46.403	2.598	2000	46.397	2.563	2000	46.396	2.554	2000	
-1	-1	-1	-1	-1	-1	44.825	4.054	622	44.946	3.284	2000	44.959	2.952	2000	44.921	2.821	2000	44.929	2.781	2000	44.937	2.756	2000	44.937	2.744	2000	
-1	-1	-1	-1	-1	-1	-1	-1	-1	-1	-1	-1	-1	-1	-1	-1	-1	-1	42.932	3.902	1109	42.853	3.219	2000	42.814	3.018	2000	
-1	-1	-1	-1	-1	-1	-1	-1	-1	-1	-1	-1	-1	-1	-1	-1	-1	-1	-1	-1	-1	-1	-1	-1	-1	-1	-1	
-1	-1	-1	-1	-1	-1	-1	-1	-1	-1	-1	-1	-1	-1	-1	-1	-1	-1	-1	-1	-1	-1	-1	-1	-1	-1	-1	
-1	-1	-1	-1	-1	-1	-1	-1	-1	-1	-1	-1	-1	-1	-1	-1	-1	-1	-1	-1	-1	-1	-1	-1	-1	-1	-1	
-1	-1	-1	-1	-1	-1	-1	-1	-1	-1	-1	-1	-1	-1	-1	-1	-1	-1	-1	-1	-1	-1	-1	-1	-1	-1	-1	
-1	-1	-1	-1	-1	-1	-1	-1	-1	-1	-1	-1	-1	-1	-1	-1	-1	-1	-1	-1	-1	-1	-1	-1	-1	-1	-1	
-1	-1	-1	-1	-1	-1	-1	-1	-1	-1	-1	-1	-1	-1	-1	-1	-1	-1	-1	-1	-1	-1	-1	-1	-1	-1	-1	
-1	-1	-1	-1	-1	-1	-1	-1	-1	-1	-1	-1	-1	-1	-1	-1	-1	-1	-1	-1	-1	53.331	4.200	924	53.256	3.252	2000	
-1	-1	-1	-1	-1	-1	-1	-1	-1	-1	-1	-1	52.612	4.872	18	53.900	3.709	1991	53.948	2.865	2000	53.925	2.477	2000	53.917	2.303	2000	
-1	-1	-1	-1	-1	-1	-1	-1	-1	53.855	4.477	660	53.969	3.353	2000	53.921	2.683	2000	53.898	2.400	2000	53.915	2.232	2000	53.918	2.174	2000	
-1	-1	-1	-1	-1	-1	-1	-1	-1	53.295	3.920	1975	53.339	2.956	2000	53.401	2.547	2000	53.420	2.369	2000	53.416	2.276	2000	53.429	2.251	2000	
-1	-1	-1	-1	-1	-1	-1	-1	-1	52.543	4.462	638	52.429	3.295	2000	52.423	2.753	2000	52.431	2.493	2000	52.467	2.390	2000	52.483	2.321	2000	
-1	-1	-1	-1	-1	-1	-1	-1	-1	-1	-1	-1	51.706	3.569	23	50.772	3.649	1995	50.750	2.975	2000	50.730	2.678	2000	50.724	2.540	2000	
-1	-1	-1	-1	-1	-1	-1	-1	-1	-1	-1	-1	-1	-1	-1	-1	-1	-1	-1	-1	-1	48.722	4.095	969	48.586	3.374	2000	
-1	-1	-1	-1	-1	-1	-1	-1	-1	-1	-1	-1	-1	-1	-1	-1	-1	-1	-1	-1	-1	-1	-1	-1	-1	-1	-1	
-1	-1	-1	-1	-1	-1	-1	-1	-1	-1	-1	-1	-1	-1	-1	-1	-1	-1	-1	-1	-1	-1	-1	-1	-1	-1	-1	
-1	-1	-1	-1	-1	-1	-1	-1	-1	-1	-1	-1	-1	-1	-1	-1	-1	-1	-1	-1	-1	-1	-1	-1	-1	-1	-1	
-1	-1	-1	-1	-1	-1	-1	-1	-1	-1	-1	-1	-1	-1	-1	-1	-1	-1	-1	-1	-1	-1	-1	-1	46.055	4.078	1301	
-1	-1	-1	-1	-1	-1	-1	-1	-1	-1	-1	-1	-1	-1	-1	-1	-1	-1	47.629	4.025	1512	47.688	2.800	2000	47.602	2.209	2000	
-1	-1	-1	-1	-1	-1	-1	-1	-1	-1	-1	-1	48	-1	1	48.541	4.138	1141	48.523	2.979	2000	48.633	2.298	2000	48.626	1.951	2000	
-1	-1	-1	-1	-1	-1	-1	-1	-1	-1	-1	-1	49.222	3.887	25	49.197	3.503	1999	49.181	2.563	2000	49.203	2.018	2000	49.206	1.787	2000	
-1	-1	-1	-1	-1	-1	-1	-1	-1	-1	-1	-1	49.476	4.206	471	49.311	3.192	2000	49.380	2.367	2000	49.414	1.957	2000	49.435	1.721	2000	
-1	-1	-1	-1	-1	-1	-1	-1	-1	-1	-1	-1	49.207	4.030	1042	49.256	2.964	2000	49.265	2.265	2000	49.249	1.920	2000	49.273	1.735	2000	
-1	-1	-1	-1	-1	-1	-1	-1	-1	-1	-1	-1	49.004	4.084	1297	48.829	2.956	2000	48.868	2.296	2000	48.870	1.955	2000	48.871	1.742	2000	
-1	-1	-1	-1	-1	-1	-1	-1	-1	-1	-1	-1	47.891	4.061	1094	47.791	2.988	2000	47.851	2.307	2000	47.873	1.956	2000	47.889	1.775	2000	
-1	-1	-1	-1	-1	-1	-1	-1	-1	-1	-1	-1	46.523	3.900	465	46.365	3.037	2000	46.388	2.460	2000	46.416	2.123	2000	46.405	1.994	2000	
-1	-1	-1	-1	-1	-1	-1	-1	-1	-1	-1	-1	43.639	4.680	29	43.159	3.509	1997	43.168	2.735	2000	43.140	2.439	2000	43.141	2.332	2000	
-1	-1	-1	-1	-1	-1	-1	-1	-1	-1	-1	-1	-1	-1	-1	40.854	3.663	1149	40.932	2.922	2000	40.920	2.568	2000	40.943	2.443	2000	
-1	-1	-1	-1	-1	-1	-1	-1	-1	-1	-1	-1	-1	-1	-1	-1	-1	-1	38.072	3.726	1521	38.112	3.145	2000	38.159	2.891	2000	
-1	-1	-1	-1	-1	-1	-1	-1	-1	-1	-1	-1	-1	-1	-1	-1	-1	-1	-1	-1	-1	-1	-1	-1	33.068	3.794	1340	
-1	-1	-1	-1	-1	-1	-1	-1	-1	-1	-1	-1	-1	-1	-1	-1	-1	-1	-1	-1	-1	-1	-1	-1	-1	-1	-1	
-1	-1	-1	-1	-1	-1	-1	-1	-1	-1	-1	-1	-1	-1	-1	-1	-1	-1	-1	-1	-1	-1	-1	-1	-1	-1	-1	
-1	-1	-1	-1	-1	-1	-1	-1	-1	-1	-1	-1	-1	-1	-1	-1	-1	-1	-1	-1	-1	56.529	-1	1	51.906	4.822	1894	
-1	-1	-1	-1	-1	-1	-1	-1	-1	-1	-1	-1	-1	-1	-1	-1	-1	-1	60.315	5.069	746	60.011	4.314	2000	60.055	3.942	2000	
-1	-1	-1	-1	-1	-1	-1	-1	-1	-1	-1	-1	-1	-1	-1	64.789	5.205	1077	64.773	4.209	2000	64.794	3.688	2000	64.774	3.427	2000	
66.921	5.737	84	66.921	5.737	84	66.921	5.737	84	66.921	5.737	84	66.642	5.190	164	66.832	4.553	2000	66.793	3.808	2000	66.771	3.426	2000	66.789	3.292	2000	
67.830	5.218	1364	67.830	5.218	1364	67.830	5.218	1364	67.830	5.218	1364	67.853	5.165	1589	67.827	4.070	2000	67.864	3.499	2000	67.891	3.202	2000	67.845	3.052	2000	
68.491	5.316	1887	68.491	5.316	1887	68.491	5.316	1887	68.491	5.316	1887	68.474	5.269	1938	68.589	3.998	2000	68.543	3.428	2000	68.567	3.143	2000	68.593	3.026	2000	
68.678	5.186	1873	68.678	5.186	1873	68.678	5.186	1873	68.678	5.186	1873	68.661	5.134	1952	68.707	3.963	2000	68.743	3.347	2000	68.785	3.069	2000	68.774	2.985	2000	
68.593	5.223	1289	68.593	5.223	1289	68.593	5.223	1289	68.593	5.223	1289	68.700	5.169	1528	68.486	4.098	2000	68.448	3.524	2000	68.418	3.232	2000	68.417	3.086	2000	
67.639	4.762	98	67.639	4.762	98	67.639	4.762	98	67.639	4.762	98	67.100	5.138	160	67.385	4.536	2000	67.388	3.775	2000	67.394	3.395	2000	67.394	3.257	2000	
-1	-1	-1	-1	-1	-1	-1	-1	-1	-1	-1	-1	-1	-1	-1	65.536	5.464	1059	65.319	4.378	2000	65.253	3.807	2000	65.230	3.549	2000	
-1	-1	-1	-1	-1	-1	-1	-1	-1	-1	-1	-1	-1	-1	-1	-1	-1	-1	60.895	5.052	739	60.805	4.458	2000	60.883	4.015	2000	
-1	-1	-1	-1	-1	-1	-1	-1	-1	-1	-1	-1	-1	-1	-1	-1	-1	-1	-1	-1	-1	47.992	17.014	2	49.546	4.933	1889	
-1	-1	-1	-1	-1	-1	-1	-1	-1	-1	-1	-1	-1	-1	-1	-1	-1	-1	-1	-1	-1	-1	-1	-1	-1	-1	-1	
-1	-1	-1	-1	-1	-1	-1	-1	-1	-1	-1	-1	-1	-1	-1	-1	-1	-1	-1	-1	-1	-1	-1	-1	-1	-1	-1	
-1	-1	-1	-1	-1	-1	-1	-1	-1	-1	-1	-1	-1	-1	-1	-1	-1	-1	-1	-1	-1	-1	-1	-1	-1	-1	-1	
-1	-1	-1	-1	-1	-1	-1	-1	-1	-1	-1	-1	-1	-1	-1	-1	-1	-1	-1	-1	-1	-1	-1	-1	-1	-1	-1	
-1	-1	-1	-1	-1	-1	-1	-1	-1	-1	-1	-1	-1	-1	-1	-1	-1	-1	-1	-1	-1	62.339	5.731	1706	62.234	4.731	2000	
63.977	6.189	44	63.977	6.189	44	63.977	6.189	44	63.977	6.189	44	63.977	6.189	44	65.099	6.351	177	64.324	5.313	2000	64.268	4.522	2000	64.299	4.086	2000	
67.241	5.564	1999	67.241	5.564	1999	67.241	5.564	1999	67.241	5.564	1999	67.241	5.564	1999	67.253	5.405	1999	67.266	4.455	2000	67.220	3.985	2000	67.275	3.791	2000	
69.311	5.172	2000	69.311	5.172	2000	69.311	5.172	2000	69.311	5.172	2000	69.311	5.172	2000	69.356	5.047	2000	69.335	4.238	2000	69.353	3.831	2000	69.342	3.646	2000	
70.926	4.734	2000	70.926	4.734	2000	70.926	4.734	2000	70.926	4.734	2000	70.926	4.734	2000	70.892	4.620	2000	70.896	3.907	2000	70.939	3.597	2000	70.995	3.426	2000	
71.877	4.880	2000	71.877	4.880	2000	71.877	4.880	2000	71.877	4.880	2000	71.877	4.880	2000	71.865	4.788	2000	71.939	4.018	2000	71.895	3.602	2000	71.882	3.414	2000	
72.341	5.056	2000	72.341	5.056	2000	72.341	5.056	2000	72.341	5.056	2000	72.341	5.056	2000	72.332	4.901	2000	72.356	4.006	2000	72.360	3.570	2000	72.361	3.352	2000	
72.189	5.907	1995	72.189	5.907	1995	72.189	5.907	1995	72.189	5.907	1995	72.189	5.907	1995	72.185	5.693	2000	72.194	4.370	2000	72.234	3.707	2000	72.222	3.434	2000	
71.264	7.702	61	71.264	7.702	61	71.264	7.702	61	71.264	7.702	61	71.264	7.702	61	71.575	6.933	179	71.656	5.525	2000	71.626	4.388	2000	71.641	3.741	2000	
-1	-1	-1	-1	-1	-1	-1	-1	-1	-1	-1	-1	-1	-1	-1	-1	-1	-1	63	-1	1	70.635	6.277	1613	70.539	4.864	2000	
-1	-1	-1	-1	-1	-1	-1	-1	-1	-1	-1	-1	-1	-1	-1	-1	-1	-1	-1	-1	-1	-1	-1	-1	-1	-1	-1	
-1	-1	-1	-1	-1	-1	-1	-1	-1	-1	-1	-1	-1	-1	-1	-1	-1	-1	-1	-1	-1	-1	-1	-1	-1	-1	-1	
-1	-1	-1	-1	-1	-1	-1	-1	-1	-1	-1	-1	-1	-1	-1	-1	-1	-1	-1	-1	-1	-1	-1	-1	-1	-1	-1	
-1	-1	-1	-1	-1	-1	-1	-1	-1	-1	-1	-1	-1	-1	-1	-1	-1	-1	-1	-1	-1	-1	-1	-1	-1	-1	-1	
-1	-1	-1	-1	-1	-1	-1	-1	-1	-1	-1	-1	-1	-1	-1	-1	-1	-1	-1	-1	-1	-1	-1	-1	60.848	5.762	36	
-1	-1	-1	-1	-1	-1	-1	-1	-1	-1	-1	-1	-1	-1	-1	-1	-1	-1	63.958	8.839	33	63.435	6.256	1997	63.466	5.016	2000	
65.856	6.916	1906	65.856	6.916	1906	65.856	6.916	1906	65.856	6.916	1906	65.856	6.916	1906	65.856	6.916	1906	65.699	5.896	2000	65.683	4.871	2000	65.676	4.226	2000	
67.656	5.603	2000	67.656	5.603	2000	67.656	5.603	2000	67.656	5.603	2000	67.656	5.603	2000	67.656	5.603	2000	67.709	5.037	2000	67.734	4.324	2000	67.704	3.877	2000	
69.224	4.986	2000	69.224	4.986	2000	69.224	4.986	2000	69.224	4.986	2000	69.224	4.986	2000	69.224	4.986	2000	69.236	4.536	2000	69.138	3.960	2000	69.200	3.634	2000	
70.188	4.803	2000	70.188	4.803	2000	70.188	4.803	2000	70.188	4.803	2000	70.188	4.803	2000	70.188	4.803	2000	70.219	4.382	2000	70.171	3.813	2000	70.172	3.501	2000	
70.985	4.843	2000	70.985	4.843	2000	70.985	4.843	2000	70.985	4.843	2000	70.985	4.843	2000	70.985	4.843	2000	70.926	4.419	2000	70.967	3.847	2000	70.910	3.480	2000	
71.102	5.181	2000	71.102	5.181	2000	71.102	5.181	2000	71.102	5.181	2000	71.102	5.181	2000	71.102	5.181	2000	71.133	4.609	2000	71.154	3.934	2000	71.077	3.526	2000	
70.699	5.710	2000	70.699	5.710	2000	70.699	5.710	2000	70.699	5.710	2000	70.699	5.710	2000	70.699	5.710	2000	70.719	5.023	2000	70.742	4.150	2000	70.779	3.653	2000	
70.172	7.349	1914	70.172	7.349	1914	70.172	7.349	1914	70.172	7.349	1914	70.172	7.349	1914	70.172	7.349	1914	70.023	6.304	2000	69.969	4.916	2000	70.012	4.126	2000	
-1	-1	-1	-1	-1	-1	-1	-1	-1	-1	-1	-1	-1	-1	-1	-1	-1	-1	68.597	7.935	23	68.944	6.726	1992	68.923	5.163	2000	
-1	-1	-1	-1	-1	-1	-1	-1	-1	-1	-1	-1	-1	-1	-1	-1	-1	-1	-1	-1	-1	-1	-1	-1	65.933	8.519	36	
-1	-1	-1	-1	-1	-1	-1	-1	-1	-1	-1	-1	-1	-1	-1	-1	-1	-1	-1	-1	-1	-1	-1	-1	-1	-1	-1	
-1	-1	-1	-1	-1	-1	-1	-1	-1	-1	-1	-1	-1	-1	-1	-1	-1	-1	-1	-1	-1	-1	-1	-1	-1	-1	-1	
-1	-1	-1	-1	-1	-1	-1	-1	-1	-1	-1	-1	-1	-1	-1	-1	-1	-1	-1	-1	-1	-1	-1	-1	-1	-1	-1	
-1	-1	-1	-1	-1	-1	-1	-1	-1	-1	-1	-1	-1	-1	-1	-1	-1	-1	-1	-1	-1	-1	-1	-1	-1	-1	-1	
-1	-1	-1	-1	-1	-1	-1	-1	-1	-1	-1	-1	-1	-1	-1	-1	-1	-1	-1	-1	-1	-1	-1	-1	-1	-1	-1	
-1	-1	-1	-1	-1	-1	-1	-1	-1	-1	-1	-1	-1	-1	-1	-1	-1	-1	-1	-1	-1	58.746	4.934	5	60.645	5.891	1950	
63.203	6.610	873	63.203	6.610	873	63.203	6.610	873	63.203	6.610	873	63.203	6.610	873	63.203	6.610	873	63.221	6.473	1309	63.097	5.139	2000	63.089	4.408	2000	
65.021	5.246	2000	65.021	5.246	2000	65.021	5.246	2000	65.021	5.246	2000	65.021	5.246	2000	65.021	5.246	2000	65.030	5.126	2000	65.135	4.336	2000	65.179	3.934	2000	
66.587	4.564	2000	66.587	4.564	2000	66.587	4.564	2000	66.587	4.564	2000	66.587	4.564	2000	66.587	4.564	2000	66.578	4.472	2000	66.635	3.986	2000	66.637	3.710	2000	
67.578	4.307	2000	67.578	4.307	2000	67.578	4.307	2000	67.578	4.307	2000	67.578	4.307	2000	67.578	4.307	2000	67.570	4.214	2000	67.611	3.866	2000	67.582	3.610	2000	
67.976	4.215	2000	67.976	4.215	2000	67.976	4.215	2000	67.976	4.215	2000	67.976	4.215	2000	67.976	4.215	2000	67.966	4.169	2000	67.945	3.770	2000	67.955	3.472	2000	
68.146	4.315	2000	68.146	4.315	2000	68.146	4.315	2000	68.146	4.315	2000	68.146	4.315	2000	68.146	4.315	2000	68.134	4.249	2000	68.143	3.798	2000	68.129	3.529	2000	
67.725	4.674	2000	67.725	4.674	2000	67.725	4.674	2000	67.725	4.674	2000	67.725	4.674	2000	67.725	4.674	2000	67.693	4.581	2000	67.721	4.017	2000	67.670	3.717	2000	
66.913	5.409	2000	66.913	5.409	2000	66.913	5.409	2000	66.913	5.409	2000	66.913	5.409	2000	66.913	5.409	2000	66.922	5.239	2000	66.920	4.407	2000	66.937	3.876	2000	
65.347	6.773	880	65.347	6.773	880	65.347	6.773	880	65.347	6.773	880	65.347	6.773	880	65.347	6.773	880	65.486	6.709	1332	65.561	5.325	2000	65.597	4.434	2000	
-1	-1	-1	-1	-1	-1	-1	-1	-1	-1	-1	-1	-1	-1	-1	-1	-1	-1	-1	-1	-1	66.005	8.161	6	63.603	6.058	1949	
-1	-1	-1	-1	-1	-1	-1	-1	-1	-1	-1	-1	-1	-1	-1	-1	-1	-1	-1	-1	-1	-1	-1	-1	-1	-1	-1	
-1	-1	-1	-1	-1	-1	-1	-1	-1	-1	-1	-1	-1	-1	-1	-1	-1	-1	-1	-1	-1	-1	-1	-1	-1	-1	-1	
-1	-1	-1	-1	-1	-1	-1	-1	-1	-1	-1	-1	-1	-1	-1	-1	-1	-1	-1	-1	-1	-1	-1	-1	-1	-1	-1	
-1	-1	-1	-1	-1	-1	-1	-1	-1	-1	-1	-1	-1	-1	-1	-1	-1	-1	-1	-1	-1	-1	-1	-1	-1	-1	-1	
-1	-1	-1	-1	-1	-1	-1	-1	-1	-1	-1	-1	-1	-1	-1	-1	-1	-1	-1	-1	-1	-1	-1	-1	-1	-1	-1	
-1	-1	-1	-1	-1	-1	-1	-1	-1	-1	-1	-1	-1	-1	-1	-1	-1	-1	-1	-1	-1	-1	-1	-1	-1	-1	-1	
-1	-1	-1	-1	-1	-1	-1	-1	-1	-1	-1	-1	-1	-1	-1	-1	-1	-1	-1	-1	-1	-1	-1	-1	-1	-1	-1	
48.959	4.277	612	48.959	4.277	612	48.959	4.277	612	48.959	4.277	612	48.959	4.277	612	48.959	4.277	612	48.959	4.277	612	48.865	4.250	1538	48.998	3.296	2000	
50.045	2.910	2000	50.045	2.910	2000	50.045	2.910	2000	50.045	2.910	2000	50.045	2.910	2000	50.045	2.910	2000	50.045	2.910	2000	50.073	2.814	2000	50.031	2.467	2000	
50.650	2.568	2000	50.650	2.568	2000	50.650	2.568	2000	50.650	2.568	2000	50.650	2.568	2000	50.650	2.568	2000	50.650	2.568	2000	50.634	2.499	2000	50.655	2.323	2000	
50.952	2.376	2000	50.952	2.376	2000	50.952	2.376	2000	50.952	2.376	2000	50.952	2.376	2000	50.952	2.376	2000	50.952	2.376	2000	50.943	2.338	2000	50.932	2.237	2000	
50.954	2.223	2000	50.954	2.223	2000	50.954	2.223	2000	50.954	2.223	2000	50.954	2.223	2000	50.954	2.223	2000	50.954	2.223	2000	50.942	2.193	2000	50.926	2.143	2000	
50.668	2.375	2000	50.668	2.375	2000	50.668	2.375	2000	50.668	2.375	2000	50.668	2.375	2000	50.668	2.375	2000	50.668	2.375	2000	50.678	2.312	2000	50.668	2.222	2000	
50.046	2.510	2000	50.046	2.510	2000	50.046	2.510	2000	50.046	2.510	2000	50.046	2.510	2000	50.046	2.510	2000	50.046	2.510	2000	50.040	2.432	2000	50.067	2.280	2000	
49.378	2.965	2000	49.378	2.965	2000	49.378	2.965	2000	49.378	2.965	2000	49.378	2.965	2000	49.378	2.965	2000	49.378	2.965	2000	49.388	2.843	2000	49.384	2.517	2000	
48.291	4.600	628	48.291	4.600	628	48.291	4.600	628	48.291	4.600	628	48.291	4.600	628	48.291	4.600	628	48.291	4.600	628	48.185	4.319	1532	48.143	3.308	2000	
-1	-1	-1	-1	-1	-1	-1	-1	-1	-1	-1	-1	-1	-1	-1	-1	-1	-1	-1	-1	-1	-1	-1	-1	-1	-1	-1	
-1	-1	-1	-1	-1	-1	-1	-1	-1	-1	-1	-1	-1	-1	-1	-1	-1	-1	-1	-1	-1	-1	-1	-1	-1	-1	-1	
-1	-1	-1	-1	-1	-1	-1	-1	-1	-1	-1	-1	-1	-1	-1	-1	-1	-1	-1	-1	-1	-1	-1	-1	-1	-1	-1	
-1	-1	-1	-1	-1	-1	-1	-1	-1	-1	-1	-1	-1	-1	-1	-1	-1	-1	-1	-1	-1	-1	-1	-1	-1	-1	-1	
-1	-1	-1	-1	-1	-1	-1	-1	-1	-1	-1	-1	-1	-1	-1	-1	-1	-1	-1	-1	-1	-1	-1	-1	-1	-1	-1	
-1	-1	-1	-1	-1	-1	-1	-1	-1	-1	-1	-1	-1	-1	-1	-1	-1	-1	-1	-1	-1	-1	-1	-1	-1	-1	-1	
-1	-1	-1	-1	-1	-1	-1	-1	-1	-1	-1	-1	-1	-1	-1	-1	-1	-1	-1	-1	-1	-1	-1	-1	-1	-1	-1	
-1	-1	-1	-1	-1	-1	-1	-1	-1	-1	-1	-1	-1	-1	-1	-1	-1	-1	-1	-1	-1	47	2.828	2	48.307	4.248	1837	
-1	-1	-1	-1	-1	-1	-1	-1	-1	-1	-1	-1	-1	-1	-1	-1	-1	-1	48.687	4.417	148	48.943	3.813	2000	48.868	3.210	2000	
48.871	4.411	1218	48.871	4.411	1218	48.871	4.411	1218	48.871	4.411	1218	48.871	4.411	1218	48.871	4.411	1218	48.908	3.719	2000	48.876	3.209	2000	48.931	2.982	2000	
48.660	3.777	2000	48.660	3.777	2000	48.660	3.777	2000	48.660	3.777	2000	48.660	3.777	2000	48.660	3.777	2000	48.631	3.362	2000	48.597	2.982	2000	48.599	2.817	2000	
47.973	3.468	2000	47.973	3.468	2000	47.973	3.468	2000	47.973	3.468	2000	47.973	3.468	2000	47.973	3.468	2000	47.956	3.148	2000	47.943	2.963	2000	47.961	2.860	2000	
47.021	3.332	2000	47.021	3.332	2000	47.021	3.332	2000	47.021	3.332	2000	47.021	3.332	2000	47.021	3.332	2000	46.984	3.151	2000	46.965	2.978	2000	46.957	2.916	2000	
45.651	3.372	2000	45.651	3.372	2000	45.651	3.372	2000	45.651	3.372	2000	45.651	3.372	2000	45.651	3.372	2000	45.637	3.195	2000	45.649	3.076	2000	45.651	3.014	2000	
43.719	3.463	2000	43.719	3.463	2000	43.719	3.463	2000	43.719	3.463	2000	43.719	3.463	2000	43.719	3.463	2000	43.756	3.305	2000	43.731	3.231	2000	43.732	3.192	2000	
41.187	3.628	2000	41.187	3.628	2000	41.187	3.628	2000	41.187	3.628	2000	41.187	3.628	2000	41.187	3.628	2000	41.212	3.496	2000	41.212	3.423	2000	41.219	3.372	2000	
37.255	3.955	2000	37.255	3.955	2000	37.255	3.955	2000	37.255	3.955	2000	37.255	3.955	2000	37.255	3.955	2000	37.264	3.775	2000	37.248	3.688	2000	37.248	3.653	2000	
30.578	4.102	1199	30.578	4.102	1199	30.578	4.102	1199	30.578	4.102	1199	30.578	4.102	1199	30.578	4.102	1199	30.532	4.021	2000	30.533	3.927	2000	30.533	3.911	2000	
-1	-1	-1	-1	-1	-1	-1	-1	-1	-1	-1	-1	-1	-1	-1	-1	-1	-1	4.986	2.144	138	4.919	2.161	1992	4.919	2.161	1992	
-1	-1	-1	-1	-1	-1	-1	-1	-1	-1	-1	-1	-1	-1	-1	-1	-1	-1	-1	-1	-1	-1	-1	-1	5.310	2.237	1826	
-1	-1	-1	-1	-1	-1	-1	-1	-1	-1	-1	-1	-1	-1	-1	-1	-1	-1	-1	-1	-1	-1	-1	-1	-1	-1	-1	
-1	-1	-1	-1	-1	-1	-1	-1	-1	-1	-1	-1	-1	-1	-1	-1	-1	-1	-1	-1	-1	-1	-1	-1	-1	-1	-1	
-1	-1	-1	-1	-1	-1	-1	-1	-1	-1	-1	-1	-1	-1	-1	-1	-1	-1	-1	-1	-1	-1	-1	-1	-1	-1	-1	
-1	-1	-1	-1	-1	-1	-1	-1	-1	-1	-1	-1	-1	-1	-1	-1	-1	-1	-1	-1	-1	-1	-1	-1	39.636	3.817	1674	
40.868	3.682	1857	40.868	3.682	1857	40.868	3.682	1857	40.868	3.682	1857	40.868	3.682	1857	40.868	3.682	1857	40.868	3.682	1857	40.816	3.410	2000	40.834	3.035	2000	
41.187	3.241	2000	41.187	3.241	2000	41.187	3.241	2000	41.187	3.241	2000	41.187	3.241	2000	41.187	3.241	2000	41.187	3.241	2000	41.172	3.056	2000	41.224	2.890	2000	
41.026	3.038	2000	41.026	3.038	2000	41.026	3.038	2000	41.026	3.038	2000	41.026	3.038	2000	41.026	3.038	2000	41.026	3.038	2000	41.033	2.951	2000	41.055	2.830	2000	
40.504	2.952	2000	40.504	2.952	2000	40.504	2.952	2000	40.504	2.952	2000	40.504	2.952	2000	40.504	2.952	2000	40.504	2.952	2000	40.493	2.881	2000	40.496	2.834	2000	
39.612	3.124	2000	39.612	3.124	2000	39.612	3.124	2000	39.612	3.124	2000	39.612	3.124	2000	39.612	3.124	2000	39.612	3.124	2000	39.628	3.078	2000	39.615	2.994	2000	
38.440	3.093	2000	38.440	3.093	2000	38.440	3.093	2000	38.440	3.093	2000	38.440	3.093	2000	38.440	3.093	2000	38.440	3.093	2000	38.437	3.050	2000	38.420	3.020	2000	
36.683	3.299	2000	36.683	3.299	2000	36.683	3.299	2000	36.683	3.299	2000	36.683	3.299	2000	36.683	3.299	2000	36.683	3.299	2000	36.688	3.265	2000	36.679	3.225	2000	
34.809	3.363	2000	34.809	3.363	2000	34.809	3.363	2000	34.809	3.363	2000	34.809	3.363	2000	34.809	3.363	2000	34.809	3.363	2000	34.815	3.332	2000	34.813	3.305	2000	
32.229	3.499	2000	32.229	3.499	2000	32.229	3.499	2000	32.229	3.499	2000	32.229	3.499	2000	32.229	3.499	2000	32.229	3.499	2000	32.225	3.476	2000	32.217	3.457	2000	
27.973	3.687	2000	27.973	3.687	2000	27.973	3.687	2000	27.973	3.687	2000	27.973	3.687	2000	27.973	3.687	2000	27.973	3.687	2000	27.966	3.675	2000	27.978	3.668	2000	
21.504	3.961	2000	21.504	3.961	2000	21.504	3.961	2000	21.504	3.961	2000	21.504	3.961	2000	21.504	3.961	2000	21.504	3.961	2000	21.504	3.957	2000	21.504	3.961	2000	
12.636	3.391	2000	12.636	3.391	2000	12.636	3.391	2000	12.636	3.391	2000	12.636	3.391	2000	12.636	3.391	2000	12.636	3.391	2000	12.637	3.391	2000	12.637	3.390	2000	
7.918	2.739	1999	7.918	2.739	1999	7.918	2.739	1999	7.918	2.739	1999	7.918	2.739	1999	7.918	2.739	1999	7.918	2.739	1999	7.918	2.739	1999	7.918	2.739	1999	
6.252	2.468	1995	6.252	2.468	1995	6.252	2.468	1995	6.252	2.468	1995	6.252	2.468	1995	6.252	2.468	1995	6.252	2.468	1995	6.252	2.467	1995	6.252	2.467	1995	
5.108	2.208	1988	5.108	2.208	1988	5.108	2.208	1988	5.108	2.208	1988	5.108	2.208	1988	5.108	2.208	1988	5.108	2.208	1988	5.108	2.208	1988	5.108	2.208	1988	
4.453	2.034	1857	4.453	2.034	1857	4.453	2.034	1857	4.453	2.034	1857	4.453	2.034	1857	4.453	2.034	1857	4.453	2.034	1857	4.454	2.041	1982	4.454	2.041	1982	
-1	-1	-1	-1	-1	-1	-1	-1	-1	-1	-1	-1	-1	-1	-1	-1	-1	-1	-1	-1	-1	5	-1	1	3.681	1.807	1650	
-1	-1	-1	-1	-1	-1	-1	-1	-1	-1	-1	-1	-1	-1	-1	-1	-1	-1	-1	-1	-1	-1	-1	-1	-1	-1	-1	
35.231	3.883	1460	35.231	3.883	1460	35.231	3.883	1460	35.231	3.883	1460	35.231	3.883	1460	35.231	3.883	1460	35.231	3.883	1460	35.231	3.883	1460	35.238	3.781	1949	
35.198	3.354	2000	35.198	3.354	2000	35.198	3.354	2000	35.198	3.354	2000	35.198	3.354	2000	35.198	3.354	2000	35.198	3.354	2000	35.198	3.354	2000	35.206	3.309	2000	
34.767	3.302	2000	34.767	3.302	2000	34.767	3.302	2000	34.767	3.302	2000	34.767	3.302	2000	34.767	3.302	2000	34.767	3.302	2000	34.767	3.302	2000	34.765	3.293	2000	
34.005	3.300	2000	34.005	3.300	2000	34.005	3.300	2000	34.005	3.300	2000	34.005	3.300	2000	34.005	3.300	2000	34.005	3.300	2000	34.005	3.300	2000	34.003	3.285	2000	
32.979	3.357	2000	32.979	3.357	2000	32.979	3.357	2000	32.979	3.357	2000	32.979	3.357	2000	32.979	3.357	2000	32.979	3.357	2000	32.979	3.357	2000	32.982	3.341	2000	
31.470	3.493	2000	31.470	3.493	2000	31.470	3.493	2000	31.470	3.493	2000	31.470	3.493	2000	31.470	3.493	2000	31.470	3.493	2000	31.470	3.493	2000	31.473	3.488	2000	
29.245	3.539	2000	29.245	3.539	2000	29.245	3.539	2000	29.245	3.539	2000	29.245	3.539	2000	29.245	3.539	2000	29.245	3.539	2000	29.245	3.539	2000	29.248	3.536	2000	
27.948	3.574	2000	27.948	3.574	2000	27.948	3.574	2000	27.948	3.574	2000	27.948	3.574	2000	27.948	3.574	2000	27.948	3.574	2000	27.948	3.574	2000	27.948	3.575	2000	
24.897	3.727	2000	24.897	3.727	2000	24.897	3.727	2000	24.897	3.727	2000	24.897	3.727	2000	24.897	3.727	2000	24.897	3.727	2000	24.897	3.727	2000	24.896	3.722	2000	
14.233	3.600	2000	14.233	3.600	2000	14.233	3.600	2000	14.233	3.600	2000	14.233	3.600	2000	14.233	3.600	2000	14.233	3.600	2000	14.233	3.600	2000	14.233	3.601	2000	
7.437	2.644	1999	7.437	2.644	1999	7.437	2.644	1999	7.437	2.644	1999	7.437	2.644	1999	7.437	2.644	1999	7.437	2.644	1999	7.437	2.644	1999	7.436	2.644	1999	
6.090	2.334	2000	6.090	2.334	2000	6.090	2.334	2000	6.090	2.334	2000	6.090	2.334	2000	6.090	2.334	2000	6.090	2.334	2000	6.090	2.334	2000	6.090	2.334	2000	
5.054	2.215	1990	5.054	2.215	1990	5.054	2.215	1990	5.054	2.215	1990	5.054	2.215	1990	5.054	2.215	1990	5.054	2.215	1990	5.054	2.215	1990	5.054	2.215	1990	
4.334	2.008	1978	4.334	2.008	1978	4.334	2.008	1978	4.334	2.008	1978	4.334	2.008	1978	4.334	2.008	1978	4.334	2.008	1978	4.334	2.008	1978	4.334	2.008	1978	
3.236	1.647	1916	3.236	1.647	1916	3.236	1.647	1916	3.236	1.647	1916	3.236	1.647	1916	3.236	1.647	1916	3.236	1.647	1916	3.236	1.647	1916	3.236	1.647	1916	
2.548	1.369	1330	2.548	1.369	1330	2.548	1.369	1330	2.548	1.369	1330	2.548	1.369	1330	2.548	1.369	1330	2.548	1.369	1330	2.548	1.369	1330	2.552	1.356	1740	
-1	-1	-1	-1	-1	-1	-1	-1	-1	-1	-1	-1	-1	-1	-1	-1	-1	-1	-1	-1	-1	-1	-1	-1	-1	-1	-1	
-1	-1	-1	-1	-1	-1	-1	-1	-1	-1	-1	-1	-1	-1	-1	-1	-1	-1	-1	-1	-1	-1	-1	-1	-1	-1	-1	
-1	-1	-1	-1	-1	-1	-1	-1	-1	-1	-1	-1	-1	-1	-1	-1	-1	-1	-1	-1	-1	-1	-1	-1	-1	-1	-1	
29.803	3.929	2000	29.803	3.929	2000	29.803	3.929	2000	29.803	3.929	2000	29.803	3.929	2000	29.803	3.929	2000	29.803	3.929	2000	29.803	3.929	2000	29.802	3.925	2000	
29.309	3.896	2000	29.309	3.896	2000	29.309	3.896	2000	29.309	3.896	2000	29.309	3.896	2000	29.309	3.896	2000	29.309	3.896	2000	29.309	3.896	2000	29.311	3.898	2000	
28.455	3.759	2000	28.455	3.759	2000	28.455	3.759	2000	28.455	3.759	2000	28.455	3.759	2000	28.455	3.759	2000	28.455	3.759	2000	28.455	3.759	2000	28.457	3.761	2000	
27.265	3.870	2000	27.265	3.870	2000	27.265	3.870	2000	27.265	3.870	2000	27.265	3.870	2000	27.265	3.870	2000	27.265	3.870	2000	27.265	3.870	2000	27.265	3.870	2000	
26.661	3.963	2000	26.661	3.963	2000	26.661	3.963	2000	26.661	3.963	2000	26.661	3.963	2000	26.661	3.963	2000	26.661	3.963	2000	26.661	3.963	2000	26.662	3.964	2000	
22.672	3.996	2000	22.672	3.996	2000	22.672	3.996	2000	22.672	3.996	2000	22.672	3.996	2000	22.672	3.996	2000	22.672	3.996	2000	22.672	3.996	2000	22.673	3.997	2000	
17.086	3.732	2000	17.086	3.732	2000	17.086	3.732	2000	17.086	3.732	2000	17.086	3.732	2000	17.086	3.732	2000	17.086	3.732	2000	17.086	3.732	2000	17.086	3.733	2000	
10.759	3.212	2000	10.759	3.212	2000	10.759	3.212	2000	10.759	3.212	2000	10.759	3.212	2000	10.759	3.212	2000	10.759	3.212	2000	10.759	3.212	2000	10.759	3.212	2000	
4.244	1.956	1978	4.244	1.956	1978	4.244	1.956	1978	4.244	1.956	1978	4.244	1.956	1978	4.244	1.956	1978	4.244	1.956	1978	4.244	1.956	1978	4.244	1.956	1978	
-1	-1	-1	-1	-1	-1	-1	-1	-1	-1	-1	-1	-1	-1	-1	-1	-1	-1	-1	-1	-1	-1	-1	-1	-1	-1	-1	
-1	-1	-1	-1	-1	-1	-1	-1	-1	-1	-1	-1	-1	-1	-1	-1	-1	-1	-1	-1	-1	-1	-1	-1	-1	-1	-1	
-1	-1	-1	-1	-1	-1	-1	-1	-1	-1	-1	-1	-1	-1	-1	-1	-1	-1	-1	-1	-1	-1	-1	-1	-1	-1	-1	
22.778	4.026	2000	22.778	4.026	2000	22.778	4.026	2000	22.778	4.026	2000	22.778	4.026	2000	22.778	4.026	2000	22.778	4.026	2000	22.778	4.026	2000	22.778	4.026	2000	
23.154	4.069	2000	23.154	4.069	2000	23.154	4.069	2000	23.154	4.069	2000	23.154	4.069	2000	23.154	4.069	2000	23.154	4.069	2000	23.154	4.069	2000	23.154	4.069	2000	
22.767	3.987	2000	22.767	3.987	2000	22.767	3.987	2000	22.767	3.987	2000	22.767	3.987	2000	22.767	3.987	2000	22.767	3.987	2000	22.767	3.987	2000	22.767	3.987	2000	
21.726	3.960	2000	21.726	3.960	2000	21.726	3.960	2000	21.726	3.960	2000	21.726	3.960	2000	21.726	3.960	2000	21.726	3.960	2000	21.726	3.960	2000	21.726	3.960	2000	
22.081	3.922	2000	22.081	3.922	2000	22.081	3.922	2000	22.081	3.922	2000	22.081	3.922	2000	22.081	3.922	2000	22.081	3.922	2000	22.081	3.922	2000	22.081	3.922	2000	
16.512	3.843	2000	16.512	3.843	2000	16.512	3.843	2000	16.512	3.843	2000	16.512	3.843	2000	16.512	3.843	2000	16.512	3.843	2000	16.512	3.843	2000	16.512	3.843	2000	
11.633	3.278	2000	11.633	3.278	2000	11.633	3.278	2000	11.633	3.278	2000	11.633	3.278	2000	11.633	3.278	2000	11.633	3.278	2000	11.633	3.278	2000	11.633	3.278	2000	
7.476	2.761	2000	7.476	2.761	2000	7.476	2.761	2000	7.476	2.761	2000	7.476	2.761	2000	7.476	2.761	2000	7.476	2.761	2000	7.476	2.761	2000	7.476	2.761	2000	
3.869	1.908	1957	3.869	1.908	1957	3.869	1.908	1957	3.869	1.908	1957	3.869	1.908	1957	3.869	1.908	1957	3.869	1.908	1957	3.869	1.908	1957	3.869	1.908	1957	
-1	-1	-1	-1	-1	-1	-1	-1	-1	-1	-1	-1	-1	-1	-1	-1	-1	-1	-1	-1	-1	-1	-1	-1	-1	-1	-1	
-1	-1	-1	-1	-1	-1	-1	-1	-1	-1	-1	-1	-1	-1	-1	-1	-1	-1	-1	-1	-1	-1	-1	-1	-1	-1	-1	
-1	-1	-1	-1	-1	-1	-1	-1	-1	-1	-1	-1	-1	-1	-1	-1	-1	-1	-1	-1	-1	-1	-1	-1	-1	-1	-1	
17.903	4.076	2000	17.903	4.076	2000	17.903	4.076	2000	17.903	4.076	2000	17.903	4.076	2000	17.903	4.076	2000	17.903	4.076	2000	17.903	4.076	2000	17.903	4.076	2000	
18.647	4.012	2000	18.647	4.012	2000	18.647	4.012	2000	18.647	4.012	2000	18.647	4.012	2000	18.647	4.012	2000	18.647	4.012	2000	18.647	4.012	2000	18.647	4.012	2000	
15.396	3.786	2000	15.396	3.786	2000	15.396	3.786	2000	15.396	3.786	2000	15.396	3.786	2000	15.396	3.786	2000	15.396	3.786	2000	15.396	3.786	2000	15.396	3.786	2000	
11.189	3.311	2000	11.189	3.311	2000	11.189	3.311	2000	11.189	3.311	2000	11.189	3.311	2000	11.189	3.311	2000	11.189	3.311	2000	11.189	3.311	2000	11.189	3.311	2000	
7.637	2.758	2000	7.637	2.758	2000	7.637	2.758	2000	7.637	2.758	2000	7.637	2.758	2000	7.637	2.758	2000	7.637	2.758	2000	7.637	2.758	2000	7.637	2.758	2000	
4.927	2.218	1989	4.927	2.218	1989	4.927	2.218	1989	4.927	2.218	1989	4.927	2.218	1989	4.927	2.218	1989	4.927	2.218	1989	4.927	2.218	1989	4.927	2.218	1989	
-1	-1	-1	-1	-1	-1	-1	-1	-1	-1	-1	-1	-1	-1	-1	-1	-1	-1	-1	-1	-1	-1	-1	-1	-1	-1	-1	
-1	-1	-1	-1	-1	-1	-1	-1	-1	-1	-1	-1	-1	-1	-1	-1	-1	-1	-1	-1	-1	-1	-1	-1	-1	-1	-1	
-1	-1	-1	-1	-1	-1	-1	-1	-1	-1	-1	-1	-1	-1	-1	-1	-1	-1	-1	-1	-1	-1	-1	-1	-1	-1	-1	
10.838	3.306	1988	10.838	3.306	1988	10.838	3.306	1988	10.838	3.306	1988	10.838	3.306	1988	10.838	3.306	1988	10.838	3.306	1988	10.838	3.306	1988	10.838	3.306	1988	
12.546	3.482	2000	12.546	3.482	2000	12.546	3.482	2000	12.546	3.482	2000	12.546	3.482	2000	12.546	3.482	2000	12.546	3.482	2000	12.546	3.482	2000	12.546	3.482	2000	
13.750	3.690	2000	13.750	3.690	2000	13.750	3.690	2000	13.750	3.690	2000	13.750	3.690	2000	13.750	3.690	2000	13.750	3.690	2000	13.750	3.690	2000	13.750	3.690	2000	
10.012	3.028	2000	10.012	3.028	2000	10.012	3.028	2000	10.012	3.028	2000	10.012	3.028	2000	10.012	3.028	2000	10.012	3.028	2000	10.012	3.028	2000	10.012	3.028	2000	
7.040	2.596	2000	7.040	2.596	2000	7.040	2.596	2000	7.040	2.596	2000	7.040	2.596	2000	7.040	2.596	2000	7.040	2.596	2000	7.040	2.596	2000	7.040	2.596	2000	
4.858	2.167	1982	4.858	2.167	1982	4.858	2.167	1982	4.858	2.167	1982	4.858	2.167	1982	4.858	2.167	1982	4.858	2.167	1982	4.858	2.167	1982	4.858	2.167	1982	
2.417	1.346	1780	2.417	1.346	1780	2.417	1.346	1780	2.417	1.346	1780	2.417	1.346	1780	2.417	1.346	1780	2.417	1.346	1780	2.417	1.346	1780	2.417	1.346	1780	
-1	-1	-1	-1	-1	-1	-1	-1	-1	-1	-1	-1	-1	-1	-1	-1	-1	-1	-1	-1	-1	-1	-1	-1	-1	-1	-1	
