-1	-1	-1	-1	-1	-1	-1	-1	-1	-1	-1	-1	-1	-1	-1	-1	-1	-1	-1	-1	-1	-1	-1	-1	-1	-1	-1	
-1	-1	-1	-1	-1	-1	-1	-1	-1	-1	-1	-1	-1	-1	-1	-1	-1	-1	-1	-1	-1	-1	-1	-1	-1	-1	-1	
-1	-1	-1	-1	-1	-1	-1	-1	-1	-1	-1	-1	-1	-1	-1	1.667	0.577	3	1.628	0.943	62	1.657	0.875	514	1.670	0.839	1233	
2.048	0.898	1719	2.048	0.898	1719	2.049	0.898	1719	2.055	0.899	1719	2.051	0.899	1719	2.049	0.897	1719	2.049	0.898	1719	2.047	0.895	1719	2.047	0.895	1719	
2.109	0.930	1740	2.109	0.930	1740	2.110	0.930	1740	2.111	0.930	1740	2.111	0.931	1740	2.110	0.930	1740	2.109	0.929	1740	2.109	0.929	1740	2.109	0.929	1740	
2.083	0.921	1731	2.083	0.921	1731	2.083	0.921	1731	2.088	0.921	1731	2.086	0.924	1731	2.081	0.916	1731	2.081	0.919	1731	2.082	0.921	1731	2.083	0.923	1731	
-1	-1	-1	-1	-1	-1	-1	-1	-1	-1	-1	-1	-1	-1	-1	1.400	0.548	5	1.981	1.093	70	2.131	1.070	643	2.173	1.139	1586	
-1	-1	-1	-1	-1	-1	-1	-1	-1	-1	-1	-1	-1	-1	-1	-1	-1	-1	-1	-1	-1	-1	-1	-1	-1	-1	-1	
-1	-1	-1	-1	-1	-1	-1	-1	-1	-1	-1	-1	-1	-1	-1	-1	-1	-1	-1	-1	-1	-1	-1	-1	-1	-1	-1	
-1	-1	-1	-1	-1	-1	-1	-1	-1	-1	-1	-1	-1	-1	-1	-1	-1	-1	1	-1	1	1.111	0.319	36	1.196	0.468	358	
1.444	0.652	36	1.444	0.652	36	1.444	0.652	36	1.366	0.637	164	1.409	0.668	751	1.391	0.646	1007	1.369	0.599	1007	1.352	0.571	1007	1.349	0.565	1007	
1.664	0.841	1287	1.664	0.841	1287	1.665	0.842	1287	1.655	0.830	1356	1.603	0.734	1357	1.572	0.696	1357	1.567	0.688	1357	1.566	0.688	1357	1.566	0.688	1357	
2.032	1.004	1651	2.031	1.001	1651	2.042	1.022	1651	2.011	0.975	1651	1.938	0.891	1651	1.931	0.883	1651	1.931	0.884	1651	1.932	0.885	1651	1.932	0.884	1651	
2.599	1.137	1847	2.597	1.135	1847	2.614	1.149	1847	2.574	1.106	1847	2.530	1.077	1847	2.524	1.070	1847	2.523	1.068	1847	2.523	1.066	1847	2.524	1.068	1847	
2.789	1.167	1919	2.788	1.167	1919	2.809	1.183	1919	2.779	1.162	1919	2.724	1.116	1919	2.720	1.113	1919	2.721	1.113	1919	2.723	1.114	1919	2.723	1.115	1919	
2.923	1.282	1915	2.921	1.279	1915	2.959	1.321	1915	2.888	1.228	1915	2.755	1.117	1915	2.749	1.111	1915	2.744	1.105	1915	2.745	1.106	1915	2.746	1.106	1915	
3.033	1.507	1808	3.034	1.507	1808	3.052	1.530	1808	3.006	1.499	1902	2.731	1.197	1905	2.649	1.113	1905	2.644	1.106	1905	2.642	1.100	1905	2.642	1.097	1905	
2.727	1.435	64	2.727	1.435	64	2.708	1.413	64	2.808	1.412	313	2.820	1.423	1393	2.743	1.338	1850	2.559	1.121	1853	2.491	1.061	1853	2.485	1.055	1853	
-1	-1	-1	-1	-1	-1	-1	-1	-1	-1	-1	-1	-1	-1	-1	-1	-1	-1	2.311	0.484	6	2.468	1.294	127	2.437	1.261	900	
-1	-1	-1	-1	-1	-1	-1	-1	-1	-1	-1	-1	-1	-1	-1	-1	-1	-1	-1	-1	-1	-1	-1	-1	-1	-1	-1	
-1	-1	-1	-1	-1	-1	-1	-1	-1	-1	-1	-1	-1	-1	-1	-1	-1	-1	-1	-1	-1	-1	-1	-1	-1	-1	-1	
2.078	1.035	159	2.078	1.035	159	2.078	1.035	159	2.078	1.035	159	2.078	1.035	159	2.045	1.117	701	2.068	1.087	1555	1.982	0.973	1654	1.920	0.882	1654	
2.370	1.037	1827	2.369	1.036	1827	2.386	1.056	1827	2.436	1.117	1827	2.381	1.055	1827	2.333	1.015	1827	2.327	1.014	1827	2.327	1.013	1827	2.326	1.014	1827	
2.756	1.114	1912	2.756	1.114	1912	2.756	1.114	1912	2.758	1.113	1912	2.760	1.116	1912	2.756	1.110	1912	2.753	1.105	1912	2.754	1.106	1912	2.754	1.105	1912	
3.630	1.161	1982	3.630	1.161	1982	3.630	1.161	1982	3.631	1.161	1982	3.632	1.162	1982	3.631	1.157	1982	3.628	1.150	1982	3.628	1.147	1982	3.629	1.149	1982	
3.647	1.171	1983	3.647	1.171	1983	3.647	1.171	1983	3.648	1.169	1983	3.648	1.171	1983	3.647	1.169	1983	3.646	1.164	1983	3.648	1.164	1983	3.647	1.162	1983	
3.635	1.179	1985	3.633	1.179	1985	3.661	1.204	1985	3.785	1.328	1985	3.684	1.247	1985	3.577	1.139	1985	3.570	1.128	1985	3.567	1.122	1985	3.571	1.124	1985	
3.845	1.721	223	3.845	1.721	223	3.860	1.752	223	3.870	1.753	223	3.860	1.752	223	3.929	1.742	866	3.929	1.714	1870	3.528	1.373	1980	3.345	1.165	1980	
-1	-1	-1	-1	-1	-1	-1	-1	-1	-1	-1	-1	-1	-1	-1	-1	-1	-1	-1	-1	-1	-1	-1	-1	-1	-1	-1	
-1	-1	-1	-1	-1	-1	-1	-1	-1	-1	-1	-1	-1	-1	-1	-1	-1	-1	-1	-1	-1	-1	-1	-1	-1	-1	-1	
-1	-1	-1	-1	-1	-1	-1	-1	-1	-1	-1	-1	-1	-1	-1	-1	-1	-1	-1	-1	-1	-1	-1	-1	-1	-1	-1	
-1	-1	-1	-1	-1	-1	-1	-1	-1	-1	-1	-1	-1	-1	-1	-1	-1	-1	-1	-1	-1	-1	-1	-1	-1	-1	-1	
-1	-1	-1	-1	-1	-1	-1	-1	-1	-1	-1	-1	-1	-1	-1	-1	-1	-1	-1	-1	-1	-1	-1	-1	-1	-1	-1	
-1	-1	-1	-1	-1	-1	-1	-1	-1	-1	-1	-1	-1	-1	-1	-1	-1	-1	-1	-1	-1	2.622	1.515	3	2.307	1.009	114	
2	-1	1	2	-1	1	2.568	0.944	99	2.698	1.076	778	2.866	1.212	1827	2.528	0.986	1949	2.270	0.593	1949	2.264	0.582	1949	2.262	0.577	1949	
3.162	1.212	1963	3.154	1.209	1963	2.689	0.791	1983	2.528	0.471	1983	2.522	0.455	1983	2.523	0.456	1983	2.530	0.466	1983	2.532	0.468	1983	2.530	0.469	1983	
2.787	0.524	1998	2.788	0.525	1998	2.735	0.378	1998	2.729	0.345	1998	2.731	0.340	1998	2.736	0.357	1998	2.749	0.379	1998	2.774	0.429	1998	2.761	0.409	1998	
3.414	1.318	1980	3.413	1.317	1980	2.908	0.730	1999	2.781	0.352	1999	2.782	0.330	1999	2.790	0.342	1999	2.819	0.397	1999	2.850	0.471	1999	2.828	0.417	1999	
3.089	0.336	3	3.089	0.336	3	3.277	1.050	87	3.317	1.098	761	3.406	1.244	1859	3.105	1.081	1999	2.838	0.445	1999	2.855	0.483	1999	2.855	0.478	1999	
-1	-1	-1	-1	-1	-1	-1	-1	-1	-1	-1	-1	-1	-1	-1	-1	-1	-1	-1	-1	-1	3.078	0.558	6	3.527	1.624	113	
-1	-1	-1	-1	-1	-1	-1	-1	-1	-1	-1	-1	-1	-1	-1	-1	-1	-1	-1	-1	-1	-1	-1	-1	-1	-1	-1	
-1	-1	-1	-1	-1	-1	-1	-1	-1	-1	-1	-1	-1	-1	-1	-1	-1	-1	-1	-1	-1	-1	-1	-1	-1	-1	-1	
-1	-1	-1	-1	-1	-1	-1	-1	-1	-1	-1	-1	-1	-1	-1	-1	-1	-1	-1	-1	-1	-1	-1	-1	-1	-1	-1	
-1	-1	-1	-1	-1	-1	-1	-1	-1	-1	-1	-1	-1	-1	-1	-1	-1	-1	-1	-1	-1	-1	-1	-1	-1	-1	-1	
-1	-1	-1	-1	-1	-1	-1	-1	-1	-1	-1	-1	-1	-1	-1	-1	-1	-1	-1	-1	-1	-1	-1	-1	-1	-1	-1	
-1	-1	-1	-1	-1	-1	-1	-1	-1	-1	-1	-1	-1	-1	-1	-1	-1	-1	-1	-1	-1	1	-1	1	2.095	1.182	7	
-1	-1	-1	-1	-1	-1	-1	-1	-1	2.756	0.862	15	2.891	0.950	178	2.950	1.060	1121	3.021	1.225	1937	2.558	0.796	1967	2.433	0.554	1967	
3.187	1.063	779	3.188	1.060	779	3.275	1.139	1433	3.546	1.507	1987	2.818	0.860	1993	2.687	0.452	1993	2.691	0.447	1993	2.701	0.457	1993	2.697	0.440	1993	
3.192	1.143	1998	3.188	1.137	1998	2.955	0.762	1998	2.842	0.381	1998	2.841	0.360	1998	2.853	0.372	1998	2.872	0.408	1998	2.893	0.453	1998	2.880	0.417	1998	
3.014	0.681	1997	3.006	0.662	1997	2.923	0.417	1997	2.912	0.354	1997	2.916	0.340	1997	2.936	0.383	1997	2.964	0.448	1997	2.999	0.511	1997	2.985	0.494	1997	
3.352	1.164	2000	3.337	1.144	2000	3.106	0.755	2000	3.003	0.373	2000	3.029	0.398	2000	3.060	0.456	2000	3.110	0.539	2000	3.175	0.674	2000	3.155	0.617	2000	
3.964	1.665	750	3.951	1.656	750	3.760	1.483	1369	3.659	1.469	1985	3.334	0.981	2000	3.298	0.702	2000	3.362	0.767	2000	3.463	0.896	2000	3.441	0.850	2000	
-1	-1	-1	-1	-1	-1	4.333	-1	1	3.653	0.626	6	3.881	1.592	161	3.756	1.429	1115	3.677	1.416	1963	3.435	1.094	1999	3.282	0.767	1999	
-1	-1	-1	-1	-1	-1	-1	-1	-1	-1	-1	-1	-1	-1	-1	-1	-1	-1	-1	-1	-1	-1	-1	-1	4.298	0.706	4	
-1	-1	-1	-1	-1	-1	-1	-1	-1	-1	-1	-1	-1	-1	-1	-1	-1	-1	-1	-1	-1	-1	-1	-1	-1	-1	-1	
-1	-1	-1	-1	-1	-1	-1	-1	-1	-1	-1	-1	-1	-1	-1	-1	-1	-1	-1	-1	-1	-1	-1	-1	-1	-1	-1	
-1	-1	-1	-1	-1	-1	-1	-1	-1	-1	-1	-1	-1	-1	-1	-1	-1	-1	-1	-1	-1	-1	-1	-1	-1	-1	-1	
-1	-1	-1	-1	-1	-1	-1	-1	-1	-1	-1	-1	-1	-1	-1	-1	-1	-1	-1	-1	-1	-1	-1	-1	-1	-1	-1	
-1	-1	-1	-1	-1	-1	-1	-1	-1	-1	-1	-1	-1	-1	-1	-1	-1	-1	-1	-1	-1	-1	-1	-1	3.022	1.693	9	
-1	-1	-1	-1	-1	-1	-1	-1	-1	2.733	0.283	2	3.139	1.020	89	3.179	1.157	720	3.193	1.241	1839	2.859	0.929	1998	2.641	0.464	1998	
3.251	1.194	503	3.247	1.191	503	3.212	1.121	645	3.281	1.380	1821	3.046	1.112	2000	2.826	0.564	2000	2.868	0.624	2000	2.936	0.684	2000	2.912	0.661	2000	
3.191	1.074	1996	3.179	1.065	1996	3.111	1.037	1998	2.880	0.641	2000	2.912	0.544	2000	2.980	0.650	2000	3.098	0.785	2000	3.215	0.920	2000	3.183	0.866	2000	
3.140	0.850	2000	3.130	0.837	2000	3.048	0.702	2000	2.955	0.566	2000	3.082	0.691	2000	3.180	0.798	2000	3.312	0.940	2000	3.479	1.093	2000	3.449	1.051	2000	
3.277	0.983	2000	3.260	0.963	2000	3.151	0.799	2000	3.053	0.663	2000	3.203	0.814	2000	3.325	0.942	2000	3.495	1.069	2000	3.684	1.202	2000	3.649	1.176	2000	
3.587	1.502	1994	3.572	1.492	1994	3.439	1.336	2000	3.130	0.851	2000	3.265	0.874	2000	3.391	0.989	2000	3.568	1.118	2000	3.772	1.259	2000	3.731	1.197	2000	
4.202	2.264	498	4.186	2.241	498	3.960	1.958	646	3.913	1.816	1808	3.734	1.506	1999	3.711	1.217	2000	3.898	1.302	2000	4.112	1.431	2000	4.040	1.361	2000	
-1	-1	-1	-1	-1	-1	-1	-1	-1	7.125	-1	1	3.919	1.616	76	4.014	1.955	699	4.056	1.979	1841	3.816	1.455	2000	3.653	1.222	2000	
-1	-1	-1	-1	-1	-1	-1	-1	-1	-1	-1	-1	-1	-1	-1	-1	-1	-1	-1	-1	-1	-1	-1	-1	4.669	2.659	16	
-1	-1	-1	-1	-1	-1	-1	-1	-1	-1	-1	-1	-1	-1	-1	-1	-1	-1	-1	-1	-1	-1	-1	-1	-1	-1	-1	
-1	-1	-1	-1	-1	-1	-1	-1	-1	-1	-1	-1	-1	-1	-1	-1	-1	-1	-1	-1	-1	-1	-1	-1	-1	-1	-1	
-1	-1	-1	-1	-1	-1	-1	-1	-1	-1	-1	-1	-1	-1	-1	-1	-1	-1	-1	-1	-1	-1	-1	-1	-1	-1	-1	
-1	-1	-1	-1	-1	-1	-1	-1	-1	-1	-1	-1	-1	-1	-1	-1	-1	-1	-1	-1	-1	-1	-1	-1	-1	-1	-1	
-1	-1	-1	-1	-1	-1	-1	-1	-1	-1	-1	-1	-1	-1	-1	-1	-1	-1	-1	-1	-1	-1	-1	-1	-1	-1	-1	
-1	-1	-1	-1	-1	-1	-1	-1	-1	-1	-1	-1	-1	-1	-1	-1	-1	-1	-1	-1	-1	3.533	-1	1	3.480	1.552	17	
4.004	2.028	85	3.959	1.914	85	3.952	1.995	85	3.809	1.646	85	4.041	1.809	601	4.120	2.016	1787	3.874	1.618	1999	3.914	1.420	2000	3.838	1.338	2000	
3.780	1.286	2000	3.759	1.270	2000	3.612	1.142	2000	3.509	1.148	2000	3.721	1.170	2000	3.894	1.270	2000	4.155	1.435	2000	4.396	1.546	2000	4.362	1.518	2000	
3.958	1.251	2000	3.936	1.234	2000	3.775	1.137	2000	3.628	1.085	2000	3.966	1.281	2000	4.185	1.382	2000	4.485	1.522	2000	4.738	1.700	2000	4.712	1.630	2000	
4.103	1.318	2000	4.079	1.299	2000	3.916	1.154	2000	3.761	1.147	2000	4.108	1.318	2000	4.335	1.472	2000	4.643	1.590	2000	4.919	1.714	2000	4.872	1.701	2000	
4.276	1.545	2000	4.251	1.523	2000	4.096	1.431	2000	3.928	1.386	2000	4.184	1.377	2000	4.394	1.460	2000	4.700	1.606	2000	4.981	1.730	2000	4.916	1.712	2000	
4.970	2.479	71	4.970	2.479	71	4.744	2.365	71	4.613	2.310	71	4.671	2.397	612	4.955	2.806	1748	4.860	2.239	1998	4.875	1.775	2000	4.790	1.707	2000	
-1	-1	-1	-1	-1	-1	-1	-1	-1	-1	-1	-1	-1	-1	-1	-1	-1	-1	-1	-1	-1	-1	-1	-1	4.987	2.440	14	
-1	-1	-1	-1	-1	-1	-1	-1	-1	-1	-1	-1	-1	-1	-1	-1	-1	-1	-1	-1	-1	-1	-1	-1	-1	-1	-1	
-1	-1	-1	-1	-1	-1	-1	-1	-1	-1	-1	-1	-1	-1	-1	-1	-1	-1	-1	-1	-1	-1	-1	-1	-1	-1	-1	
-1	-1	-1	-1	-1	-1	-1	-1	-1	-1	-1	-1	-1	-1	-1	-1	-1	-1	-1	-1	-1	-1	-1	-1	-1	-1	-1	
-1	-1	-1	-1	-1	-1	-1	-1	-1	-1	-1	-1	-1	-1	-1	-1	-1	-1	-1	-1	-1	-1	-1	-1	-1	-1	-1	
-1	-1	-1	-1	-1	-1	-1	-1	-1	-1	-1	-1	-1	-1	-1	-1	-1	-1	-1	-1	-1	-1	-1	-1	-1	-1	-1	
-1	-1	-1	-1	-1	-1	-1	-1	-1	-1	-1	-1	-1	-1	-1	6.278	3.155	3	5.847	2.759	66	6.207	3.187	680	5.822	2.892	1812	
4.107	1.421	15	4.063	1.401	15	3.916	1.286	15	5.569	2.740	382	6.102	3.246	1565	5.737	2.327	1994	5.702	1.931	2000	5.938	1.961	2000	5.851	1.907	2000	
6.367	3.185	1741	6.339	3.155	1741	6.077	2.875	1784	5.327	1.826	1997	5.515	1.690	2000	5.720	1.775	2000	6.091	1.968	2000	6.429	2.138	2000	6.400	2.128	2000	
5.945	2.230	1999	5.910	2.205	1999	5.646	1.912	2000	5.182	1.508	2000	5.612	1.683	2000	5.925	1.831	2000	6.317	2.050	2000	6.700	2.227	2000	6.644	2.189	2000	
5.858	1.862	2000	5.826	1.836	2000	5.580	1.649	2000	5.212	1.483	2000	5.683	1.711	2000	5.965	1.855	2000	6.383	2.044	2000	6.778	2.221	2000	6.710	2.227	2000	
5.799	1.982	2000	5.766	1.950	2000	5.519	1.739	2000	5.144	1.494	2000	5.561	1.701	2000	5.846	1.815	2000	6.246	1.970	2000	6.606	2.197	2000	6.545	2.115	2000	
6.409	3.413	1773	6.383	3.394	1773	6.119	3.139	1814	5.305	1.897	1999	5.493	1.703	2000	5.712	1.849	2000	6.046	1.953	2000	6.432	2.150	2000	6.341	2.054	2000	
7.144	4.071	17	7.144	4.071	17	6.021	3.123	24	5.431	2.741	384	6.160	3.117	1529	5.881	2.437	1995	5.815	1.950	2000	6.059	2.029	2000	5.945	1.951	2000	
-1	-1	-1	-1	-1	-1	-1	-1	-1	-1	-1	-1	-1	-1	-1	4.754	2.924	6	5.940	3.612	71	6.398	3.319	690	6.286	3.001	1837	
-1	-1	-1	-1	-1	-1	-1	-1	-1	-1	-1	-1	-1	-1	-1	-1	-1	-1	-1	-1	-1	-1	-1	-1	-1	-1	-1	
-1	-1	-1	-1	-1	-1	-1	-1	-1	-1	-1	-1	-1	-1	-1	-1	-1	-1	-1	-1	-1	-1	-1	-1	-1	-1	-1	
-1	-1	-1	-1	-1	-1	-1	-1	-1	-1	-1	-1	-1	-1	-1	-1	-1	-1	-1	-1	-1	-1	-1	-1	-1	-1	-1	
-1	-1	-1	-1	-1	-1	-1	-1	-1	-1	-1	-1	-1	-1	-1	-1	-1	-1	-1	-1	-1	-1	-1	-1	-1	-1	-1	
-1	-1	-1	-1	-1	-1	-1	-1	-1	-1	-1	-1	-1	-1	-1	-1	-1	-1	-1	-1	-1	-1	-1	-1	-1	-1	-1	
8.119	4.316	443	8.080	4.289	443	7.825	3.955	443	7.588	4.142	443	8.209	4.421	443	8.563	4.642	443	9.281	5.158	1483	9.317	4.021	1991	8.715	2.935	2000	
7.452	2.196	2000	7.410	2.162	2000	7.088	1.900	2000	6.758	1.911	2000	7.471	2.201	2000	7.923	2.403	2000	8.466	2.626	2000	8.982	2.852	2000	8.915	2.809	2000	
7.476	2.141	2000	7.432	2.095	2000	7.130	1.876	2000	6.796	1.936	2000	7.513	2.180	2000	7.971	2.362	2000	8.536	2.621	2000	9.060	2.889	2000	9.025	2.827	2000	
7.397	2.149	2000	7.354	2.105	2000	7.059	1.861	2000	6.708	1.903	2000	7.423	2.172	2000	7.875	2.380	2000	8.433	2.590	2000	8.976	2.857	2000	8.902	2.781	2000	
7.114	2.104	2000	7.072	2.058	2000	6.774	1.838	2000	6.469	1.865	2000	7.150	2.144	2000	7.587	2.304	2000	8.113	2.500	2000	8.599	2.752	2000	8.543	2.719	2000	
7.398	3.786	495	7.353	3.738	495	7.223	3.783	495	6.824	3.494	495	7.478	3.895	495	7.768	4.054	495	8.905	4.918	1543	8.857	4.079	1995	8.228	2.805	2000	
-1	-1	-1	-1	-1	-1	-1	-1	-1	-1	-1	-1	-1	-1	-1	-1	-1	-1	-1	-1	-1	-1	-1	-1	-1	-1	-1	
-1	-1	-1	-1	-1	-1	-1	-1	-1	-1	-1	-1	-1	-1	-1	-1	-1	-1	-1	-1	-1	-1	-1	-1	-1	-1	-1	
-1	-1	-1	-1	-1	-1	-1	-1	-1	-1	-1	-1	-1	-1	-1	-1	-1	-1	-1	-1	-1	-1	-1	-1	-1	-1	-1	
-1	-1	-1	-1	-1	-1	-1	-1	-1	-1	-1	-1	-1	-1	-1	-1	-1	-1	-1	-1	-1	-1	-1	-1	-1	-1	-1	
-1	-1	-1	-1	-1	-1	-1	-1	-1	-1	-1	-1	-1	-1	-1	-1	-1	-1	-1	-1	-1	-1	-1	-1	-1	-1	-1	
-1	-1	-1	-1	-1	-1	-1	-1	-1	-1	-1	-1	-1	-1	-1	-1	-1	-1	9.200	-1	1	10.648	3.275	17	12.689	7.249	326	
12.069	7.492	93	12.053	7.486	93	11.411	6.985	125	10.721	6.355	1013	11.147	5.415	1935	10.657	3.411	2000	11.195	3.440	2000	11.808	3.580	2000	11.671	3.480	2000	
10.244	3.334	2000	10.190	3.292	2000	9.771	2.941	2000	9.075	2.543	2000	9.930	2.784	2000	10.517	3.042	2000	11.273	3.340	2000	11.946	3.650	2000	11.882	3.535	2000	
9.824	2.823	2000	9.761	2.761	2000	9.373	2.430	2000	8.832	2.422	2000	9.729	2.738	2000	10.304	2.949	2000	11.054	3.245	2000	11.740	3.552	2000	11.625	3.471	2000	
9.715	3.031	2000	9.650	2.966	2000	9.210	2.639	2000	8.583	2.386	2000	9.391	2.651	2000	9.953	2.832	2000	10.671	3.132	2000	11.290	3.413	2000	11.252	3.420	2000	
9.755	5.503	118	9.656	5.389	118	9.677	5.289	143	9.790	5.402	1056	9.967	4.774	1952	9.625	3.046	2000	10.072	2.999	2000	10.675	3.306	2000	10.551	3.277	2000	
-1	-1	-1	-1	-1	-1	-1	-1	-1	-1	-1	-1	-1	-1	-1	-1	-1	-1	8.900	-1	1	12.290	8.918	22	11.466	6.527	331	
-1	-1	-1	-1	-1	-1	-1	-1	-1	-1	-1	-1	-1	-1	-1	-1	-1	-1	-1	-1	-1	-1	-1	-1	-1	-1	-1	
-1	-1	-1	-1	-1	-1	-1	-1	-1	-1	-1	-1	-1	-1	-1	-1	-1	-1	-1	-1	-1	-1	-1	-1	-1	-1	-1	
-1	-1	-1	-1	-1	-1	-1	-1	-1	-1	-1	-1	-1	-1	-1	-1	-1	-1	-1	-1	-1	-1	-1	-1	-1	-1	-1	
-1	-1	-1	-1	-1	-1	-1	-1	-1	-1	-1	-1	-1	-1	-1	-1	-1	-1	-1	-1	-1	-1	-1	-1	-1	-1	-1	
-1	-1	-1	-1	-1	-1	-1	-1	-1	-1	-1	-1	-1	-1	-1	-1	-1	-1	-1	-1	-1	-1	-1	-1	-1	-1	-1	
-1	-1	-1	-1	-1	-1	-1	-1	-1	-1	-1	-1	-1	-1	-1	5.733	1.131	2	10.632	6.555	56	12.238	6.789	504	16.225	8.730	1570	
14.418	7.887	1883	14.336	7.833	1883	13.761	7.135	1954	11.823	3.975	2000	12.627	3.544	2000	13.302	3.711	2000	14.224	4.019	2000	15.105	4.429	2000	14.966	4.269	2000	
12.103	3.440	2000	12.030	3.363	2000	11.476	2.846	2000	10.871	2.813	2000	11.982	3.156	2000	12.684	3.479	2000	13.646	3.897	2000	14.487	4.258	2000	14.377	4.190	2000	
13.089	7.156	1918	13.026	7.126	1918	12.357	6.443	1969	10.624	3.585	2000	11.375	3.272	2000	12.004	3.440	2000	12.819	3.686	2000	13.629	4.066	2000	13.520	4.011	2000	
-1	-1	-1	-1	-1	-1	-1	-1	-1	-1	-1	-1	14.935	-1	1	14.936	3.499	3	9.811	4.550	54	10.895	6.355	577	13.376	7.398	1653	
-1	-1	-1	-1	-1	-1	-1	-1	-1	-1	-1	-1	-1	-1	-1	-1	-1	-1	-1	-1	-1	-1	-1	-1	-1	-1	-1	
-1	-1	-1	-1	-1	-1	-1	-1	-1	-1	-1	-1	-1	-1	-1	-1	-1	-1	-1	-1	-1	-1	-1	-1	-1	-1	-1	
-1	-1	-1	-1	-1	-1	-1	-1	-1	-1	-1	-1	-1	-1	-1	-1	-1	-1	-1	-1	-1	-1	-1	-1	-1	-1	-1	
-1	-1	-1	-1	-1	-1	-1	-1	-1	-1	-1	-1	-1	-1	-1	-1	-1	-1	-1	-1	-1	-1	-1	-1	-1	-1	-1	
-1	-1	-1	-1	-1	-1	-1	-1	-1	-1	-1	-1	-1	-1	-1	-1	-1	-1	-1	-1	-1	-1	-1	-1	-1	-1	-1	
-1	-1	-1	-1	-1	-1	-1	-1	-1	-1	-1	-1	-1	-1	-1	-1	-1	-1	-1	-1	-1	-1	-1	-1	-1	-1	-1	
9.044	4.609	22	8.875	4.308	22	9.202	4.838	90	10.576	6.105	692	16.686	9.035	1724	18.041	7.983	1999	18.101	5.682	2000	18.986	5.736	2000	18.715	5.297	2000	
15.620	5.602	2000	15.535	5.545	2000	14.514	3.942	2000	13.551	3.549	2000	14.861	3.913	2000	15.770	4.281	2000	16.928	4.763	2000	17.997	5.241	2000	17.840	5.094	2000	
14.394	4.994	2000	14.307	4.923	2000	13.391	3.693	2000	12.629	3.324	2000	13.937	3.685	2000	14.780	4.034	2000	15.824	4.440	2000	16.846	4.927	2000	16.713	4.843	2000	
8.039	3.137	27	7.958	3.179	27	8.171	3.961	82	9.761	6.159	785	14.214	7.960	1767	14.467	6.192	1997	14.640	4.477	2000	15.406	4.612	2000	15.253	4.459	2000	
-1	-1	-1	-1	-1	-1	-1	-1	-1	-1	-1	-1	-1	-1	-1	-1	-1	-1	-1	-1	-1	-1	-1	-1	-1	-1	-1	
-1	-1	-1	-1	-1	-1	-1	-1	-1	-1	-1	-1	-1	-1	-1	-1	-1	-1	-1	-1	-1	-1	-1	-1	-1	-1	-1	
-1	-1	-1	-1	-1	-1	-1	-1	-1	-1	-1	-1	-1	-1	-1	-1	-1	-1	-1	-1	-1	-1	-1	-1	-1	-1	-1	
-1	-1	-1	-1	-1	-1	-1	-1	-1	-1	-1	-1	-1	-1	-1	-1	-1	-1	-1	-1	-1	-1	-1	-1	-1	-1	-1	
-1	-1	-1	-1	-1	-1	-1	-1	-1	-1	-1	-1	-1	-1	-1	-1	-1	-1	-1	-1	-1	-1	-1	-1	-1	-1	-1	
-1	-1	-1	-1	-1	-1	-1	-1	-1	-1	-1	-1	-1	-1	-1	-1	-1	-1	10	-1	1	11.799	6.596	51	13.645	7.725	527	
-1	-1	-1	-1	-1	-1	9.993	3.855	5	8.514	4.524	74	13.768	7.580	637	20.147	10.239	1628	23.955	10.736	1994	23.499	7.390	2000	22.980	6.676	2000	
11.655	6.919	322	11.599	6.871	322	16.265	9.085	1184	20.409	10.616	1923	20.655	7.658	2000	21.034	5.965	2000	22.382	6.284	2000	23.686	6.677	2000	23.511	6.605	2000	
19.890	10.493	1607	19.796	10.446	1607	21.530	10.212	1991	18.383	5.707	2000	19.741	5.238	2000	20.811	5.496	2000	22.327	6.115	2000	23.694	6.746	2000	23.529	6.604	2000	
22.052	11.214	1899	21.948	11.168	1899	19.360	6.971	1999	17.559	4.701	2000	19.232	5.049	2000	20.353	5.460	2000	21.816	6.039	2000	23.191	6.629	2000	23.005	6.479	2000	
19.123	10.226	1640	19.054	10.215	1640	19.348	8.833	1990	16.985	5.095	2000	18.389	4.893	2000	19.441	5.236	2000	20.828	5.768	2000	22.124	6.257	2000	21.949	6.088	2000	
11.076	6.155	328	11.031	6.132	328	14.771	8.621	1232	17.939	9.791	1944	17.723	5.945	2000	18.175	5.098	2000	19.342	5.436	2000	20.494	5.934	2000	20.322	5.758	2000	
-1	-1	-1	-1	-1	-1	7.058	5.027	9	8.786	4.800	95	12.684	7.531	730	17.808	9.713	1728	19.129	8.424	1997	18.969	6.005	2000	18.585	5.449	2000	
-1	-1	-1	-1	-1	-1	-1	-1	-1	-1	-1	-1	-1	-1	-1	-1	-1	-1	12.958	6.467	3	11.397	5.967	73	12.568	6.945	629	
-1	-1	-1	-1	-1	-1	-1	-1	-1	-1	-1	-1	-1	-1	-1	-1	-1	-1	-1	-1	-1	-1	-1	-1	-1	-1	-1	
-1	-1	-1	-1	-1	-1	-1	-1	-1	-1	-1	-1	-1	-1	-1	-1	-1	-1	-1	-1	-1	-1	-1	-1	-1	-1	-1	
-1	-1	-1	-1	-1	-1	-1	-1	-1	5.625	3.572	6	7.774	4.810	79	12.170	7.849	553	19.835	9.823	1573	23.845	10.802	1984	21.659	7.325	2000	
8	-1	1	8.169	1.589	4	8.111	3.756	82	10.553	6.351	604	18.517	9.986	1583	22.560	10.605	1985	22.503	7.543	2000	23.367	6.832	2000	23.032	6.599	2000	
4.947	2.825	5	7.927	4.742	71	10.697	6.280	464	17.154	9.625	1438	23.503	11.614	1972	22.229	7.385	2000	23.279	6.597	2000	24.680	6.992	2000	24.471	6.932	2000	
7.249	3.380	28	8.986	5.798	196	13.918	8.287	972	21.630	11.079	1824	23.126	9.695	1999	22.880	6.768	2000	24.160	6.666	2000	25.616	7.275	2000	25.410	7.176	2000	
7.057	3.917	49	10.089	5.970	360	16.941	9.474	1277	22.685	11.583	1923	22.526	8.214	2000	22.923	6.395	2000	24.424	6.714	2000	25.913	7.265	2000	25.733	7.155	2000	
8.894	5.220	83	11.263	7.058	439	18.263	10.049	1364	22.445	11.532	1955	22.186	7.613	2000	22.773	6.321	2000	24.242	6.715	2000	25.725	7.331	2000	25.523	7.141	2000	
9.600	5.727	106	11.190	7.072	537	18.894	10.042	1454	21.839	10.692	1973	21.527	6.914	2000	22.071	6.010	2000	23.565	6.415	2000	24.993	7.061	2000	24.788	6.886	2000	
8.441	4.878	91	10.898	6.871	502	17.927	9.569	1475	20.430	10.293	1977	20.265	6.991	2000	20.768	5.801	2000	22.160	6.064	2000	23.537	6.659	2000	23.338	6.514	2000	
6.806	3.666	52	10.047	6.356	413	15.160	8.413	1383	18.695	9.839	1965	18.424	6.025	2000	19.000	5.332	2000	20.252	5.619	2000	21.486	6.091	2000	21.333	6.007	2000	
7.201	4.082	24	8.154	4.826	266	11.983	7.124	1142	15.665	8.974	1917	15.819	6.258	2000	15.903	4.686	2000	16.904	4.820	2000	17.856	5.230	2000	17.731	5.117	2000	
6.407	4.468	8	7.312	4.077	69	9.079	5.431	651	12.861	7.541	1658	14.769	7.189	1993	14.261	4.368	2000	15.067	4.412	2000	15.917	4.683	2000	15.789	4.577	2000	
-1	-1	-1	6.637	2.749	4	6.510	3.249	146	8.254	4.696	899	12.794	7.300	1799	13.084	5.871	1996	13.228	4.296	2000	13.871	4.261	2000	13.756	4.105	2000	
-1	-1	-1	-1	-1	-1	9	-1	1	6.398	2.207	7	6.388	3.017	141	8.470	4.793	903	11.466	6.440	1817	11.466	4.980	1999	10.832	3.510	2000	
-1	-1	-1	-1	-1	-1	-1	-1	-1	-1	-1	-1	-1	-1	-1	-1	-1	-1	-1	-1	-1	-1	-1	-1	-1	-1	-1	
-1	-1	-1	-1	-1	-1	-1	-1	-1	-1	-1	-1	-1	-1	-1	8.333	-1	1	13.869	7.182	50	16.211	8.570	544	16.976	8.395	1692	
13.159	7.769	246	13.092	7.729	246	12.545	7.479	246	11.968	7.365	246	13.164	7.986	285	15.755	8.598	1368	17.158	8.094	1975	16.783	5.503	2000	16.290	4.749	2000	
19.313	9.635	1777	19.221	9.583	1777	18.610	9.388	1777	17.973	9.434	1777	19.525	9.622	1819	19.603	7.645	1998	19.849	5.679	2000	20.883	6.077	2000	20.671	5.945	2000	
21.698	8.516	1999	21.588	8.449	1999	20.776	7.915	1999	19.847	8.013	1999	21.708	8.549	2000	21.399	6.113	2000	22.683	6.314	2000	23.958	6.724	2000	23.766	6.746	2000	
21.571	6.360	2000	21.436	6.217	2000	20.597	5.642	2000	19.640	5.751	2000	21.623	6.258	2000	22.527	6.090	2000	24.039	6.526	2000	25.459	7.109	2000	25.258	7.135	2000	
22.154	6.180	2000	22.018	6.005	2000	21.139	5.254	2000	20.158	5.408	2000	22.243	6.210	2000	23.186	6.108	2000	24.816	6.659	2000	26.358	7.420	2000	26.166	7.341	2000	
22.427	5.996	2000	22.297	5.866	2000	21.388	5.012	2000	20.408	5.303	2000	22.532	6.132	2000	23.723	6.377	2000	25.377	6.904	2000	26.974	7.652	2000	26.771	7.511	2000	
22.637	6.119	2000	22.502	5.967	2000	21.589	5.156	2000	20.560	5.446	2000	22.689	6.161	2000	23.852	6.359	2000	25.554	6.933	2000	27.124	7.552	2000	26.943	7.612	2000	
22.430	6.000	2000	22.299	5.862	2000	21.429	5.164	2000	20.445	5.386	2000	22.518	6.009	2000	23.599	6.238	2000	25.235	6.778	2000	26.760	7.464	2000	26.596	7.438	2000	
21.888	6.504	2000	21.761	6.413	2000	20.879	5.595	2000	19.929	5.835	2000	21.925	6.502	2000	22.870	6.154	2000	24.397	6.694	2000	25.889	7.253	2000	25.723	7.166	2000	
21.509	8.266	2000	21.384	8.148	2000	20.520	7.464	2000	19.624	7.622	2000	21.443	7.976	2000	21.691	6.111	2000	22.969	6.370	2000	24.334	6.995	2000	24.070	6.683	2000	
19.979	10.508	1810	19.873	10.462	1810	19.211	10.185	1810	18.357	10.089	1810	20.182	10.428	1842	20.019	8.004	1998	20.327	6.048	2000	21.371	6.162	2000	21.188	6.036	2000	
12.359	6.922	252	12.336	6.922	252	11.804	6.708	252	11.338	6.452	252	12.094	6.966	288	14.668	8.183	1353	16.030	7.544	1970	15.724	5.169	2000	15.282	4.639	2000	
-1	-1	-1	-1	-1	-1	-1	-1	-1	-1	-1	-1	-1	-1	-1	7.070	2.128	4	11.826	5.881	67	12.656	7.054	652	13.107	6.837	1760	
-1	-1	-1	-1	-1	-1	-1	-1	-1	-1	-1	-1	-1	-1	-1	-1	-1	-1	-1	-1	-1	-1	-1	-1	-1	-1	-1	
-1	-1	-1	-1	-1	-1	-1	-1	-1	-1	-1	-1	-1	-1	-1	-1	-1	-1	-1	-1	-1	-1	-1	-1	-1	-1	-1	
16.351	10.541	33	16.275	10.500	33	15.684	9.653	33	15.149	10.160	33	15.946	10.434	33	16.936	11.110	49	18.382	10.634	505	20.953	10.081	1586	21.550	9.111	1992	
19.953	9.754	1869	19.851	9.711	1869	19.172	9.475	1869	18.307	9.353	1869	20.107	9.954	1869	21.179	10.155	1911	21.201	7.611	2000	21.500	6.431	2000	21.031	5.969	2000	
19.019	5.551	2000	18.905	5.428	2000	18.148	4.811	2000	17.318	5.017	2000	19.090	5.583	2000	20.146	6.036	2000	21.091	5.824	2000	22.259	6.315	2000	22.029	6.207	2000	
20.056	5.216	2000	19.939	5.080	2000	19.129	4.385	2000	18.238	4.676	2000	20.132	5.285	2000	21.360	5.824	2000	22.697	6.148	2000	24.126	6.812	2000	23.908	6.817	2000	
21.154	5.306	2000	21.027	5.159	2000	20.176	4.478	2000	19.269	4.769	2000	21.236	5.325	2000	22.558	5.991	2000	24.043	6.471	2000	25.532	7.142	2000	25.395	7.206	2000	
22.129	5.499	2000	21.999	5.358	2000	21.123	4.565	2000	20.148	4.895	2000	22.218	5.521	2000	23.580	6.152	2000	25.189	6.819	2000	26.750	7.508	2000	26.574	7.536	2000	
22.732	5.704	2000	22.594	5.558	2000	21.672	4.773	2000	20.679	5.029	2000	22.808	5.713	2000	24.223	6.345	2000	25.865	6.969	2000	27.457	7.665	2000	27.273	7.696	2000	
23.116	5.821	2000	22.980	5.669	2000	22.045	4.847	2000	21.001	5.095	2000	23.192	5.856	2000	24.649	6.565	2000	26.295	7.110	2000	27.906	7.806	2000	27.698	7.740	2000	
23.136	5.926	2000	22.997	5.763	2000	22.081	4.984	2000	21.051	5.266	2000	23.237	6.042	2000	24.604	6.564	2000	26.228	7.111	2000	27.788	7.687	2000	27.580	7.709	2000	
23.442	7.070	2000	23.309	6.945	2000	22.372	6.048	2000	21.306	6.058	2000	23.513	6.932	2000	24.817	7.319	2000	26.025	7.195	2000	27.422	7.704	2000	27.178	7.656	2000	
25.193	12.231	1800	25.042	12.125	1800	24.104	11.644	1800	23.129	11.617	1800	25.112	12.030	1800	26.684	12.394	1859	26.751	9.642	2000	26.856	7.783	2000	26.318	7.401	2000	
15.230	8.535	28	15.085	8.497	28	14.780	8.673	28	12.922	7.704	28	14.995	8.251	28	15.158	9.242	40	20.269	11.276	421	25.973	12.607	1487	27.630	12.009	1976	
-1	-1	-1	-1	-1	-1	-1	-1	-1	-1	-1	-1	-1	-1	-1	-1	-1	-1	-1	-1	-1	-1	-1	-1	-1	-1	-1	
-1	-1	-1	-1	-1	-1	-1	-1	-1	-1	-1	-1	-1	-1	-1	-1	-1	-1	-1	-1	-1	-1	-1	-1	-1	-1	-1	
-1	-1	-1	-1	-1	-1	-1	-1	-1	-1	-1	-1	-1	-1	-1	-1	-1	-1	-1	-1	-1	18.625	10.210	20	17.686	10.883	290	
17.625	10.436	866	17.578	10.409	866	17.065	10.110	866	16.406	10.112	866	17.724	10.598	866	18.418	10.658	866	20.989	10.944	1477	23.192	10.013	1972	20.955	6.864	2000	
19.937	7.545	1996	19.821	7.427	1996	19.093	7.093	1996	18.212	7.060	1996	19.975	7.371	1996	21.248	8.197	1996	21.675	6.841	2000	22.266	6.419	2000	21.855	6.217	2000	
19.627	5.162	2000	19.511	5.052	2000	18.721	4.369	2000	17.863	4.646	2000	19.723	5.163	2000	20.933	5.735	2000	22.257	6.080	2000	23.451	6.675	2000	23.189	6.562	2000	
20.515	5.183	2000	20.396	5.046	2000	19.559	4.303	2000	18.634	4.603	2000	20.587	5.157	2000	21.866	5.787	2000	23.340	6.328	2000	24.730	6.934	2000	24.493	6.917	2000	
21.375	5.427	2000	21.248	5.283	2000	20.364	4.486	2000	19.428	4.793	2000	21.440	5.396	2000	22.766	5.959	2000	24.375	6.500	2000	25.787	7.202	2000	25.604	7.200	2000	
21.952	5.495	2000	21.825	5.352	2000	20.928	4.510	2000	19.962	4.887	2000	22.030	5.448	2000	23.419	6.108	2000	25.068	6.741	2000	26.557	7.407	2000	26.385	7.452	2000	
22.405	5.656	2000	22.275	5.498	2000	21.332	4.673	2000	20.359	5.024	2000	22.462	5.621	2000	23.895	6.310	2000	25.577	6.861	2000	27.121	7.632	2000	26.919	7.554	2000	
22.562	5.646	2000	22.432	5.505	2000	21.517	4.705	2000	20.513	4.985	2000	22.648	5.721	2000	24.071	6.300	2000	25.724	6.940	2000	27.263	7.638	2000	27.036	7.566	2000	
22.499	5.703	2000	22.368	5.571	2000	21.467	4.757	2000	20.443	4.991	2000	22.591	5.706	2000	24.007	6.400	2000	25.664	7.042	2000	27.098	7.558	2000	26.840	7.461	2000	
22.431	6.029	2000	22.297	5.890	2000	21.391	5.071	2000	20.374	5.304	2000	22.495	6.006	2000	23.894	6.717	2000	25.326	7.120	2000	26.618	7.422	2000	26.295	7.368	2000	
23.460	9.120	1996	23.335	9.045	1996	22.458	8.451	1996	21.451	8.465	1996	23.558	9.058	1996	25.063	10.015	1996	25.422	8.134	2000	26.098	7.488	2000	25.589	7.223	2000	
20.866	12.494	858	20.815	12.480	858	20.362	12.291	858	19.486	12.195	858	20.982	12.514	858	21.989	12.793	858	24.853	13.005	1390	27.852	12.196	1941	25.446	8.377	2000	
-1	-1	-1	-1	-1	-1	-1	-1	-1	-1	-1	-1	-1	-1	-1	-1	-1	-1	-1	-1	-1	22.970	12.703	14	20.107	12.098	272	
-1	-1	-1	-1	-1	-1	-1	-1	-1	-1	-1	-1	-1	-1	-1	-1	-1	-1	-1	-1	-1	-1	-1	-1	-1	-1	-1	
-1	-1	-1	-1	-1	-1	-1	-1	-1	-1	-1	-1	-1	-1	-1	-1	-1	-1	-1	-1	-1	-1	-1	-1	-1	-1	-1	
-1	-1	-1	-1	-1	-1	-1	-1	-1	-1	-1	-1	-1	-1	-1	-1	-1	-1	-1	-1	-1	-1	-1	-1	-1	-1	-1	
13.085	8.259	66	13.085	8.259	66	12.322	7.809	66	11.761	7.870	66	12.792	7.837	66	13.054	7.770	66	14.956	9.219	82	18.232	10.162	715	20.695	9.935	1745	
19.898	9.448	1914	19.796	9.387	1914	19.015	8.853	1914	18.209	8.874	1914	20.022	9.547	1914	21.130	9.814	1914	22.508	10.329	1941	21.635	7.333	2000	20.595	5.961	2000	
18.611	5.048	2000	18.504	4.939	2000	17.769	4.339	2000	16.943	4.583	2000	18.669	5.028	2000	19.833	5.614	2000	21.230	6.095	2000	22.223	6.383	2000	21.898	6.214	2000	
19.350	4.963	2000	19.236	4.841	2000	18.464	4.124	2000	17.605	4.407	2000	19.424	4.925	2000	20.637	5.492	2000	22.112	5.941	2000	23.284	6.592	2000	23.085	6.548	2000	
20.068	5.063	2000	19.946	4.913	2000	19.125	4.216	2000	18.260	4.494	2000	20.133	5.062	2000	21.392	5.663	2000	22.901	6.176	2000	24.286	6.772	2000	24.092	6.808	2000	
20.564	5.187	2000	20.439	5.032	2000	19.640	4.276	2000	18.714	4.556	2000	20.638	5.115	2000	21.914	5.724	2000	23.522	6.314	2000	24.907	7.036	2000	24.726	6.912	2000	
20.791	5.223	2000	20.667	5.075	2000	19.815	4.326	2000	18.900	4.631	2000	20.848	5.163	2000	22.166	5.837	2000	23.742	6.375	2000	25.189	7.122	2000	25.021	7.040	2000	
20.870	5.275	2000	20.747	5.129	2000	19.898	4.316	2000	18.965	4.587	2000	20.948	5.288	2000	22.258	5.773	2000	23.880	6.484	2000	25.328	7.106	2000	25.136	7.060	2000	
20.679	5.222	2000	20.556	5.096	2000	19.738	4.310	2000	18.804	4.591	2000	20.763	5.217	2000	22.052	5.781	2000	23.665	6.496	2000	25.055	7.029	2000	24.848	7.053	2000	
20.294	5.124	2000	20.177	4.997	2000	19.360	4.229	2000	18.455	4.516	2000	20.389	5.087	2000	21.650	5.752	2000	23.201	6.306	2000	24.522	6.865	2000	24.283	6.776	2000	
20.056	5.490	2000	19.935	5.356	2000	19.136	4.629	2000	18.258	4.873	2000	20.128	5.494	2000	21.384	6.090	2000	22.868	6.589	2000	23.782	6.801	2000	23.432	6.654	2000	
21.335	10.284	1893	21.217	10.204	1893	20.421	9.781	1893	19.545	9.661	1893	21.401	10.214	1893	22.571	10.609	1893	23.936	10.769	1924	23.500	8.100	1999	22.412	6.528	2000	
14.605	11.737	62	14.549	11.749	62	14.542	11.632	62	13.541	11.622	62	14.484	11.398	62	14.995	11.107	62	16.496	11.977	81	20.723	11.552	677	22.890	11.232	1685	
-1	-1	-1	-1	-1	-1	-1	-1	-1	-1	-1	-1	-1	-1	-1	-1	-1	-1	-1	-1	-1	-1	-1	-1	-1	-1	-1	
-1	-1	-1	-1	-1	-1	-1	-1	-1	-1	-1	-1	-1	-1	-1	-1	-1	-1	-1	-1	-1	-1	-1	-1	-1	-1	-1	
-1	-1	-1	-1	-1	-1	-1	-1	-1	-1	-1	-1	-1	-1	-1	-1	-1	-1	-1	-1	-1	-1	-1	-1	-1	-1	-1	
-1	-1	-1	-1	-1	-1	-1	-1	-1	-1	-1	-1	-1	-1	-1	-1	-1	-1	-1	-1	-1	-1	-1	-1	-1	-1	-1	
-1	-1	-1	-1	-1	-1	-1	-1	-1	-1	-1	-1	-1	-1	-1	-1	-1	-1	-1	-1	-1	-1	-1	-1	11.625	11.468	4	
13.955	8.126	1073	13.894	8.100	1073	13.394	7.867	1073	12.733	7.518	1073	14.048	8.165	1073	14.726	8.418	1073	15.460	8.651	1073	17.726	9.408	1338	21.744	10.410	1950	
17.242	5.321	2000	17.141	5.207	2000	16.461	4.681	2000	15.690	4.758	2000	17.301	5.308	2000	18.382	5.837	2000	19.699	6.388	2000	20.644	6.496	2000	20.293	5.982	2000	
17.548	4.518	2000	17.444	4.409	2000	16.731	3.776	2000	15.959	3.993	2000	17.597	4.505	2000	18.705	5.027	2000	20.045	5.509	2000	21.297	6.097	2000	21.100	6.006	2000	
18.038	4.581	2000	17.926	4.463	2000	17.212	3.790	2000	16.405	4.015	2000	18.120	4.621	2000	19.233	5.131	2000	20.653	5.646	2000	21.898	6.177	2000	21.767	6.208	2000	
18.278	4.613	2000	18.166	4.485	2000	17.427	3.822	2000	16.637	4.066	2000	18.344	4.555	2000	19.482	5.125	2000	20.926	5.690	2000	22.247	6.251	2000	22.102	6.312	2000	
18.263	4.634	2000	18.150	4.501	2000	17.422	3.835	2000	16.612	4.059	2000	18.339	4.613	2000	19.455	5.076	2000	20.898	5.641	2000	22.228	6.304	2000	22.087	6.264	2000	
18.047	4.611	2000	17.936	4.490	2000	17.207	3.772	2000	16.391	4.033	2000	18.120	4.602	2000	19.209	5.004	2000	20.634	5.602	2000	21.947	6.195	2000	21.800	6.223	2000	
17.519	4.402	2000	17.416	4.310	2000	16.719	3.647	2000	15.929	3.850	2000	17.598	4.463	2000	18.701	4.966	2000	20.076	5.534	2000	21.331	6.109	2000	21.179	6.072	2000	
16.965	4.323	2000	16.865	4.211	2000	16.201	3.632	2000	15.423	3.772	2000	17.026	4.329	2000	18.091	4.824	2000	19.418	5.400	2000	20.630	5.989	2000	20.436	5.801	2000	
16.420	5.004	2000	16.319	4.877	2000	15.673	4.353	2000	14.941	4.433	2000	16.503	5.090	2000	17.507	5.505	2000	18.782	6.069	2000	19.749	6.212	2000	19.360	5.586	2000	
12.884	7.831	1089	12.840	7.801	1089	12.424	7.443	1089	11.908	7.311	1089	12.934	7.916	1089	13.448	8.032	1089	14.318	8.350	1089	16.513	9.131	1348	20.376	10.120	1967	
-1	-1	-1	-1	-1	-1	-1	-1	-1	-1	-1	-1	-1	-1	-1	-1	-1	-1	-1	-1	-1	-1	-1	-1	10.967	2.888	3	
-1	-1	-1	-1	-1	-1	-1	-1	-1	-1	-1	-1	-1	-1	-1	-1	-1	-1	-1	-1	-1	-1	-1	-1	-1	-1	-1	
-1	-1	-1	-1	-1	-1	-1	-1	-1	-1	-1	-1	-1	-1	-1	-1	-1	-1	-1	-1	-1	-1	-1	-1	-1	-1	-1	
-1	-1	-1	-1	-1	-1	-1	-1	-1	-1	-1	-1	-1	-1	-1	-1	-1	-1	-1	-1	-1	-1	-1	-1	-1	-1	-1	
-1	-1	-1	-1	-1	-1	-1	-1	-1	-1	-1	-1	-1	-1	-1	-1	-1	-1	-1	-1	-1	-1	-1	-1	11.425	3.165	3	
7.990	4.981	33	7.894	4.927	33	7.656	4.799	33	7.163	4.340	33	8.187	5.219	33	8.343	4.655	33	11.835	6.559	164	14.825	8.281	932	18.957	9.270	1828	
14.428	8.294	1379	14.365	8.286	1379	13.858	8.043	1379	13.258	7.734	1379	14.479	8.320	1379	15.319	8.630	1379	19.024	9.680	1862	19.531	8.030	1999	18.522	5.704	2000	
17.041	7.562	1997	16.943	7.494	1997	16.276	6.950	1997	15.528	6.846	1997	17.085	7.476	1997	18.129	8.003	1997	18.294	6.124	2000	18.921	5.630	2000	18.642	5.468	2000	
15.767	4.632	2000	15.677	4.560	2000	15.043	4.032	2000	14.341	4.126	2000	15.830	4.677	2000	16.757	5.006	2000	17.765	5.056	2000	18.766	5.402	2000	18.629	5.377	2000	
15.378	4.146	2000	15.290	4.055	2000	14.664	3.528	2000	13.979	3.634	2000	15.420	4.103	2000	16.363	4.510	2000	17.452	4.864	2000	18.481	5.341	2000	18.355	5.294	2000	
14.879	3.887	2000	14.788	3.791	2000	14.178	3.248	2000	13.515	3.418	2000	14.921	3.896	2000	15.852	4.301	2000	16.947	4.687	2000	18.005	5.224	2000	17.857	5.104	2000	
14.202	3.671	2000	14.123	3.594	2000	13.547	3.109	2000	12.926	3.270	2000	14.269	3.725	2000	15.167	4.206	2000	16.214	4.519	2000	17.251	5.060	2000	17.086	4.935	2000	
13.475	3.516	2000	13.388	3.401	2000	12.843	2.965	2000	12.255	3.098	2000	13.537	3.552	2000	14.357	3.892	2000	15.365	4.330	2000	16.352	4.791	2000	16.216	4.687	2000	
12.453	3.341	2000	12.382	3.272	2000	11.877	2.800	2000	11.303	2.907	2000	12.520	3.401	2000	13.286	3.710	2000	14.246	4.106	2000	15.108	4.462	2000	15.006	4.439	2000	
11.265	3.042	2000	11.196	2.973	2000	10.735	2.612	2000	10.227	2.674	2000	11.312	3.086	2000	12.000	3.434	2000	12.857	3.745	2000	13.656	4.074	2000	13.545	4.008	2000	
9.612	2.683	2000	9.554	2.629	2000	9.172	2.334	2000	8.739	2.401	2000	9.665	2.741	2000	10.259	2.987	2000	10.977	3.231	2000	11.643	3.517	2000	11.535	3.466	2000	
7.369	2.192	2000	7.323	2.156	2000	7.038	1.955	2000	6.704	1.976	2000	7.404	2.214	2000	7.861	2.463	2000	8.386	2.600	2000	8.862	2.799	2000	8.769	2.730	2000	
2.614	0.699	1992	2.610	0.689	1992	2.675	0.830	1992	2.883	1.132	1992	2.688	0.843	1992	2.664	0.810	1992	2.535	0.525	1992	2.542	0.512	1992	2.536	0.492	1992	
3.326	1.298	1817	3.318	1.293	1817	3.379	1.332	1817	3.431	1.386	1817	3.343	1.320	1817	3.297	1.284	1817	3.148	1.247	1983	2.687	0.680	1988	2.627	0.498	1988	
3.051	0.870	46	3.051	0.870	46	3.108	0.925	46	3.070	0.907	46	3.072	0.938	46	3.050	0.892	46	3.004	1.044	287	3.082	1.086	1406	3.029	1.161	1979	
-1	-1	-1	-1	-1	-1	-1	-1	-1	-1	-1	-1	-1	-1	-1	-1	-1	-1	-1	-1	-1	-1	-1	-1	2.435	0.846	9	
-1	-1	-1	-1	-1	-1	-1	-1	-1	-1	-1	-1	-1	-1	-1	-1	-1	-1	-1	-1	-1	-1	-1	-1	-1	-1	-1	
13.005	6.545	1985	12.927	6.439	1985	12.437	6.246	1985	11.886	6.089	1985	13.065	6.664	1985	13.856	7.051	1985	14.788	7.276	1985	14.930	6.079	2000	14.143	4.435	2000	
12.352	3.553	2000	12.277	3.474	2000	11.780	3.059	2000	11.236	3.126	2000	12.406	3.578	2000	13.162	3.941	2000	14.122	4.269	2000	14.968	4.517	2000	14.812	4.414	2000	
12.488	3.404	2000	12.420	3.332	2000	11.907	2.887	2000	11.366	3.035	2000	12.543	3.412	2000	13.331	3.810	2000	14.311	4.204	2000	15.147	4.443	2000	15.052	4.441	2000	
12.373	3.334	2000	12.299	3.268	2000	11.804	2.843	2000	11.249	2.983	2000	12.411	3.343	2000	13.171	3.662	2000	14.152	4.105	2000	15.026	4.414	2000	14.906	4.360	2000	
12.043	3.206	2000	11.975	3.135	2000	11.490	2.711	2000	10.972	2.836	2000	12.088	3.195	2000	12.817	3.466	2000	13.781	3.849	2000	14.634	4.290	2000	14.536	4.248	2000	
11.573	3.136	2000	11.508	3.070	2000	11.033	2.640	2000	10.523	2.772	2000	11.621	3.127	2000	12.332	3.435	2000	13.234	3.806	2000	14.056	4.200	2000	13.934	4.118	2000	
10.938	2.913	2000	10.876	2.852	2000	10.420	2.492	2000	9.940	2.557	2000	10.982	2.976	2000	11.651	3.260	2000	12.527	3.670	2000	13.293	4.007	2000	13.164	3.933	2000	
10.087	2.755	2000	10.028	2.694	2000	9.626	2.335	2000	9.167	2.433	2000	10.146	2.791	2000	10.761	3.009	2000	11.544	3.389	2000	12.265	3.722	2000	12.188	3.693	2000	
9.261	2.572	2000	9.205	2.519	2000	8.831	2.217	2000	8.402	2.266	2000	9.296	2.600	2000	9.875	2.873	2000	10.610	3.191	2000	11.269	3.496	2000	11.165	3.387	2000	
8.206	2.278	2000	8.157	2.229	2000	7.839	1.968	2000	7.478	2.027	2000	8.248	2.303	2000	8.780	2.600	2000	9.393	2.781	2000	10.026	3.118	2000	9.902	3.065	2000	
6.756	1.955	2000	6.717	1.918	2000	6.443	1.708	2000	6.141	1.761	2000	6.784	2.010	2000	7.217	2.182	2000	7.734	2.404	2000	8.211	2.658	2000	8.141	2.607	2000	
4.914	1.546	2000	4.884	1.520	2000	4.688	1.380	2000	4.474	1.384	2000	4.947	1.567	2000	5.234	1.723	2000	5.623	1.924	2000	5.961	2.036	2000	5.904	2.000	2000	
3.090	0.742	2000	3.075	0.730	2000	3.006	0.638	2000	2.957	0.591	2000	3.110	0.777	2000	3.231	0.878	2000	3.393	1.029	2000	3.537	1.123	2000	3.535	1.121	2000	
2.638	0.341	1999	2.636	0.337	1999	2.617	0.280	1999	2.618	0.284	1999	2.646	0.351	1999	2.672	0.404	1999	2.708	0.478	1999	2.744	0.532	1999	2.745	0.555	1999	
2.492	0.324	1995	2.492	0.323	1995	2.489	0.309	1995	2.485	0.297	1995	2.494	0.324	1995	2.508	0.359	1995	2.523	0.393	1995	2.539	0.422	1995	2.547	0.438	1995	
2.348	0.375	1988	2.348	0.375	1988	2.348	0.376	1988	2.347	0.372	1988	2.349	0.377	1988	2.354	0.386	1988	2.362	0.409	1988	2.375	0.424	1988	2.375	0.420	1988	
2.254	0.435	1982	2.254	0.435	1982	2.254	0.433	1982	2.255	0.430	1982	2.258	0.438	1982	2.257	0.438	1982	2.261	0.449	1982	2.265	0.450	1982	2.268	0.448	1982	
2.284	0.750	1955	2.281	0.748	1955	2.327	0.807	1955	2.567	1.109	1955	2.350	0.851	1955	2.310	0.804	1955	2.285	0.781	1955	2.163	0.598	1955	2.108	0.489	1955	
9.130	5.537	1285	9.107	5.527	1285	8.756	5.213	1285	8.386	5.066	1285	9.132	5.554	1285	9.653	5.776	1285	10.254	6.041	1285	10.832	6.523	1285	11.379	6.663	1529	
9.864	2.979	2000	9.805	2.924	2000	9.403	2.588	2000	8.973	2.641	2000	9.907	2.966	2000	10.510	3.283	2000	11.266	3.508	2000	11.991	3.918	2000	11.840	3.747	2000	
9.701	2.650	2000	9.641	2.589	2000	9.256	2.296	2000	8.840	2.410	2000	9.757	2.688	2000	10.343	2.922	2000	11.104	3.250	2000	11.804	3.533	2000	11.708	3.559	2000	
9.482	2.622	2000	9.426	2.562	2000	9.056	2.246	2000	8.634	2.354	2000	9.526	2.639	2000	10.117	2.831	2000	10.834	3.120	2000	11.544	3.527	2000	11.434	3.425	2000	
9.134	2.540	2000	9.079	2.478	2000	8.703	2.155	2000	8.312	2.249	2000	9.165	2.533	2000	9.732	2.786	2000	10.443	3.099	2000	11.081	3.358	2000	11.024	3.380	2000	
8.723	2.436	2000	8.671	2.380	2000	8.316	2.063	2000	7.923	2.130	2000	8.756	2.415	2000	9.278	2.652	2000	9.973	2.976	2000	10.606	3.262	2000	10.520	3.216	2000	
8.132	2.328	2000	8.084	2.289	2000	7.738	1.970	2000	7.371	2.006	2000	8.147	2.343	2000	8.657	2.555	2000	9.281	2.817	2000	9.874	3.127	2000	9.794	3.066	2000	
7.262	2.066	2000	7.219	2.026	2000	6.940	1.813	2000	6.597	1.857	2000	7.289	2.081	2000	7.753	2.277	2000	8.326	2.562	2000	8.854	2.816	2000	8.797	2.794	2000	
6.821	1.937	2000	6.779	1.903	2000	6.511	1.678	2000	6.213	1.731	2000	6.860	1.978	2000	7.296	2.190	2000	7.811	2.407	2000	8.335	2.655	2000	8.265	2.664	2000	
5.868	1.743	2000	5.831	1.707	2000	5.615	1.547	2000	5.351	1.564	2000	5.907	1.779	2000	6.272	1.957	2000	6.736	2.119	2000	7.161	2.343	2000	7.103	2.315	2000	
3.306	0.936	2000	3.287	0.923	2000	3.180	0.829	2000	3.106	0.786	2000	3.328	0.964	2000	3.498	1.092	2000	3.708	1.234	2000	3.919	1.350	2000	3.870	1.337	2000	
2.490	0.306	1999	2.488	0.301	1999	2.478	0.280	1999	2.470	0.252	1999	2.499	0.332	1999	2.520	0.382	1999	2.553	0.453	1999	2.588	0.510	1999	2.600	0.539	1999	
2.368	0.302	2000	2.368	0.301	2000	2.360	0.280	2000	2.361	0.283	2000	2.369	0.304	2000	2.385	0.348	2000	2.398	0.376	2000	2.411	0.413	2000	2.417	0.428	2000	
2.237	0.357	1990	2.236	0.356	1990	2.236	0.354	1990	2.234	0.349	1990	2.239	0.364	1990	2.243	0.373	1990	2.256	0.405	1990	2.259	0.415	1990	2.264	0.424	1990	
2.128	0.403	1978	2.128	0.403	1978	2.128	0.402	1978	2.127	0.400	1978	2.129	0.405	1978	2.132	0.412	1978	2.134	0.419	1978	2.139	0.428	1978	2.140	0.431	1978	
1.906	0.462	1916	1.906	0.462	1916	1.905	0.461	1916	1.906	0.461	1916	1.907	0.463	1916	1.906	0.462	1916	1.907	0.465	1916	1.907	0.466	1916	1.908	0.467	1916	
1.707	0.484	1806	1.707	0.484	1806	1.707	0.484	1806	1.711	0.485	1806	1.713	0.487	1806	1.708	0.485	1806	1.708	0.485	1806	1.709	0.485	1806	1.710	0.488	1806	
1.880	0.865	1442	1.880	0.864	1442	1.898	0.881	1442	1.906	0.889	1442	1.881	0.872	1442	1.870	0.861	1442	1.875	0.868	1442	1.839	0.833	1442	1.844	0.833	1579	
-1	-1	-1	-1	-1	-1	-1	-1	-1	-1	-1	-1	-1	-1	-1	-1	-1	-1	-1	-1	-1	-1	-1	-1	8.500	-1	1	
7.454	3.026	2000	7.411	2.990	2000	7.102	2.737	2000	6.780	2.713	2000	7.468	3.030	2000	7.913	3.188	2000	8.500	3.529	2000	9.025	3.794	2000	8.883	3.466	2000	
7.268	2.131	2000	7.222	2.092	2000	6.917	1.838	2000	6.599	1.905	2000	7.287	2.124	2000	7.731	2.292	2000	8.294	2.536	2000	8.830	2.805	2000	8.773	2.812	2000	
7.078	2.049	2000	7.038	2.012	2000	6.741	1.779	2000	6.430	1.816	2000	7.096	2.057	2000	7.553	2.252	2000	8.111	2.491	2000	8.600	2.672	2000	8.567	2.742	2000	
6.809	1.996	2000	6.772	1.961	2000	6.493	1.715	2000	6.195	1.788	2000	6.823	1.969	2000	7.260	2.174	2000	7.797	2.409	2000	8.285	2.582	2000	8.219	2.550	2000	
6.457	1.964	2000	6.417	1.931	2000	6.144	1.650	2000	5.864	1.676	2000	6.471	1.931	2000	6.870	2.100	2000	7.377	2.336	2000	7.846	2.508	2000	7.794	2.516	2000	
6.274	1.901	2000	6.238	1.869	2000	5.982	1.654	2000	5.698	1.664	2000	6.295	1.905	2000	6.687	2.115	2000	7.177	2.317	2000	7.633	2.508	2000	7.570	2.458	2000	
5.168	1.565	2000	5.140	1.540	2000	4.931	1.407	2000	4.723	1.408	2000	5.192	1.607	2000	5.510	1.763	2000	5.904	1.955	2000	6.299	2.142	2000	6.238	2.118	2000	
3.882	1.172	2000	3.862	1.155	2000	3.712	1.016	2000	3.589	0.970	2000	3.883	1.187	2000	4.112	1.315	2000	4.386	1.474	2000	4.658	1.599	2000	4.602	1.583	2000	
2.939	0.501	2000	2.932	0.487	2000	2.881	0.398	2000	2.869	0.362	2000	2.949	0.521	2000	3.022	0.617	2000	3.121	0.769	2000	3.245	0.882	2000	3.219	0.872	2000	
2.292	0.450	1978	2.292	0.450	1978	2.291	0.447	1978	2.291	0.447	1978	2.292	0.449	1978	2.294	0.453	1978	2.294	0.454	1978	2.298	0.464	1978	2.297	0.461	1978	
1.898	0.661	1812	1.896	0.659	1812	1.913	0.673	1812	2.005	0.817	1812	1.927	0.724	1812	1.904	0.698	1812	1.886	0.641	1812	1.880	0.650	1812	1.864	0.630	1812	
-1	-1	-1	-1	-1	-1	-1	-1	-1	-1	-1	-1	-1	-1	-1	-1	-1	-1	-1	-1	-1	-1	-1	-1	3	-1	1	
5.460	2.992	1818	5.430	2.976	1818	5.249	2.824	1818	5.071	2.792	1818	5.487	3.062	1818	5.774	3.270	1818	6.174	3.616	1818	6.426	3.716	1818	6.445	3.745	1818	
5.230	1.619	2000	5.201	1.593	2000	4.979	1.430	2000	4.759	1.453	2000	5.260	1.647	2000	5.578	1.821	2000	5.981	1.968	2000	6.366	2.117	2000	6.318	2.142	2000	
5.343	1.684	2000	5.312	1.657	2000	5.096	1.463	2000	4.869	1.486	2000	5.354	1.671	2000	5.693	1.835	2000	6.107	2.010	2000	6.478	2.150	2000	6.430	2.152	2000	
5.225	1.618	2000	5.193	1.591	2000	4.973	1.419	2000	4.744	1.437	2000	5.242	1.601	2000	5.569	1.789	2000	5.977	1.980	2000	6.331	2.079	2000	6.301	2.125	2000	
4.962	1.573	2000	4.933	1.548	2000	4.721	1.352	2000	4.494	1.371	2000	4.963	1.550	2000	5.271	1.677	2000	5.670	1.892	2000	6.021	2.032	2000	5.955	2.030	2000	
5.049	1.582	2000	5.016	1.551	2000	4.815	1.383	2000	4.580	1.383	2000	5.065	1.574	2000	5.372	1.737	2000	5.779	1.915	2000	6.129	2.081	2000	6.068	2.028	2000	
3.761	1.160	2000	3.741	1.140	2000	3.591	1.017	2000	3.485	0.985	2000	3.777	1.185	2000	3.977	1.301	2000	4.244	1.463	2000	4.502	1.606	2000	4.486	1.584	2000	
2.981	0.624	2000	2.970	0.611	2000	2.903	0.508	2000	2.866	0.459	2000	2.982	0.630	2000	3.081	0.747	2000	3.219	0.880	2000	3.353	0.994	2000	3.327	0.993	2000	
2.612	0.314	2000	2.612	0.313	2000	2.589	0.255	2000	2.591	0.258	2000	2.611	0.316	2000	2.630	0.359	2000	2.664	0.448	2000	2.709	0.529	2000	2.694	0.504	2000	
2.155	0.463	1957	2.155	0.463	1957	2.155	0.463	1957	2.155	0.463	1957	2.157	0.465	1957	2.157	0.465	1957	2.157	0.466	1957	2.161	0.475	1957	2.160	0.475	1957	
2.021	0.996	1638	2.022	0.995	1638	2.048	1.018	1638	2.066	1.043	1638	2.031	1.011	1638	2.009	0.979	1638	2.016	0.996	1638	1.963	0.942	1638	1.974	0.928	1638	
-1	-1	-1	-1	-1	-1	-1	-1	-1	-1	-1	-1	-1	-1	-1	-1	-1	-1	-1	-1	-1	-1	-1	-1	-1	-1	-1	
4.896	2.423	1142	4.879	2.396	1142	4.762	2.288	1142	4.655	2.199	1142	4.945	2.465	1142	5.128	2.689	1142	5.358	2.720	1142	5.589	2.842	1142	5.557	2.932	1142	
4.140	1.110	2000	4.116	1.088	2000	3.975	0.945	2000	3.870	0.894	2000	4.153	1.148	2000	4.375	1.265	2000	4.634	1.468	2000	4.880	1.594	2000	4.862	1.581	2000	
4.262	1.209	2000	4.237	1.186	2000	4.085	1.019	2000	3.989	0.993	2000	4.266	1.201	2000	4.495	1.337	2000	4.799	1.535	2000	5.090	1.660	2000	5.014	1.657	2000	
3.750	0.848	2000	3.733	0.831	2000	3.632	0.685	2000	3.584	0.640	2000	3.759	0.887	2000	3.894	1.001	2000	4.120	1.202	2000	4.289	1.294	2000	4.263	1.292	2000	
3.331	0.409	2000	3.327	0.400	2000	3.292	0.315	2000	3.281	0.271	2000	3.342	0.445	2000	3.387	0.528	2000	3.461	0.643	2000	3.550	0.775	2000	3.541	0.762	2000	
3.059	0.328	2000	3.059	0.329	2000	3.055	0.316	2000	3.053	0.309	2000	3.063	0.337	2000	3.070	0.355	2000	3.086	0.402	2000	3.100	0.436	2000	3.108	0.447	2000	
2.688	0.532	1989	2.688	0.532	1989	2.688	0.532	1989	2.688	0.532	1989	2.688	0.532	1989	2.688	0.533	1989	2.690	0.537	1989	2.693	0.544	1989	2.692	0.544	1989	
2.481	1.128	1144	2.482	1.128	1144	2.496	1.137	1144	2.498	1.138	1144	2.488	1.124	1144	2.483	1.129	1144	2.466	1.107	1144	2.444	1.086	1144	2.464	1.105	1144	
-1	-1	-1	-1	-1	-1	-1	-1	-1	-1	-1	-1	-1	-1	-1	-1	-1	-1	-1	-1	-1	-1	-1	-1	-1	-1	-1	
3	-1	1	3	-1	1	3	-1	1	3	-1	1	3	-1	1	3	-1	1	3	-1	1	3	-1	1	3	-1	1	
3.967	0.428	2000	3.965	0.426	2000	3.953	0.406	2000	3.953	0.407	2000	3.974	0.446	2000	3.994	0.493	2000	4.026	0.559	2000	4.063	0.634	2000	4.053	0.598	2000	
4.081	0.376	2000	4.076	0.359	2000	4.056	0.285	2000	4.053	0.274	2000	4.079	0.359	2000	4.119	0.479	2000	4.182	0.595	2000	4.230	0.695	2000	4.242	0.709	2000	
4.151	0.414	2000	4.145	0.399	2000	4.111	0.290	2000	4.112	0.302	2000	4.166	0.459	2000	4.214	0.564	2000	4.309	0.746	2000	4.404	0.859	2000	4.387	0.823	2000	
3.911	0.296	2000	3.911	0.296	2000	3.905	0.272	2000	3.906	0.276	2000	3.911	0.295	2000	3.921	0.334	2000	3.943	0.407	2000	3.961	0.452	2000	3.975	0.476	2000	
3.571	0.486	2000	3.571	0.486	2000	3.571	0.486	2000	3.571	0.486	2000	3.571	0.486	2000	3.573	0.491	2000	3.574	0.493	2000	3.576	0.501	2000	3.580	0.509	2000	
3.065	0.725	1982	3.065	0.725	1982	3.065	0.725	1982	3.065	0.725	1982	3.065	0.725	1982	3.065	0.725	1982	3.065	0.725	1982	3.066	0.728	1982	3.066	0.727	1982	
2.010	0.812	1792	2.010	0.812	1792	2.011	0.812	1792	2.018	0.813	1792	2.014	0.813	1792	2.012	0.813	1792	2.012	0.812	1792	2.012	0.812	1792	2.011	0.812	1792	
-1	-1	-1	-1	-1	-1	-1	-1	-1	-1	-1	-1	-1	-1	-1	-1	-1	-1	-1	-1	-1	-1	-1	-1	-1	-1	-1	
