-1	-1	-1	-1	-1	-1	-1	-1	-1	-1	-1	-1	-1	-1	-1	-1	-1	-1	-1	-1	-1	-1	-1	-1	-1	-1	-1	
-1	-1	-1	-1	-1	-1	-1	-1	-1	-1	-1	-1	-1	-1	-1	-1	-1	-1	-1	-1	-1	-1	-1	-1	1	-1	1	
1.460	0.724	793	1.460	0.724	793	1.460	0.724	793	1.460	0.724	793	1.460	0.724	793	1.490	0.733	964	1.572	0.784	1243	1.647	0.837	1350	1.672	0.859	1358	
2.284	1.221	1719	2.284	1.221	1719	2.284	1.221	1719	2.284	1.221	1719	2.284	1.221	1719	2.284	1.221	1719	2.284	1.221	1719	2.284	1.221	1719	2.284	1.221	1719	
2.377	1.290	1740	2.377	1.290	1740	2.377	1.290	1740	2.377	1.290	1740	2.377	1.290	1740	2.377	1.290	1740	2.377	1.290	1740	2.377	1.290	1740	2.377	1.290	1740	
2.343	1.280	1731	2.343	1.280	1731	2.343	1.280	1731	2.343	1.280	1731	2.343	1.280	1731	2.343	1.280	1731	2.343	1.280	1731	2.343	1.280	1731	2.343	1.280	1731	
1.767	0.951	959	1.767	0.951	959	1.767	0.951	959	1.767	0.951	959	1.767	0.951	959	1.813	0.974	1190	1.990	1.062	1551	2.146	1.163	1687	2.214	1.211	1694	
-1	-1	-1	-1	-1	-1	-1	-1	-1	-1	-1	-1	-1	-1	-1	-1	-1	-1	-1	-1	-1	-1	-1	-1	-1	-1	-1	
-1	-1	-1	-1	-1	-1	-1	-1	-1	-1	-1	-1	-1	-1	-1	-1	-1	-1	-1	-1	-1	-1	-1	-1	-1	-1	-1	
1.060	0.239	83	1.060	0.239	83	1.060	0.239	83	1.070	0.256	115	1.110	0.329	200	1.137	0.370	329	1.148	0.388	499	1.180	0.432	616	1.216	0.490	657	
1.332	0.605	931	1.332	0.605	931	1.332	0.605	931	1.370	0.637	986	1.398	0.662	1007	1.402	0.672	1007	1.402	0.672	1007	1.402	0.672	1007	1.402	0.672	1007	
1.663	0.845	1357	1.663	0.845	1357	1.663	0.845	1357	1.663	0.845	1357	1.663	0.845	1357	1.663	0.845	1357	1.663	0.845	1357	1.663	0.845	1357	1.663	0.845	1357	
2.138	1.173	1651	2.138	1.173	1651	2.138	1.173	1651	2.138	1.173	1651	2.138	1.173	1651	2.138	1.173	1651	2.138	1.173	1651	2.138	1.173	1651	2.138	1.173	1651	
2.972	1.567	1847	2.972	1.567	1847	2.972	1.567	1847	2.972	1.567	1847	2.972	1.567	1847	2.972	1.567	1847	2.972	1.567	1847	2.972	1.567	1847	2.972	1.567	1847	
3.279	1.707	1919	3.279	1.707	1919	3.279	1.707	1919	3.279	1.707	1919	3.279	1.707	1919	3.279	1.707	1919	3.279	1.707	1919	3.279	1.707	1919	3.279	1.707	1919	
3.304	1.674	1915	3.304	1.674	1915	3.304	1.674	1915	3.304	1.674	1915	3.304	1.674	1915	3.304	1.674	1915	3.304	1.674	1915	3.304	1.674	1915	3.304	1.674	1915	
3.138	1.634	1905	3.138	1.634	1905	3.138	1.634	1905	3.152	1.654	1905	3.154	1.657	1905	3.154	1.657	1905	3.154	1.657	1905	3.154	1.657	1905	3.154	1.657	1905	
2.458	1.387	1689	2.458	1.387	1689	2.458	1.387	1689	2.661	1.445	1809	2.875	1.506	1851	2.910	1.527	1853	2.911	1.527	1853	2.911	1.527	1853	2.911	1.527	1853	
1.762	1.187	164	1.762	1.187	164	1.762	1.187	164	1.748	1.103	266	1.799	1.109	517	1.879	1.137	910	1.992	1.160	1324	2.232	1.237	1694	2.404	1.286	1788	
-1	-1	-1	-1	-1	-1	-1	-1	-1	-1	-1	-1	-1	-1	-1	-1	-1	-1	-1	-1	-1	-1	-1	-1	-1	-1	-1	
1.229	0.472	48	1.229	0.472	48	1.229	0.472	48	1.229	0.472	48	1.229	0.472	48	1.239	0.500	92	1.247	0.539	194	1.343	0.657	361	1.398	0.687	621	
1.935	1.067	1575	1.935	1.067	1575	1.935	1.067	1575	1.935	1.067	1575	1.935	1.067	1575	2.044	1.100	1646	2.102	1.146	1654	2.102	1.146	1654	2.102	1.146	1654	
2.701	1.453	1827	2.701	1.453	1827	2.701	1.453	1827	2.701	1.453	1827	2.701	1.453	1827	2.701	1.453	1827	2.701	1.453	1827	2.701	1.453	1827	2.701	1.453	1827	
3.359	1.736	1912	3.359	1.736	1912	3.359	1.736	1912	3.359	1.736	1912	3.359	1.736	1912	3.359	1.736	1912	3.359	1.736	1912	3.359	1.736	1912	3.359	1.736	1912	
4.900	2.197	1982	4.900	2.197	1982	4.900	2.197	1982	4.900	2.197	1982	4.900	2.197	1982	4.900	2.197	1982	4.900	2.197	1982	4.900	2.197	1982	4.900	2.197	1982	
4.938	2.219	1983	4.938	2.219	1983	4.938	2.219	1983	4.938	2.219	1983	4.938	2.219	1983	4.938	2.219	1983	4.938	2.219	1983	4.938	2.219	1983	4.938	2.219	1983	
4.774	2.128	1985	4.774	2.128	1985	4.774	2.128	1985	4.774	2.128	1985	4.774	2.128	1985	4.774	2.128	1985	4.774	2.128	1985	4.774	2.128	1985	4.774	2.128	1985	
3.653	1.904	1901	3.653	1.904	1901	3.653	1.904	1901	3.653	1.904	1901	3.653	1.904	1901	4.061	1.916	1971	4.297	1.977	1980	4.325	2.015	1980	4.325	2.015	1980	
2.090	1.520	89	2.090	1.520	89	2.090	1.520	89	2.090	1.520	89	2.090	1.520	89	2.206	1.518	131	2.145	1.460	262	2.329	1.568	505	2.391	1.527	919	
-1	-1	-1	-1	-1	-1	-1	-1	-1	-1	-1	-1	-1	-1	-1	-1	-1	-1	-1	-1	-1	-1	-1	-1	-1	-1	-1	
-1	-1	-1	-1	-1	-1	-1	-1	-1	-1	-1	-1	-1	-1	-1	-1	-1	-1	-1	-1	-1	-1	-1	-1	-1	-1	-1	
-1	-1	-1	-1	-1	-1	-1	-1	-1	-1	-1	-1	-1	-1	-1	-1	-1	-1	-1	-1	-1	-1	-1	-1	-1	-1	-1	
-1	-1	-1	-1	-1	-1	-1	-1	-1	-1	-1	-1	-1	-1	-1	-1	-1	-1	3	-1	1	2	1.414	2	1.500	0.837	6	
1.333	0.621	39	1.333	0.621	39	1.429	0.714	70	1.386	0.689	145	1.405	0.716	296	1.458	0.757	544	1.594	0.821	916	1.832	0.952	1360	2.159	1.121	1721	
1.985	1.065	1483	1.985	1.065	1483	2.434	1.278	1798	3.103	1.463	1939	3.584	1.727	1949	3.739	1.890	1949	3.758	1.927	1949	3.759	1.929	1949	3.759	1.929	1949	
4.731	1.993	1983	4.731	1.993	1983	4.919	2.189	1983	4.944	2.228	1983	4.944	2.228	1983	4.944	2.228	1983	4.944	2.228	1983	4.944	2.228	1983	4.944	2.228	1983	
6.523	2.427	1998	6.523	2.427	1998	6.569	2.492	1998	6.570	2.493	1998	6.570	2.493	1998	6.570	2.493	1998	6.570	2.493	1998	6.570	2.493	1998	6.570	2.493	1998	
6.536	2.171	1999	6.536	2.171	1999	7.073	2.552	1999	7.175	2.679	1999	7.178	2.686	1999	7.178	2.686	1999	7.178	2.686	1999	7.178	2.686	1999	7.178	2.686	1999	
2.475	1.379	1459	2.475	1.379	1459	3.234	1.634	1843	4.713	1.865	1981	6.242	2.058	1999	7.099	2.457	1999	7.296	2.674	1999	7.308	2.703	1999	7.308	2.704	1999	
1.429	0.737	42	1.429	0.737	42	1.467	0.759	75	1.575	0.864	153	1.645	0.919	313	1.814	1.040	597	1.978	1.210	1015	2.443	1.389	1499	3.315	1.668	1859	
-1	-1	-1	-1	-1	-1	-1	-1	-1	-1	-1	-1	-1	-1	-1	-1	-1	-1	2	-1	1	1.500	0.577	4	1.500	1.092	14	
-1	-1	-1	-1	-1	-1	-1	-1	-1	-1	-1	-1	-1	-1	-1	-1	-1	-1	-1	-1	-1	-1	-1	-1	-1	-1	-1	
-1	-1	-1	-1	-1	-1	-1	-1	-1	-1	-1	-1	-1	-1	-1	-1	-1	-1	-1	-1	-1	-1	-1	-1	-1	-1	-1	
-1	-1	-1	-1	-1	-1	-1	-1	-1	-1	-1	-1	-1	-1	-1	-1	-1	-1	-1	-1	-1	-1	-1	-1	-1	-1	-1	
-1	-1	-1	-1	-1	-1	-1	-1	-1	-1	-1	-1	1	-1	1	1	-1	1	1	-1	1	1	0	3	1.167	0.408	6	
1.519	0.753	27	1.519	0.753	27	1.575	0.844	40	1.518	0.802	83	1.432	0.784	148	1.513	0.871	300	1.589	0.887	533	1.708	0.971	914	1.895	1.053	1385	
1.801	1.026	851	1.801	1.026	851	1.899	1.120	1084	2.250	1.280	1557	2.910	1.464	1884	3.685	1.647	1962	4.163	1.907	1967	4.279	2.038	1967	4.291	2.061	1967	
4.173	1.776	1988	4.173	1.776	1988	4.768	1.842	1992	5.533	2.201	1993	5.757	2.399	1993	5.780	2.439	1993	5.780	2.439	1993	5.780	2.439	1993	5.780	2.439	1993	
6.884	2.425	1998	6.884	2.425	1998	7.063	2.580	1998	7.131	2.666	1998	7.135	2.674	1998	7.135	2.674	1998	7.135	2.674	1998	7.135	2.674	1998	7.135	2.674	1998	
7.957	2.735	1997	7.957	2.735	1997	8.043	2.835	1997	8.066	2.870	1997	8.066	2.870	1997	8.066	2.870	1997	8.066	2.870	1997	8.066	2.870	1997	8.066	2.870	1997	
8.735	2.609	2000	8.735	2.609	2000	9.119	2.852	2000	9.358	3.082	2000	9.367	3.100	2000	9.367	3.100	2000	9.367	3.100	2000	9.367	3.100	2000	9.367	3.100	2000	
5.855	2.398	1984	5.855	2.398	1984	7.102	2.405	2000	9.652	2.565	2000	11.044	3.110	2000	11.347	3.398	2000	11.357	3.414	2000	11.357	3.414	2000	11.357	3.414	2000	
1.987	1.340	790	1.987	1.340	790	2.134	1.404	1044	2.739	1.727	1565	4.023	2.129	1904	6.174	2.351	1995	8.498	2.431	1999	9.806	2.889	1999	10.106	3.143	1999	
1.556	0.922	18	1.556	0.922	18	1.594	1.073	32	1.676	1.274	71	1.565	1.054	154	1.614	1.059	295	1.798	1.231	516	2.025	1.379	927	2.557	1.613	1430	
-1	-1	-1	-1	-1	-1	-1	-1	-1	-1	-1	-1	-1	-1	-1	-1	-1	-1	-1	-1	-1	2	1	3	1.500	0.837	6	
-1	-1	-1	-1	-1	-1	-1	-1	-1	-1	-1	-1	-1	-1	-1	-1	-1	-1	-1	-1	-1	-1	-1	-1	-1	-1	-1	
-1	-1	-1	-1	-1	-1	-1	-1	-1	-1	-1	-1	-1	-1	-1	-1	-1	-1	-1	-1	-1	-1	-1	-1	-1	-1	-1	
-1	-1	-1	-1	-1	-1	-1	-1	-1	1	-1	1	1	-1	1	1	-1	1	1.250	0.500	4	1.286	0.488	7	1.400	0.632	15	
1.429	0.677	49	1.429	0.677	49	1.444	0.744	54	1.486	0.774	105	1.553	0.816	188	1.578	0.824	360	1.609	0.844	685	1.813	0.974	1121	2.180	1.140	1624	
1.800	0.987	873	1.800	0.987	873	1.837	1.010	938	2.243	1.267	1414	3.005	1.555	1825	4.321	1.720	1985	5.754	1.967	1998	6.653	2.426	1998	6.873	2.648	1998	
4.492	1.904	1969	4.492	1.904	1969	4.742	1.945	1983	6.864	2.089	2000	8.445	2.557	2000	9.005	2.989	2000	9.070	3.078	2000	9.071	3.080	2000	9.071	3.080	2000	
9.039	2.411	2000	9.039	2.411	2000	9.315	2.475	2000	10.582	3.108	2000	10.815	3.313	2000	10.825	3.327	2000	10.825	3.327	2000	10.825	3.327	2000	10.825	3.327	2000	
11.551	2.990	2000	11.551	2.990	2000	11.728	3.085	2000	12.227	3.470	2000	12.260	3.517	2000	12.261	3.519	2000	12.261	3.519	2000	12.261	3.519	2000	12.261	3.519	2000	
12.341	2.956	2000	12.341	2.956	2000	12.540	3.043	2000	13.260	3.541	2000	13.313	3.605	2000	13.313	3.605	2000	13.313	3.605	2000	13.313	3.605	2000	13.313	3.605	2000	
10.572	2.464	2000	10.572	2.464	2000	10.956	2.528	2000	13.022	3.251	2000	13.581	3.688	2000	13.617	3.732	2000	13.618	3.734	2000	13.618	3.734	2000	13.618	3.734	2000	
5.167	2.244	1973	5.167	2.244	1973	5.545	2.301	1981	8.904	2.472	2000	12.375	2.747	2000	14.565	3.507	2000	15.064	3.859	2000	15.090	3.897	2000	15.090	3.897	2000	
1.860	1.092	831	1.860	1.092	831	1.890	1.104	892	2.350	1.381	1381	3.385	1.822	1817	5.495	2.236	1983	8.509	2.392	2000	11.349	2.702	2000	12.755	3.318	2000	
1.277	0.579	47	1.277	0.579	47	1.283	0.568	53	1.490	0.700	102	1.591	0.787	198	1.593	0.812	356	1.733	0.961	705	2.003	1.135	1147	2.632	1.479	1640	
-1	-1	-1	-1	-1	-1	-1	-1	-1	-1	-1	-1	-1	-1	-1	1.500	0.707	2	1.250	0.500	4	1.286	0.488	7	1.455	0.688	11	
-1	-1	-1	-1	-1	-1	-1	-1	-1	-1	-1	-1	-1	-1	-1	-1	-1	-1	-1	-1	-1	-1	-1	-1	-1	-1	-1	
-1	-1	-1	-1	-1	-1	-1	-1	-1	-1	-1	-1	-1	-1	-1	-1	-1	-1	-1	-1	-1	-1	-1	-1	-1	-1	-1	
-1	-1	-1	-1	-1	-1	-1	-1	-1	-1	-1	-1	-1	-1	-1	-1	-1	-1	-1	-1	-1	-1	-1	-1	-1	-1	-1	
-1	-1	-1	-1	-1	-1	-1	-1	-1	-1	-1	-1	-1	-1	-1	-1	-1	-1	-1	-1	-1	1	0	4	1	0	8	
1.457	0.941	105	1.457	0.941	105	1.457	0.941	105	1.457	0.941	105	1.420	0.883	188	1.560	0.956	352	1.677	1.080	659	1.946	1.284	1146	2.519	1.561	1629	
3.398	1.968	1855	3.398	1.968	1855	3.398	1.968	1855	3.398	1.968	1855	5.261	2.340	1978	8.400	2.449	2000	11.680	2.672	2000	13.705	3.369	2000	14.172	3.777	2000	
14.435	3.050	2000	14.435	3.050	2000	14.435	3.050	2000	14.435	3.050	2000	16.052	3.687	2000	16.446	4.023	2000	16.465	4.051	2000	16.465	4.051	2000	16.465	4.051	2000	
17.794	4.185	2000	17.794	4.185	2000	17.794	4.185	2000	17.794	4.185	2000	17.859	4.257	2000	17.860	4.258	2000	17.860	4.258	2000	17.860	4.258	2000	17.860	4.258	2000	
18.459	4.162	2000	18.459	4.162	2000	18.459	4.162	2000	18.459	4.162	2000	18.545	4.258	2000	18.547	4.262	2000	18.547	4.262	2000	18.547	4.262	2000	18.547	4.262	2000	
15.792	3.087	2000	15.792	3.087	2000	15.792	3.087	2000	15.792	3.087	2000	18.031	3.825	2000	18.685	4.314	2000	18.718	4.359	2000	18.718	4.359	2000	18.718	4.359	2000	
3.507	2.104	1835	3.507	2.104	1835	3.507	2.104	1835	3.507	2.104	1835	5.543	2.547	1978	9.181	2.715	2000	13.568	2.879	2000	16.844	3.519	2000	17.923	4.113	2000	
1.475	0.864	118	1.475	0.864	118	1.475	0.864	118	1.475	0.864	118	1.492	0.873	185	1.520	0.979	379	1.696	1.115	681	1.982	1.322	1108	2.629	1.663	1643	
1	-1	1	1	-1	1	1	-1	1	1	-1	1	1	-1	1	1	-1	1	1	0	2	1	0	2	1.600	0.894	5	
-1	-1	-1	-1	-1	-1	-1	-1	-1	-1	-1	-1	-1	-1	-1	-1	-1	-1	-1	-1	-1	-1	-1	-1	-1	-1	-1	
-1	-1	-1	-1	-1	-1	-1	-1	-1	-1	-1	-1	-1	-1	-1	-1	-1	-1	-1	-1	-1	-1	-1	-1	-1	-1	-1	
-1	-1	-1	-1	-1	-1	-1	-1	-1	-1	-1	-1	-1	-1	-1	-1	-1	-1	-1	-1	-1	-1	-1	-1	-1	-1	-1	
1	0	5	1	0	5	1	0	5	2.462	2.537	13	2.087	2.109	23	1.955	1.855	44	1.892	1.732	83	1.893	1.707	150	2.131	1.947	290	
1.798	1.625	277	1.798	1.625	277	1.815	1.643	286	1.964	1.789	532	2.252	1.964	917	2.987	2.390	1404	4.484	3.074	1824	7.341	3.615	1977	11.566	3.566	2000	
3.970	2.962	1713	3.970	2.962	1713	4.043	2.976	1739	6.501	3.679	1966	10.890	4.018	1999	16.276	3.718	2000	20.395	3.898	2000	21.830	4.514	2000	21.960	4.640	2000	
12.443	4.124	2000	12.443	4.124	2000	12.754	4.073	2000	18.693	3.676	2000	22.895	4.106	2000	24.134	4.770	2000	24.218	4.872	2000	24.218	4.872	2000	24.218	4.872	2000	
20.331	3.769	2000	20.331	3.769	2000	20.667	3.736	2000	24.279	4.298	2000	25.205	4.865	2000	25.253	4.917	2000	25.253	4.917	2000	25.253	4.917	2000	25.253	4.917	2000	
22.494	3.834	2000	22.494	3.834	2000	22.718	3.869	2000	25.171	4.667	2000	25.525	4.967	2000	25.530	4.974	2000	25.530	4.974	2000	25.530	4.974	2000	25.530	4.974	2000	
20.182	3.621	2000	20.182	3.621	2000	20.488	3.628	2000	24.068	4.323	2000	24.863	4.820	2000	24.907	4.867	2000	24.907	4.867	2000	24.907	4.867	2000	24.907	4.867	2000	
12.539	4.102	2000	12.539	4.102	2000	12.888	4.113	2000	18.708	3.772	2000	22.825	4.182	2000	23.990	4.827	2000	24.068	4.896	2000	24.069	4.898	2000	24.069	4.898	2000	
4.017	2.982	1688	4.017	2.982	1688	4.113	3.014	1713	6.529	3.592	1972	11.037	3.977	1999	16.492	3.623	2000	20.724	3.831	2000	22.194	4.491	2000	22.329	4.615	2000	
1.907	1.710	289	1.907	1.710	289	1.950	1.739	300	2.220	1.979	550	2.426	2.109	928	3.034	2.547	1416	4.599	3.193	1829	7.548	3.711	1994	12.158	3.674	2000	
1	0	5	1	0	5	1	0	5	1	0	10	1.167	0.514	18	1.367	0.850	30	1.924	1.817	66	1.850	1.685	133	1.971	1.818	242	
-1	-1	-1	-1	-1	-1	-1	-1	-1	-1	-1	-1	-1	-1	-1	-1	-1	-1	-1	-1	-1	-1	-1	-1	-1	-1	-1	
-1	-1	-1	-1	-1	-1	-1	-1	-1	-1	-1	-1	-1	-1	-1	-1	-1	-1	-1	-1	-1	-1	-1	-1	-1	-1	-1	
-1	-1	-1	-1	-1	-1	-1	-1	-1	-1	-1	-1	-1	-1	-1	-1	-1	-1	-1	-1	-1	-1	-1	-1	-1	-1	-1	
2.536	1.829	56	2.536	1.829	56	2.536	1.829	56	2.536	1.829	56	2.536	1.829	56	2.536	1.829	56	2.319	1.757	91	2.461	1.902	178	2.361	1.822	357	
7.771	4.086	1968	7.771	4.086	1968	7.771	4.086	1968	7.771	4.086	1968	7.771	4.086	1968	7.771	4.086	1968	12.523	4.610	2000	20.277	4.476	2000	27.676	4.314	2000	
33.646	5.644	2000	33.646	5.644	2000	33.646	5.644	2000	33.646	5.644	2000	33.646	5.644	2000	33.646	5.644	2000	33.910	5.852	2000	33.919	5.865	2000	33.919	5.865	2000	
34.276	5.725	2000	34.276	5.725	2000	34.276	5.725	2000	34.276	5.725	2000	34.276	5.725	2000	34.276	5.725	2000	34.276	5.725	2000	34.276	5.725	2000	34.276	5.725	2000	
33.923	5.610	2000	33.923	5.610	2000	33.923	5.610	2000	33.923	5.610	2000	33.923	5.610	2000	33.923	5.610	2000	33.923	5.610	2000	33.923	5.610	2000	33.923	5.610	2000	
32.234	5.377	2000	32.234	5.377	2000	32.234	5.377	2000	32.234	5.377	2000	32.234	5.377	2000	32.234	5.377	2000	32.426	5.544	2000	32.429	5.551	2000	32.429	5.551	2000	
7.793	3.892	1974	7.793	3.892	1974	7.793	3.892	1974	7.793	3.892	1974	7.793	3.892	1974	7.793	3.892	1974	12.578	4.316	2000	19.810	4.263	2000	26.658	4.125	2000	
2.120	1.438	50	2.120	1.438	50	2.120	1.438	50	2.120	1.438	50	2.120	1.438	50	2.120	1.438	50	2.141	1.457	78	2.133	1.583	165	2.194	1.745	319	
-1	-1	-1	-1	-1	-1	-1	-1	-1	-1	-1	-1	-1	-1	-1	-1	-1	-1	-1	-1	-1	-1	-1	-1	-1	-1	-1	
-1	-1	-1	-1	-1	-1	-1	-1	-1	-1	-1	-1	-1	-1	-1	-1	-1	-1	-1	-1	-1	-1	-1	-1	-1	-1	-1	
-1	-1	-1	-1	-1	-1	-1	-1	-1	-1	-1	-1	-1	-1	-1	-1	-1	-1	-1	-1	-1	-1	-1	-1	-1	-1	-1	
-1	-1	-1	-1	-1	-1	-1	-1	-1	-1	-1	-1	-1	-1	-1	4	-1	1	5.333	1.155	3	4.250	2.363	4	3.500	2.330	8	
2.833	2.061	132	2.833	2.061	132	2.820	2.030	139	2.687	2.049	259	2.881	2.117	464	3.394	2.477	790	4.094	3.033	1246	5.692	3.820	1710	9.326	4.860	1962	
7.393	4.539	1889	7.393	4.539	1889	7.707	4.633	1899	13.430	5.809	1997	22.893	5.902	2000	33.937	5.182	2000	41.833	5.480	2000	44.239	6.427	2000	44.431	6.572	2000	
33.581	5.112	2000	33.581	5.112	2000	34.372	5.058	2000	42.459	5.510	2000	45.010	6.490	2000	45.203	6.650	2000	45.206	6.651	2000	45.206	6.651	2000	45.206	6.651	2000	
41.272	5.335	2000	41.272	5.335	2000	41.670	5.433	2000	44.206	6.348	2000	44.376	6.500	2000	44.377	6.502	2000	44.377	6.502	2000	44.377	6.502	2000	44.377	6.502	2000	
32.611	5.001	2000	32.611	5.001	2000	33.339	4.948	2000	40.596	5.338	2000	42.651	6.143	2000	42.792	6.247	2000	42.792	6.247	2000	42.792	6.247	2000	42.792	6.247	2000	
7.444	4.557	1891	7.444	4.557	1891	7.757	4.655	1902	13.350	5.489	1998	22.195	5.521	2000	31.934	4.811	2000	38.310	5.373	2000	39.964	6.062	2000	40.053	6.146	2000	
2.804	1.876	107	2.804	1.876	107	2.743	1.860	113	2.848	2.082	224	2.967	2.087	421	3.223	2.382	732	3.992	3.006	1179	5.548	3.833	1654	9.115	4.922	1951	
-1	-1	-1	-1	-1	-1	-1	-1	-1	-1	-1	-1	-1	-1	-1	3	-1	1	2	1.414	2	1.667	1.155	3	3.429	2.573	7	
-1	-1	-1	-1	-1	-1	-1	-1	-1	-1	-1	-1	-1	-1	-1	-1	-1	-1	-1	-1	-1	-1	-1	-1	-1	-1	-1	
-1	-1	-1	-1	-1	-1	-1	-1	-1	-1	-1	-1	-1	-1	-1	-1	-1	-1	-1	-1	-1	-1	-1	-1	-1	-1	-1	
-1	-1	-1	-1	-1	-1	-1	-1	-1	-1	-1	-1	-1	-1	-1	-1	-1	-1	-1	-1	-1	-1	-1	-1	-1	-1	-1	
-1	-1	-1	-1	-1	-1	-1	-1	-1	-1	-1	-1	-1	-1	-1	-1	-1	-1	-1	-1	-1	1	-1	1	2.500	2.121	2	
1.751	1.221	265	1.751	1.221	265	1.800	1.260	325	1.911	1.384	606	2.202	1.575	999	2.896	1.988	1481	4.511	2.893	1853	7.856	3.897	1995	14.622	4.913	2000	
18.885	4.884	2000	18.885	4.884	2000	21.485	5.018	2000	34.897	4.951	2000	48.231	5.070	2000	55.650	6.520	2000	57.019	7.171	2000	57.065	7.209	2000	57.065	7.210	2000	
44.705	4.648	2000	44.705	4.648	2000	47.239	4.944	2000	53.739	6.523	2000	54.800	7.038	2000	54.821	7.056	2000	54.821	7.056	2000	54.821	7.056	2000	54.821	7.056	2000	
18.674	4.683	2000	18.674	4.683	2000	21.150	4.818	2000	33.466	4.661	2000	45.028	5.176	2000	50.613	6.412	2000	51.444	6.886	2000	51.465	6.910	2000	51.465	6.910	2000	
1.568	1.000	264	1.568	1.000	264	1.630	1.057	311	1.813	1.199	560	2.172	1.529	948	2.871	2.006	1462	4.346	2.762	1872	7.777	3.762	1991	14.205	4.535	2000	
-1	-1	-1	-1	-1	-1	-1	-1	-1	-1	-1	-1	-1	-1	-1	-1	-1	-1	-1	-1	-1	-1	-1	-1	-1	-1	-1	
-1	-1	-1	-1	-1	-1	-1	-1	-1	-1	-1	-1	-1	-1	-1	-1	-1	-1	-1	-1	-1	-1	-1	-1	-1	-1	-1	
-1	-1	-1	-1	-1	-1	-1	-1	-1	-1	-1	-1	-1	-1	-1	-1	-1	-1	-1	-1	-1	-1	-1	-1	-1	-1	-1	
-1	-1	-1	-1	-1	-1	-1	-1	-1	-1	-1	-1	-1	-1	-1	-1	-1	-1	-1	-1	-1	-1	-1	-1	-1	-1	-1	
-1	-1	-1	-1	-1	-1	-1	-1	-1	-1	-1	-1	-1	-1	-1	-1	-1	-1	-1	-1	-1	-1	-1	-1	-1	-1	-1	
2	1.155	10	2	1.155	10	2	1.128	12	1.895	1.100	19	1.737	0.891	38	1.703	0.913	91	1.659	0.961	173	1.653	0.951	326	1.792	1.081	615	
3.820	2.333	1781	3.820	2.333	1781	4.967	2.821	1906	9.154	3.830	1999	17.187	4.855	2000	30.006	5.620	2000	47.291	5.559	2000	63.142	6.180	2000	70.259	7.805	2000	
36.249	4.746	2000	36.249	4.746	2000	44.662	4.834	2000	59.917	5.690	2000	66.972	7.370	2000	67.993	7.874	2000	68.014	7.891	2000	68.014	7.891	2000	68.014	7.891	2000	
35.437	4.596	2000	35.437	4.596	2000	43.348	4.706	2000	57.039	5.774	2000	62.927	7.339	2000	63.661	7.763	2000	63.676	7.774	2000	63.676	7.774	2000	63.676	7.774	2000	
3.788	2.351	1798	3.788	2.351	1798	4.935	2.786	1911	9.049	3.855	1998	16.646	4.682	2000	28.448	5.001	2000	42.804	4.947	2000	53.935	5.882	2000	57.639	7.104	2000	
1.500	0.707	2	1.500	0.707	2	1.500	0.577	4	1.333	0.488	15	1.314	0.530	35	1.528	0.893	89	1.565	0.849	170	1.648	0.995	327	1.807	1.131	637	
-1	-1	-1	-1	-1	-1	-1	-1	-1	-1	-1	-1	-1	-1	-1	-1	-1	-1	-1	-1	-1	-1	-1	-1	-1	-1	-1	
-1	-1	-1	-1	-1	-1	-1	-1	-1	-1	-1	-1	-1	-1	-1	-1	-1	-1	-1	-1	-1	-1	-1	-1	-1	-1	-1	
-1	-1	-1	-1	-1	-1	-1	-1	-1	-1	-1	-1	-1	-1	-1	-1	-1	-1	-1	-1	-1	-1	-1	-1	-1	-1	-1	
-1	-1	-1	-1	-1	-1	1.500	0.707	2	1.333	0.577	3	1.400	0.548	5	2	1.414	10	1.895	1.370	19	1.674	1.055	46	1.693	1.138	88	
1.618	1.143	89	1.618	1.143	89	1.630	1.072	165	1.751	1.186	313	1.876	1.340	595	2.230	1.519	991	2.937	1.998	1485	4.659	2.860	1884	8.643	3.976	1992	
2.464	1.769	1104	2.464	1.769	1104	3.317	2.282	1557	5.252	3.119	1917	9.666	4.303	1997	18.067	5.535	2000	32.244	6.296	2000	52.506	6.424	2000	73.187	6.433	2000	
7.499	3.750	1988	7.499	3.750	1988	13.659	4.798	2000	25.163	5.906	2000	42.967	6.393	2000	65.238	6.138	2000	82.792	7.218	2000	88.896	8.662	2000	89.440	8.930	2000	
17.915	5.049	2000	17.915	5.049	2000	31.337	5.747	2000	51.728	6.089	2000	73.486	6.296	2000	86.602	7.913	2000	89.529	8.940	2000	89.639	9.026	2000	89.639	9.026	2000	
23.457	5.220	2000	23.457	5.220	2000	39.470	5.652	2000	60.847	5.687	2000	79.369	6.786	2000	86.791	8.620	2000	87.613	9.037	2000	87.618	9.043	2000	87.618	9.043	2000	
17.798	5.046	2000	17.798	5.046	2000	30.810	5.764	2000	50.256	5.949	2000	70.282	6.267	2000	81.473	7.892	2000	83.677	8.681	2000	83.742	8.732	2000	83.742	8.732	2000	
7.317	3.625	1987	7.317	3.625	1987	13.275	4.773	2000	24.252	5.573	2000	41.037	6.019	2000	60.345	5.785	2000	73.508	7.120	2000	77.180	8.297	2000	77.394	8.442	2000	
2.330	1.557	1101	2.330	1.557	1101	3.147	2.075	1562	5.146	2.982	1913	9.570	4.251	1994	17.624	5.278	2000	30.888	5.965	2000	48.020	5.743	2000	63.118	6.092	2000	
1.619	0.968	84	1.619	0.968	84	1.675	0.968	160	1.686	1.072	299	1.889	1.237	596	2.182	1.453	1020	2.988	2.007	1488	4.730	2.930	1873	8.549	3.926	1995	
-1	-1	-1	-1	-1	-1	-1	-1	-1	1	-1	1	1.500	1	4	1.714	1.204	14	1.800	1.118	25	1.688	0.993	48	1.725	0.967	91	
-1	-1	-1	-1	-1	-1	-1	-1	-1	-1	-1	-1	-1	-1	-1	-1	-1	-1	-1	-1	-1	-1	-1	-1	-1	-1	-1	
1.556	1.075	419	1.627	1.104	691	1.990	1.451	1136	2.769	1.959	1620	4.571	2.760	1929	8.493	3.853	1998	16.187	4.833	2000	28.924	5.566	2000	47.287	5.814	2000	
2.151	1.569	1228	2.874	1.995	1621	4.730	2.844	1923	8.809	3.894	1999	16.777	5.035	2000	30.282	5.857	2000	50.337	6.052	2000	71.602	6.214	2000	84.424	7.750	2000	
3.004	2.035	1693	4.447	2.623	1920	8.297	3.665	1997	15.831	4.874	2000	28.921	5.879	2000	48.805	6.275	2000	72.024	6.272	2000	88.311	7.725	2000	92.830	8.951	2000	
3.766	2.370	1874	6.034	3.172	1989	11.726	4.347	2000	22.083	5.522	2000	39.077	6.154	2000	62.125	6.207	2000	84.100	6.692	2000	94.957	8.586	2000	96.593	9.249	2000	
4.428	2.574	1937	7.388	3.393	1994	14.190	4.549	2000	26.323	5.665	2000	45.527	6.319	2000	69.852	6.368	2000	89.761	7.385	2000	97.272	9.078	2000	97.999	9.420	2000	
5.064	2.849	1956	8.258	3.693	1997	15.738	4.925	2000	28.835	5.865	2000	49.068	6.400	2000	73.347	6.308	2000	91.269	7.713	2000	96.878	9.360	2000	97.241	9.592	2000	
5.168	2.920	1957	8.487	3.729	1998	16.240	4.852	2000	29.778	5.630	2000	50.155	6.106	2000	73.359	6.286	2000	89.737	7.925	2000	94.222	9.323	2000	94.486	9.481	2000	
5.072	2.828	1953	8.268	3.611	1997	15.745	4.712	2000	28.434	5.505	2000	47.831	6.046	2000	69.668	6.090	2000	84.657	7.500	2000	88.721	8.761	2000	88.923	8.900	2000	
4.438	2.485	1936	7.352	3.373	1994	13.906	4.453	2000	25.538	5.394	2000	42.884	5.799	2000	63.043	5.727	2000	77.015	7.187	2000	81.029	8.469	2000	81.261	8.618	2000	
3.655	2.326	1859	5.857	3.044	1987	11.197	4.097	2000	20.677	5.054	2000	35.198	5.515	2000	51.926	5.574	2000	63.828	6.795	2000	67.276	7.915	2000	67.503	8.045	2000	
2.916	1.960	1695	4.377	2.640	1915	8.121	3.559	1995	15.133	4.404	2000	26.435	4.847	2000	41.084	4.792	2000	53.969	5.540	2000	59.444	6.918	2000	60.092	7.291	2000	
2.155	1.487	1281	2.826	1.870	1654	4.639	2.613	1945	8.594	3.512	1999	15.765	4.329	2000	26.618	4.731	2000	39.524	4.782	2000	49.108	5.883	2000	52.069	6.968	2000	
1.480	1.008	406	1.622	1.116	638	2.010	1.437	1083	2.733	1.933	1563	4.425	2.635	1902	8.079	3.458	1997	14.420	4.089	2000	23.613	4.164	2000	33.487	4.366	2000	
2.355	2.122	31	2.355	2.122	31	2.355	2.122	31	2.355	2.122	31	2.344	2.089	32	2.508	1.983	63	2.611	1.992	126	2.439	1.865	253	2.662	1.998	503	
2.943	2.275	842	2.943	2.275	842	2.943	2.275	842	2.943	2.275	842	2.950	2.261	881	3.783	2.789	1393	5.614	3.738	1812	10.073	5.101	1991	18.393	6.172	2000	
7.955	4.679	1941	7.955	4.679	1941	7.955	4.679	1941	7.955	4.679	1941	8.301	4.736	1947	15.151	5.942	1995	26.473	6.505	2000	41.569	6.063	2000	54.959	5.923	2000	
21.846	6.957	2000	21.846	6.957	2000	21.846	6.957	2000	21.846	6.957	2000	22.642	7.086	2000	38.493	7.397	2000	58.273	6.692	2000	73.140	6.933	2000	78.037	8.269	2000	
40.872	7.821	2000	40.872	7.821	2000	40.872	7.821	2000	40.872	7.821	2000	42.120	7.810	2000	64.552	7.032	2000	82.840	7.131	2000	89.707	8.526	2000	90.398	8.864	2000	
57.689	7.646	2000	57.689	7.646	2000	57.689	7.646	2000	57.689	7.646	2000	59.251	7.583	2000	81.751	6.956	2000	93.939	8.379	2000	96.114	9.157	2000	96.172	9.198	2000	
69.452	7.210	2000	69.452	7.210	2000	69.452	7.210	2000	69.452	7.210	2000	71.036	7.098	2000	91.200	7.345	2000	98.848	8.813	2000	99.548	9.151	2000	99.558	9.160	2000	
75.072	7.488	2000	75.072	7.488	2000	75.072	7.488	2000	75.072	7.488	2000	76.581	7.494	2000	95.554	7.861	2000	101.542	9.275	2000	101.935	9.463	2000	101.936	9.464	2000	
75.227	7.174	2000	75.227	7.174	2000	75.227	7.174	2000	75.227	7.174	2000	76.750	7.173	2000	95.917	7.870	2000	102.075	9.197	2000	102.523	9.424	2000	102.525	9.426	2000	
69.881	7.483	2000	69.881	7.483	2000	69.881	7.483	2000	69.881	7.483	2000	71.439	7.431	2000	92.330	7.527	2000	100.423	9.062	2000	101.268	9.428	2000	101.276	9.436	2000	
57.957	7.986	2000	57.957	7.986	2000	57.957	7.986	2000	57.957	7.986	2000	59.582	7.927	2000	82.825	7.078	2000	95.538	8.568	2000	97.866	9.344	2000	97.930	9.384	2000	
41.175	7.938	2000	41.175	7.938	2000	41.175	7.938	2000	41.175	7.938	2000	42.466	7.892	2000	65.201	7.372	2000	83.826	7.539	2000	91.028	9.010	2000	91.745	9.359	2000	
21.914	6.868	2000	21.914	6.868	2000	21.914	6.868	2000	21.914	6.868	2000	22.774	6.897	2000	38.978	7.505	2000	58.988	6.722	2000	74.674	7.205	2000	80.009	8.468	2000	
7.757	4.504	1951	7.757	4.504	1951	7.757	4.504	1951	7.757	4.504	1951	8.030	4.586	1961	14.891	5.889	1999	25.913	6.281	2000	40.230	5.802	2000	52.230	5.897	2000	
3.051	2.291	849	3.051	2.291	849	3.051	2.291	849	3.051	2.291	849	3.071	2.313	872	3.826	2.876	1411	5.801	3.830	1821	10.020	4.994	1985	17.268	5.443	2000	
2.704	2.053	27	2.704	2.053	27	2.704	2.053	27	2.704	2.053	27	2.857	2.172	28	2.517	2.288	58	2.444	2.086	135	2.422	1.913	282	2.544	1.974	493	
2.463	2.554	147	2.463	2.554	147	2.463	2.554	147	2.463	2.554	147	2.463	2.554	147	2.478	2.498	159	2.576	2.585	288	2.756	2.657	508	3.062	3.009	886	
5.763	4.829	1762	5.763	4.829	1762	5.763	4.829	1762	5.763	4.829	1762	5.763	4.829	1762	6.151	4.964	1795	10.790	6.583	1978	19.542	7.841	2000	33.980	8.402	2000	
25.939	8.680	2000	25.939	8.680	2000	25.939	8.680	2000	25.939	8.680	2000	25.939	8.680	2000	27.735	8.693	2000	45.898	8.500	2000	65.167	7.021	2000	76.677	7.509	2000	
55.526	8.340	2000	55.526	8.340	2000	55.526	8.340	2000	55.526	8.340	2000	55.526	8.340	2000	57.965	8.174	2000	75.714	7.128	2000	82.889	8.262	2000	83.683	8.655	2000	
78.067	7.351	2000	78.067	7.351	2000	78.067	7.351	2000	78.067	7.351	2000	78.067	7.351	2000	80.039	7.377	2000	89.536	8.411	2000	90.882	8.988	2000	90.910	9.010	2000	
90.188	7.865	2000	90.188	7.865	2000	90.188	7.865	2000	90.188	7.865	2000	90.188	7.865	2000	91.515	8.037	2000	96.208	9.162	2000	96.475	9.313	2000	96.477	9.314	2000	
96.665	8.153	2000	96.665	8.153	2000	96.665	8.153	2000	96.665	8.153	2000	96.665	8.153	2000	97.708	8.349	2000	100.950	9.327	2000	101.078	9.408	2000	101.079	9.409	2000	
99.035	8.309	2000	99.035	8.309	2000	99.035	8.309	2000	99.035	8.309	2000	99.035	8.309	2000	100.090	8.506	2000	103.597	9.498	2000	103.730	9.574	2000	103.731	9.574	2000	
96.629	7.637	2000	96.629	7.637	2000	96.629	7.637	2000	96.629	7.637	2000	96.629	7.637	2000	98.292	7.805	2000	104.810	9.229	2000	105.304	9.463	2000	105.305	9.465	2000	
85.567	7.822	2000	85.567	7.822	2000	85.567	7.822	2000	85.567	7.822	2000	85.567	7.822	2000	88.136	7.642	2000	102.063	8.465	2000	104.721	9.350	2000	104.801	9.396	2000	
60.816	9.427	2000	60.816	9.427	2000	60.816	9.427	2000	60.816	9.427	2000	60.816	9.427	2000	63.816	9.310	2000	88.015	7.590	2000	100.814	8.511	2000	102.974	9.249	2000	
26.907	9.456	2000	26.907	9.456	2000	26.907	9.456	2000	26.907	9.456	2000	26.907	9.456	2000	28.830	9.577	2000	49.370	10.034	2000	74.288	8.365	2000	92.977	7.660	2000	
5.929	4.933	1762	5.929	4.933	1762	5.929	4.933	1762	5.929	4.933	1762	5.929	4.933	1762	6.220	5.047	1805	10.927	6.876	1984	20.282	8.700	2000	36.219	9.699	2000	
2.654	2.705	133	2.654	2.705	133	2.654	2.705	133	2.654	2.705	133	2.654	2.705	133	2.600	2.631	145	2.475	2.563	263	2.512	2.618	506	2.855	2.825	890	
1.500	0.985	18	1.500	0.985	18	1.500	0.985	18	1.500	0.985	18	1.500	0.985	18	1.500	0.985	18	1.538	1.240	26	1.852	2.374	54	2.371	3.329	124	
3.066	3.537	1004	3.066	3.537	1004	3.066	3.537	1004	3.066	3.537	1004	3.066	3.537	1004	3.066	3.537	1004	3.596	3.959	1261	5.273	5.130	1734	9.033	6.770	1963	
13.726	7.900	1997	13.726	7.900	1997	13.726	7.900	1997	13.726	7.900	1997	13.726	7.900	1997	13.726	7.900	1997	18.809	8.711	2000	33.270	9.665	2000	51.697	8.567	2000	
43.172	9.979	2000	43.172	9.979	2000	43.172	9.979	2000	43.172	9.979	2000	43.172	9.979	2000	43.172	9.979	2000	53.544	9.219	2000	72.072	7.318	2000	81.029	7.960	2000	
71.640	8.100	2000	71.640	8.100	2000	71.640	8.100	2000	71.640	8.100	2000	71.640	8.100	2000	71.640	8.100	2000	79.914	7.420	2000	87.114	8.445	2000	87.873	8.792	2000	
87.728	7.704	2000	87.728	7.704	2000	87.728	7.704	2000	87.728	7.704	2000	87.728	7.704	2000	87.728	7.704	2000	91.501	8.401	2000	93.051	9.022	2000	93.086	9.054	2000	
95.373	8.588	2000	95.373	8.588	2000	95.373	8.588	2000	95.373	8.588	2000	95.373	8.588	2000	95.373	8.588	2000	96.920	9.163	2000	97.284	9.350	2000	97.289	9.356	2000	
99.182	8.917	2000	99.182	8.917	2000	99.182	8.917	2000	99.182	8.917	2000	99.182	8.917	2000	99.182	8.917	2000	100.097	9.257	2000	100.255	9.352	2000	100.256	9.352	2000	
101.097	8.839	2000	101.097	8.839	2000	101.097	8.839	2000	101.097	8.839	2000	101.097	8.839	2000	101.097	8.839	2000	102.090	9.213	2000	102.284	9.310	2000	102.284	9.312	2000	
100.282	8.743	2000	100.282	8.743	2000	100.282	8.743	2000	100.282	8.743	2000	100.282	8.743	2000	100.282	8.743	2000	102.266	9.304	2000	102.774	9.515	2000	102.779	9.518	2000	
94.597	7.949	2000	94.597	7.949	2000	94.597	7.949	2000	94.597	7.949	2000	94.597	7.949	2000	94.597	7.949	2000	99.550	8.541	2000	101.933	9.365	2000	101.996	9.402	2000	
77.405	8.770	2000	77.405	8.770	2000	77.405	8.770	2000	77.405	8.770	2000	77.405	8.770	2000	77.405	8.770	2000	87.754	7.830	2000	98.133	8.728	2000	99.649	9.335	2000	
44.974	11.257	2000	44.974	11.257	2000	44.974	11.257	2000	44.974	11.257	2000	44.974	11.257	2000	44.974	11.257	2000	56.972	10.588	2000	80.132	8.099	2000	93.567	8.220	2000	
14.289	8.663	1993	14.289	8.663	1993	14.289	8.663	1993	14.289	8.663	1993	14.289	8.663	1993	14.289	8.663	1993	19.578	9.639	1999	34.788	10.876	2000	56.087	10.072	2000	
3.390	4.087	1004	3.390	4.087	1004	3.390	4.087	1004	3.390	4.087	1004	3.390	4.087	1004	3.390	4.087	1004	3.859	4.338	1280	5.584	5.567	1755	9.509	7.117	1966	
3.400	5.252	25	3.400	5.252	25	3.400	5.252	25	3.400	5.252	25	3.400	5.252	25	3.400	5.252	25	3.067	4.849	30	2.732	4.456	71	2.659	4.113	132	
1.500	1	4	1.500	1	4	1.500	1	4	1.500	1	4	1.500	1	4	1.500	1	4	1.500	1	4	1.400	0.894	5	2	1.483	11	
2.638	3.250	298	2.638	3.250	298	2.638	3.250	298	2.638	3.250	298	2.638	3.250	298	2.638	3.250	298	2.714	3.295	325	2.808	3.211	600	3.214	3.473	1024	
6.285	5.352	1854	6.285	5.352	1854	6.285	5.352	1854	6.285	5.352	1854	6.285	5.352	1854	6.285	5.352	1854	6.619	5.463	1886	11.771	7.138	1988	21.940	8.526	2000	
28.617	9.441	2000	28.617	9.441	2000	28.617	9.441	2000	28.617	9.441	2000	28.617	9.441	2000	28.617	9.441	2000	30.286	9.471	2000	48.579	8.574	2000	66.200	6.948	2000	
62.056	7.953	2000	62.056	7.953	2000	62.056	7.953	2000	62.056	7.953	2000	62.056	7.953	2000	62.056	7.953	2000	64.187	7.740	2000	78.538	7.289	2000	82.658	8.419	2000	
82.867	7.576	2000	82.867	7.576	2000	82.867	7.576	2000	82.867	7.576	2000	82.867	7.576	2000	82.867	7.576	2000	83.823	7.699	2000	87.429	8.666	2000	87.615	8.792	2000	
90.681	8.657	2000	90.681	8.657	2000	90.681	8.657	2000	90.681	8.657	2000	90.681	8.657	2000	90.681	8.657	2000	90.933	8.747	2000	91.530	9.018	2000	91.534	9.020	2000	
93.861	9.132	2000	93.861	9.132	2000	93.861	9.132	2000	93.861	9.132	2000	93.861	9.132	2000	93.861	9.132	2000	93.930	9.165	2000	94.075	9.265	2000	94.076	9.266	2000	
94.992	9.007	2000	94.992	9.007	2000	94.992	9.007	2000	94.992	9.007	2000	94.992	9.007	2000	94.992	9.007	2000	95.044	9.035	2000	95.129	9.088	2000	95.130	9.088	2000	
95.364	8.915	2000	95.364	8.915	2000	95.364	8.915	2000	95.364	8.915	2000	95.364	8.915	2000	95.364	8.915	2000	95.454	8.951	2000	95.618	9.062	2000	95.618	9.062	2000	
93.441	8.818	2000	93.441	8.818	2000	93.441	8.818	2000	93.441	8.818	2000	93.441	8.818	2000	93.441	8.818	2000	93.738	8.949	2000	94.477	9.336	2000	94.487	9.348	2000	
86.379	7.813	2000	86.379	7.813	2000	86.379	7.813	2000	86.379	7.813	2000	86.379	7.813	2000	86.379	7.813	2000	87.537	7.891	2000	92.012	8.785	2000	92.273	8.914	2000	
64.355	8.240	2000	64.355	8.240	2000	64.355	8.240	2000	64.355	8.240	2000	64.355	8.240	2000	64.355	8.240	2000	66.678	8.051	2000	83.090	7.475	2000	88.394	8.668	2000	
28.821	9.607	2000	28.821	9.607	2000	28.821	9.607	2000	28.821	9.607	2000	28.821	9.607	2000	28.821	9.607	2000	30.562	9.702	2000	50.031	9.439	2000	69.945	7.233	2000	
6.252	5.379	1857	6.252	5.379	1857	6.252	5.379	1857	6.252	5.379	1857	6.252	5.379	1857	6.252	5.379	1857	6.651	5.557	1881	12.111	7.380	1990	21.992	8.933	2000	
2.734	3.102	271	2.734	3.102	271	2.734	3.102	271	2.734	3.102	271	2.734	3.102	271	2.734	3.102	271	2.720	3.117	293	2.750	3.205	557	3.354	3.700	972	
4.667	4.041	3	4.667	4.041	3	4.667	4.041	3	4.667	4.041	3	4.667	4.041	3	4.667	4.041	3	3.750	3.775	4	2.833	3.251	6	2.375	2.875	8	
-1	-1	-1	-1	-1	-1	-1	-1	-1	-1	-1	-1	-1	-1	-1	-1	-1	-1	-1	-1	-1	-1	-1	-1	-1	-1	-1	
1.760	1.268	25	1.760	1.268	25	1.760	1.268	25	1.760	1.268	25	1.760	1.268	25	1.760	1.268	25	1.760	1.268	25	1.679	1.219	28	1.700	1.253	60	
2.038	1.534	906	2.038	1.534	906	2.038	1.534	906	2.038	1.534	906	2.038	1.534	906	2.038	1.534	906	2.038	1.534	906	2.173	1.700	1035	2.915	2.196	1550	
11.723	4.617	2000	11.723	4.617	2000	11.723	4.617	2000	11.723	4.617	2000	11.723	4.617	2000	11.723	4.617	2000	11.723	4.617	2000	13.665	4.948	2000	24.484	5.909	2000	
46.580	6.081	2000	46.580	6.081	2000	46.580	6.081	2000	46.580	6.081	2000	46.580	6.081	2000	46.580	6.081	2000	46.580	6.081	2000	51.286	5.992	2000	68.176	6.291	2000	
75.940	7.017	2000	75.940	7.017	2000	75.940	7.017	2000	75.940	7.017	2000	75.940	7.017	2000	75.940	7.017	2000	75.940	7.017	2000	77.756	7.412	2000	80.165	8.297	2000	
82.626	8.598	2000	82.626	8.598	2000	82.626	8.598	2000	82.626	8.598	2000	82.626	8.598	2000	82.626	8.598	2000	82.626	8.598	2000	82.754	8.671	2000	82.835	8.732	2000	
84.103	8.831	2000	84.103	8.831	2000	84.103	8.831	2000	84.103	8.831	2000	84.103	8.831	2000	84.103	8.831	2000	84.103	8.831	2000	84.109	8.838	2000	84.110	8.840	2000	
84.069	8.581	2000	84.069	8.581	2000	84.069	8.581	2000	84.069	8.581	2000	84.069	8.581	2000	84.069	8.581	2000	84.069	8.581	2000	84.072	8.585	2000	84.073	8.586	2000	
82.933	8.569	2000	82.933	8.569	2000	82.933	8.569	2000	82.933	8.569	2000	82.933	8.569	2000	82.933	8.569	2000	82.933	8.569	2000	82.942	8.576	2000	82.943	8.579	2000	
80.407	8.292	2000	80.407	8.292	2000	80.407	8.292	2000	80.407	8.292	2000	80.407	8.292	2000	80.407	8.292	2000	80.407	8.292	2000	80.511	8.366	2000	80.567	8.412	2000	
73.814	6.900	2000	73.814	6.900	2000	73.814	6.900	2000	73.814	6.900	2000	73.814	6.900	2000	73.814	6.900	2000	73.814	6.900	2000	75.462	7.286	2000	77.613	8.096	2000	
45.759	5.995	2000	45.759	5.995	2000	45.759	5.995	2000	45.759	5.995	2000	45.759	5.995	2000	45.759	5.995	2000	45.759	5.995	2000	50.334	5.931	2000	66.075	6.301	2000	
11.434	4.706	2000	11.434	4.706	2000	11.434	4.706	2000	11.434	4.706	2000	11.434	4.706	2000	11.434	4.706	2000	11.434	4.706	2000	13.367	4.978	2000	23.977	5.791	2000	
2.072	1.698	923	2.072	1.698	923	2.072	1.698	923	2.072	1.698	923	2.072	1.698	923	2.072	1.698	923	2.072	1.698	923	2.192	1.764	1045	2.961	2.210	1557	
1.391	0.783	23	1.391	0.783	23	1.391	0.783	23	1.391	0.783	23	1.391	0.783	23	1.391	0.783	23	1.391	0.783	23	1.594	1.365	32	1.719	1.303	64	
-1	-1	-1	-1	-1	-1	-1	-1	-1	-1	-1	-1	-1	-1	-1	-1	-1	-1	-1	-1	-1	-1	-1	-1	-1	-1	-1	
1	0	7	1	0	7	1	0	7	1	0	7	1	0	7	1	0	7	1.364	0.674	11	1.550	0.945	20	1.786	1.279	42	
1.774	1.340	412	1.774	1.340	412	1.774	1.340	412	1.774	1.340	412	1.774	1.340	412	1.774	1.340	412	1.937	1.501	590	2.251	1.779	1032	3.081	2.232	1543	
3.879	2.860	1755	3.879	2.860	1755	3.879	2.860	1755	3.879	2.860	1755	3.879	2.860	1755	3.879	2.860	1755	5.670	3.511	1935	10.595	4.701	2000	19.528	5.810	2000	
13.824	5.128	2000	13.824	5.128	2000	13.824	5.128	2000	13.824	5.128	2000	13.824	5.128	2000	13.824	5.128	2000	20.718	5.808	2000	35.309	6.145	2000	52.556	5.748	2000	
31.818	6.312	2000	31.818	6.312	2000	31.818	6.312	2000	31.818	6.312	2000	31.818	6.312	2000	31.818	6.312	2000	43.185	6.141	2000	59.876	6.005	2000	68.981	7.472	2000	
49.282	5.904	2000	49.282	5.904	2000	49.282	5.904	2000	49.282	5.904	2000	49.282	5.904	2000	49.282	5.904	2000	60.213	5.907	2000	69.104	7.484	2000	70.801	8.192	2000	
60.087	5.965	2000	60.087	5.965	2000	60.087	5.965	2000	60.087	5.965	2000	60.087	5.965	2000	60.087	5.965	2000	66.723	6.854	2000	69.678	7.776	2000	69.835	7.889	2000	
63.759	6.473	2000	63.759	6.473	2000	63.759	6.473	2000	63.759	6.473	2000	63.759	6.473	2000	63.759	6.473	2000	67.166	7.420	2000	68.013	7.846	2000	68.029	7.860	2000	
63.128	6.884	2000	63.128	6.884	2000	63.128	6.884	2000	63.128	6.884	2000	63.128	6.884	2000	63.128	6.884	2000	64.860	7.540	2000	65.110	7.698	2000	65.113	7.701	2000	
60.461	6.890	2000	60.461	6.890	2000	60.461	6.890	2000	60.461	6.890	2000	60.461	6.890	2000	60.461	6.890	2000	61.602	7.423	2000	61.745	7.529	2000	61.746	7.532	2000	
55.948	6.747	2000	55.948	6.747	2000	55.948	6.747	2000	55.948	6.747	2000	55.948	6.747	2000	55.948	6.747	2000	56.991	7.270	2000	57.118	7.367	2000	57.118	7.367	2000	
50.114	6.182	2000	50.114	6.182	2000	50.114	6.182	2000	50.114	6.182	2000	50.114	6.182	2000	50.114	6.182	2000	51.384	6.803	2000	51.555	6.922	2000	51.556	6.924	2000	
41.899	5.495	2000	41.899	5.495	2000	41.899	5.495	2000	41.899	5.495	2000	41.899	5.495	2000	41.899	5.495	2000	43.565	6.103	2000	43.935	6.349	2000	43.940	6.353	2000	
30.547	4.338	2000	30.547	4.338	2000	30.547	4.338	2000	30.547	4.338	2000	30.547	4.338	2000	30.547	4.338	2000	32.676	5.016	2000	33.355	5.439	2000	33.380	5.466	2000	
4.906	2.134	1992	4.906	2.134	1992	4.906	2.134	1992	4.906	2.134	1992	4.906	2.134	1992	4.906	2.134	1992	4.918	2.159	1992	4.919	2.161	1992	4.919	2.161	1992	
4.853	1.888	1987	4.853	1.888	1987	4.853	1.888	1987	4.853	1.888	1987	4.853	1.888	1987	4.853	1.888	1987	5.175	2.079	1988	5.308	2.215	1988	5.317	2.230	1988	
2.677	1.470	1768	2.677	1.470	1768	2.677	1.470	1768	2.677	1.470	1768	2.677	1.470	1768	2.677	1.470	1768	3.251	1.593	1925	4.218	1.740	1987	4.781	2.003	1989	
1.620	1.035	418	1.620	1.035	418	1.620	1.035	418	1.620	1.035	418	1.620	1.035	418	1.620	1.035	418	1.682	1.059	611	1.833	1.123	1035	2.164	1.246	1510	
1.250	0.707	8	1.250	0.707	8	1.250	0.707	8	1.250	0.707	8	1.250	0.707	8	1.250	0.707	8	1.364	0.674	11	1.273	0.550	22	1.422	0.657	45	
23.513	4.995	2000	23.513	4.995	2000	23.513	4.995	2000	23.513	4.995	2000	23.513	4.995	2000	23.513	4.995	2000	23.513	4.995	2000	28.762	5.005	2000	41.792	4.900	2000	
44.280	5.065	2000	44.280	5.065	2000	44.280	5.065	2000	44.280	5.065	2000	44.280	5.065	2000	44.280	5.065	2000	44.280	5.065	2000	49.080	5.387	2000	55.286	6.860	2000	
51.880	5.656	2000	51.880	5.656	2000	51.880	5.656	2000	51.880	5.656	2000	51.880	5.656	2000	51.880	5.656	2000	51.880	5.656	2000	54.789	6.276	2000	57.108	7.240	2000	
54.194	6.162	2000	54.194	6.162	2000	54.194	6.162	2000	54.194	6.162	2000	54.194	6.162	2000	54.194	6.162	2000	54.194	6.162	2000	55.767	6.713	2000	56.714	7.231	2000	
54.060	6.510	2000	54.060	6.510	2000	54.060	6.510	2000	54.060	6.510	2000	54.060	6.510	2000	54.060	6.510	2000	54.060	6.510	2000	54.927	6.928	2000	55.310	7.184	2000	
52.443	6.813	2000	52.443	6.813	2000	52.443	6.813	2000	52.443	6.813	2000	52.443	6.813	2000	52.443	6.813	2000	52.443	6.813	2000	52.906	7.068	2000	53.044	7.183	2000	
49.857	6.643	2000	49.857	6.643	2000	49.857	6.643	2000	49.857	6.643	2000	49.857	6.643	2000	49.857	6.643	2000	49.857	6.643	2000	50.082	6.791	2000	50.142	6.844	2000	
46.193	6.614	2000	46.193	6.614	2000	46.193	6.614	2000	46.193	6.614	2000	46.193	6.614	2000	46.193	6.614	2000	46.193	6.614	2000	46.313	6.708	2000	46.335	6.727	2000	
42.444	6.264	2000	42.444	6.264	2000	42.444	6.264	2000	42.444	6.264	2000	42.444	6.264	2000	42.444	6.264	2000	42.444	6.264	2000	42.503	6.316	2000	42.511	6.324	2000	
37.721	5.882	2000	37.721	5.882	2000	37.721	5.882	2000	37.721	5.882	2000	37.721	5.882	2000	37.721	5.882	2000	37.721	5.882	2000	37.746	5.910	2000	37.749	5.913	2000	
31.045	5.383	2000	31.045	5.383	2000	31.045	5.383	2000	31.045	5.383	2000	31.045	5.383	2000	31.045	5.383	2000	31.045	5.383	2000	31.049	5.391	2000	31.051	5.391	2000	
22.499	4.760	2000	22.499	4.760	2000	22.499	4.760	2000	22.499	4.760	2000	22.499	4.760	2000	22.499	4.760	2000	22.499	4.760	2000	22.500	4.761	2000	22.500	4.762	2000	
12.716	3.508	2000	12.716	3.508	2000	12.716	3.508	2000	12.716	3.508	2000	12.716	3.508	2000	12.716	3.508	2000	12.716	3.508	2000	12.716	3.508	2000	12.716	3.508	2000	
7.924	2.753	1999	7.924	2.753	1999	7.924	2.753	1999	7.924	2.753	1999	7.924	2.753	1999	7.924	2.753	1999	7.924	2.753	1999	7.924	2.753	1999	7.924	2.753	1999	
6.254	2.472	1995	6.254	2.472	1995	6.254	2.472	1995	6.254	2.472	1995	6.254	2.472	1995	6.254	2.472	1995	6.254	2.472	1995	6.254	2.472	1995	6.254	2.472	1995	
5.108	2.209	1988	5.108	2.209	1988	5.108	2.209	1988	5.108	2.209	1988	5.108	2.209	1988	5.108	2.209	1988	5.108	2.209	1988	5.108	2.209	1988	5.108	2.209	1988	
4.455	2.041	1982	4.455	2.041	1982	4.455	2.041	1982	4.455	2.041	1982	4.455	2.041	1982	4.455	2.041	1982	4.455	2.041	1982	4.455	2.041	1982	4.455	2.041	1982	
3.673	1.769	1955	3.673	1.769	1955	3.673	1.769	1955	3.673	1.769	1955	3.673	1.769	1955	3.673	1.769	1955	3.673	1.769	1955	3.685	1.792	1955	3.691	1.805	1955	
10.235	4.021	2000	10.235	4.021	2000	10.235	4.021	2000	10.235	4.021	2000	10.235	4.021	2000	10.235	4.021	2000	10.235	4.021	2000	10.235	4.021	2000	11.762	4.169	2000	
36.169	4.569	2000	36.169	4.569	2000	36.169	4.569	2000	36.169	4.569	2000	36.169	4.569	2000	36.169	4.569	2000	36.169	4.569	2000	36.169	4.569	2000	38.236	4.761	2000	
43.569	5.998	2000	43.569	5.998	2000	43.569	5.998	2000	43.569	5.998	2000	43.569	5.998	2000	43.569	5.998	2000	43.569	5.998	2000	43.569	5.998	2000	43.998	6.178	2000	
43.474	6.501	2000	43.474	6.501	2000	43.474	6.501	2000	43.474	6.501	2000	43.474	6.501	2000	43.474	6.501	2000	43.474	6.501	2000	43.474	6.501	2000	43.516	6.538	2000	
41.937	6.398	2000	41.937	6.398	2000	41.937	6.398	2000	41.937	6.398	2000	41.937	6.398	2000	41.937	6.398	2000	41.937	6.398	2000	41.937	6.398	2000	41.941	6.401	2000	
40.033	6.257	2000	40.033	6.257	2000	40.033	6.257	2000	40.033	6.257	2000	40.033	6.257	2000	40.033	6.257	2000	40.033	6.257	2000	40.033	6.257	2000	40.033	6.257	2000	
37.294	6.111	2000	37.294	6.111	2000	37.294	6.111	2000	37.294	6.111	2000	37.294	6.111	2000	37.294	6.111	2000	37.294	6.111	2000	37.294	6.111	2000	37.294	6.111	2000	
33.473	5.635	2000	33.473	5.635	2000	33.473	5.635	2000	33.473	5.635	2000	33.473	5.635	2000	33.473	5.635	2000	33.473	5.635	2000	33.473	5.635	2000	33.473	5.635	2000	
31.452	5.421	2000	31.452	5.421	2000	31.452	5.421	2000	31.452	5.421	2000	31.452	5.421	2000	31.452	5.421	2000	31.452	5.421	2000	31.452	5.421	2000	31.452	5.421	2000	
27.035	5.027	2000	27.035	5.027	2000	27.035	5.027	2000	27.035	5.027	2000	27.035	5.027	2000	27.035	5.027	2000	27.035	5.027	2000	27.035	5.027	2000	27.035	5.027	2000	
14.406	3.798	2000	14.406	3.798	2000	14.406	3.798	2000	14.406	3.798	2000	14.406	3.798	2000	14.406	3.798	2000	14.406	3.798	2000	14.406	3.798	2000	14.406	3.798	2000	
7.442	2.655	1999	7.442	2.655	1999	7.442	2.655	1999	7.442	2.655	1999	7.442	2.655	1999	7.442	2.655	1999	7.442	2.655	1999	7.442	2.655	1999	7.442	2.655	1999	
6.092	2.338	2000	6.092	2.338	2000	6.092	2.338	2000	6.092	2.338	2000	6.092	2.338	2000	6.092	2.338	2000	6.092	2.338	2000	6.092	2.338	2000	6.092	2.338	2000	
5.055	2.217	1990	5.055	2.217	1990	5.055	2.217	1990	5.055	2.217	1990	5.055	2.217	1990	5.055	2.217	1990	5.055	2.217	1990	5.055	2.217	1990	5.055	2.217	1990	
4.335	2.009	1978	4.335	2.009	1978	4.335	2.009	1978	4.335	2.009	1978	4.335	2.009	1978	4.335	2.009	1978	4.335	2.009	1978	4.335	2.009	1978	4.335	2.009	1978	
3.236	1.647	1916	3.236	1.647	1916	3.236	1.647	1916	3.236	1.647	1916	3.236	1.647	1916	3.236	1.647	1916	3.236	1.647	1916	3.236	1.647	1916	3.236	1.647	1916	
2.538	1.358	1806	2.538	1.358	1806	2.538	1.358	1806	2.538	1.358	1806	2.538	1.358	1806	2.538	1.358	1806	2.538	1.358	1806	2.538	1.358	1806	2.538	1.358	1806	
2.020	1.047	1675	2.020	1.047	1675	2.020	1.047	1675	2.020	1.047	1675	2.020	1.047	1675	2.020	1.047	1675	2.020	1.047	1675	2.020	1.047	1675	2.046	1.079	1675	
2.132	1.399	1084	2.132	1.399	1084	2.132	1.399	1084	2.132	1.399	1084	2.132	1.399	1084	2.132	1.399	1084	2.132	1.399	1084	2.132	1.399	1084	2.191	1.446	1135	
22.000	3.789	2000	22.000	3.789	2000	22.000	3.789	2000	22.000	3.789	2000	22.000	3.789	2000	22.000	3.789	2000	22.000	3.789	2000	22.000	3.789	2000	22.944	3.821	2000	
33.302	5.743	2000	33.302	5.743	2000	33.302	5.743	2000	33.302	5.743	2000	33.302	5.743	2000	33.302	5.743	2000	33.302	5.743	2000	33.302	5.743	2000	33.328	5.764	2000	
32.617	5.726	2000	32.617	5.726	2000	32.617	5.726	2000	32.617	5.726	2000	32.617	5.726	2000	32.617	5.726	2000	32.617	5.726	2000	32.617	5.726	2000	32.617	5.726	2000	
31.345	5.407	2000	31.345	5.407	2000	31.345	5.407	2000	31.345	5.407	2000	31.345	5.407	2000	31.345	5.407	2000	31.345	5.407	2000	31.345	5.407	2000	31.345	5.407	2000	
29.669	5.322	2000	29.669	5.322	2000	29.669	5.322	2000	29.669	5.322	2000	29.669	5.322	2000	29.669	5.322	2000	29.669	5.322	2000	29.669	5.322	2000	29.669	5.322	2000	
28.862	5.355	2000	28.862	5.355	2000	28.862	5.355	2000	28.862	5.355	2000	28.862	5.355	2000	28.862	5.355	2000	28.862	5.355	2000	28.862	5.355	2000	28.862	5.355	2000	
23.756	4.834	2000	23.756	4.834	2000	23.756	4.834	2000	23.756	4.834	2000	23.756	4.834	2000	23.756	4.834	2000	23.756	4.834	2000	23.756	4.834	2000	23.756	4.834	2000	
17.373	4.024	2000	17.373	4.024	2000	17.373	4.024	2000	17.373	4.024	2000	17.373	4.024	2000	17.373	4.024	2000	17.373	4.024	2000	17.373	4.024	2000	17.373	4.024	2000	
10.787	3.255	2000	10.787	3.255	2000	10.787	3.255	2000	10.787	3.255	2000	10.787	3.255	2000	10.787	3.255	2000	10.787	3.255	2000	10.787	3.255	2000	10.787	3.255	2000	
4.244	1.956	1978	4.244	1.956	1978	4.244	1.956	1978	4.244	1.956	1978	4.244	1.956	1978	4.244	1.956	1978	4.244	1.956	1978	4.244	1.956	1978	4.244	1.956	1978	
2.492	1.341	1812	2.492	1.341	1812	2.492	1.341	1812	2.492	1.341	1812	2.492	1.341	1812	2.492	1.341	1812	2.492	1.341	1812	2.492	1.341	1812	2.492	1.341	1812	
1.482	0.754	1007	1.482	0.754	1007	1.482	0.754	1007	1.482	0.754	1007	1.482	0.754	1007	1.482	0.754	1007	1.482	0.754	1007	1.482	0.754	1007	1.493	0.755	1057	
10.579	3.065	2000	10.579	3.065	2000	10.579	3.065	2000	10.579	3.065	2000	10.579	3.065	2000	10.579	3.065	2000	10.579	3.065	2000	10.579	3.065	2000	10.579	3.065	2000	
24.052	4.981	2000	24.052	4.981	2000	24.052	4.981	2000	24.052	4.981	2000	24.052	4.981	2000	24.052	4.981	2000	24.052	4.981	2000	24.052	4.981	2000	24.052	4.981	2000	
24.524	5.082	2000	24.524	5.082	2000	24.524	5.082	2000	24.524	5.082	2000	24.524	5.082	2000	24.524	5.082	2000	24.524	5.082	2000	24.524	5.082	2000	24.524	5.082	2000	
24.029	4.921	2000	24.029	4.921	2000	24.029	4.921	2000	24.029	4.921	2000	24.029	4.921	2000	24.029	4.921	2000	24.029	4.921	2000	24.029	4.921	2000	24.029	4.921	2000	
22.754	4.794	2000	22.754	4.794	2000	22.754	4.794	2000	22.754	4.794	2000	22.754	4.794	2000	22.754	4.794	2000	22.754	4.794	2000	22.754	4.794	2000	22.754	4.794	2000	
23.182	4.798	2000	23.182	4.798	2000	23.182	4.798	2000	23.182	4.798	2000	23.182	4.798	2000	23.182	4.798	2000	23.182	4.798	2000	23.182	4.798	2000	23.182	4.798	2000	
16.810	4.168	2000	16.810	4.168	2000	16.810	4.168	2000	16.810	4.168	2000	16.810	4.168	2000	16.810	4.168	2000	16.810	4.168	2000	16.810	4.168	2000	16.810	4.168	2000	
11.682	3.347	2000	11.682	3.347	2000	11.682	3.347	2000	11.682	3.347	2000	11.682	3.347	2000	11.682	3.347	2000	11.682	3.347	2000	11.682	3.347	2000	11.682	3.347	2000	
7.481	2.771	2000	7.481	2.771	2000	7.481	2.771	2000	7.481	2.771	2000	7.481	2.771	2000	7.481	2.771	2000	7.481	2.771	2000	7.481	2.771	2000	7.481	2.771	2000	
3.869	1.908	1957	3.869	1.908	1957	3.869	1.908	1957	3.869	1.908	1957	3.869	1.908	1957	3.869	1.908	1957	3.869	1.908	1957	3.869	1.908	1957	3.869	1.908	1957	
2.195	1.186	1742	2.195	1.186	1742	2.195	1.186	1742	2.195	1.186	1742	2.195	1.186	1742	2.195	1.186	1742	2.195	1.186	1742	2.195	1.186	1742	2.195	1.186	1742	
2.750	2.217	4	2.750	2.217	4	2.750	2.217	4	2.750	2.217	4	2.750	2.217	4	2.750	2.217	4	2.750	2.217	4	2.750	2.217	4	2.750	2.217	4	
8.090	3.095	1996	8.090	3.095	1996	8.090	3.095	1996	8.090	3.095	1996	8.090	3.095	1996	8.090	3.095	1996	8.090	3.095	1996	8.090	3.095	1996	8.090	3.095	1996	
18.086	4.284	2000	18.086	4.284	2000	18.086	4.284	2000	18.086	4.284	2000	18.086	4.284	2000	18.086	4.284	2000	18.086	4.284	2000	18.086	4.284	2000	18.086	4.284	2000	
18.868	4.251	2000	18.868	4.251	2000	18.868	4.251	2000	18.868	4.251	2000	18.868	4.251	2000	18.868	4.251	2000	18.868	4.251	2000	18.868	4.251	2000	18.868	4.251	2000	
15.478	3.893	2000	15.478	3.893	2000	15.478	3.893	2000	15.478	3.893	2000	15.478	3.893	2000	15.478	3.893	2000	15.478	3.893	2000	15.478	3.893	2000	15.478	3.893	2000	
11.202	3.334	2000	11.202	3.334	2000	11.202	3.334	2000	11.202	3.334	2000	11.202	3.334	2000	11.202	3.334	2000	11.202	3.334	2000	11.202	3.334	2000	11.202	3.334	2000	
7.639	2.761	2000	7.639	2.761	2000	7.639	2.761	2000	7.639	2.761	2000	7.639	2.761	2000	7.639	2.761	2000	7.639	2.761	2000	7.639	2.761	2000	7.639	2.761	2000	
4.927	2.218	1989	4.927	2.218	1989	4.927	2.218	1989	4.927	2.218	1989	4.927	2.218	1989	4.927	2.218	1989	4.927	2.218	1989	4.927	2.218	1989	4.927	2.218	1989	
2.641	1.315	1856	2.641	1.315	1856	2.641	1.315	1856	2.641	1.315	1856	2.641	1.315	1856	2.641	1.315	1856	2.641	1.315	1856	2.641	1.315	1856	2.641	1.315	1856	
1.500	0.707	2	1.500	0.707	2	1.500	0.707	2	1.500	0.707	2	1.500	0.707	2	1.500	0.707	2	1.500	0.707	2	1.500	0.707	2	1.500	0.707	2	
2.865	1.916	1113	2.865	1.916	1113	2.865	1.916	1113	2.865	1.916	1113	2.865	1.916	1113	2.865	1.916	1113	2.865	1.916	1113	2.865	1.916	1113	2.865	1.916	1113	
10.836	3.305	2000	10.836	3.305	2000	10.836	3.305	2000	10.836	3.305	2000	10.836	3.305	2000	10.836	3.305	2000	10.836	3.305	2000	10.836	3.305	2000	10.836	3.305	2000	
12.552	3.492	2000	12.552	3.492	2000	12.552	3.492	2000	12.552	3.492	2000	12.552	3.492	2000	12.552	3.492	2000	12.552	3.492	2000	12.552	3.492	2000	12.552	3.492	2000	
13.761	3.708	2000	13.761	3.708	2000	13.761	3.708	2000	13.761	3.708	2000	13.761	3.708	2000	13.761	3.708	2000	13.761	3.708	2000	13.761	3.708	2000	13.761	3.708	2000	
10.013	3.030	2000	10.013	3.030	2000	10.013	3.030	2000	10.013	3.030	2000	10.013	3.030	2000	10.013	3.030	2000	10.013	3.030	2000	10.013	3.030	2000	10.013	3.030	2000	
7.040	2.596	2000	7.040	2.596	2000	7.040	2.596	2000	7.040	2.596	2000	7.040	2.596	2000	7.040	2.596	2000	7.040	2.596	2000	7.040	2.596	2000	7.040	2.596	2000	
4.858	2.167	1982	4.858	2.167	1982	4.858	2.167	1982	4.858	2.167	1982	4.858	2.167	1982	4.858	2.167	1982	4.858	2.167	1982	4.858	2.167	1982	4.858	2.167	1982	
2.411	1.344	1792	2.411	1.344	1792	2.411	1.344	1792	2.411	1.344	1792	2.411	1.344	1792	2.411	1.344	1792	2.411	1.344	1792	2.411	1.344	1792	2.411	1.344	1792	
1.200	0.482	500	1.200	0.482	500	1.200	0.482	500	1.200	0.482	500	1.200	0.482	500	1.200	0.482	500	1.200	0.482	500	1.200	0.482	500	1.200	0.482	500	
