1	0	696	1	0	696	1	0	696	1	0	696	1	0	696	1	0	696	1	0	696	1	0	696	1	0	696	
1	0	979	1	0	979	1	0	979	1	0	979	1	0	979	1	0	979	1	0	979	1	0	979	1	0	979	
1	0	1322	1	0	1322	1	0	1322	1	0	1322	1	0	1322	1	0	1322	1	0	1322	1	0	1322	1	0	1322	
1	0	1698	1	0	1698	1	0	1698	1	0	1698	1	0	1698	1	0	1698	1	0	1698	1	0	1698	1	0	1698	
1	0	1725	1	0	1725	1	0	1725	1	0	1725	1	0	1725	1	0	1725	1	0	1725	1	0	1725	1	0	1725	
1	0	1734	1	0	1734	1	0	1734	1	0	1734	1	0	1734	1	0	1734	1	0	1734	1	0	1734	1	0	1734	
1	0	1695	1	0	1695	1	0	1695	1	0	1695	1	0	1695	1	0	1695	1	0	1695	1	0	1695	1	0	1695	
1	0	1570	1	0	1570	1	0	1570	1	0	1570	1	0	1570	1	0	1570	1	0	1570	1	0	1570	1	0	1570	
1	0	1328	1	0	1328	1	0	1328	1	0	1328	1	0	1328	1	0	1328	1	0	1328	1	0	1328	1	0	1328	
1	0	699	1	0	699	1	0	699	1	0	703	1	0	703	1	0	703	1	0	703	1	0	703	1	0	703	
1	0	979	1	0	979	1	0	979	1	0	989	1	0	989	1	0	989	1	0	989	1	0	989	1	0	989	
1	0	1338	1	0	1338	1	0	1338	1	0	1344	1	0	1344	1	0	1344	1	0	1344	1	0	1344	1	0	1344	
1.000	0.002	1616	1.000	0.002	1616	1.000	0.002	1616	1	0	1630	1	0	1630	1	0	1630	1	0	1630	1	0	1630	1	0	1630	
0.999	0.012	1844	0.999	0.012	1844	0.999	0.012	1844	1.000	0.006	1869	1	0	1870	1	0	1870	1	0	1870	1	0	1870	1	0	1870	
0.999	0.008	1887	0.999	0.008	1887	0.999	0.008	1887	1.000	0.001	1905	1	0	1905	1	0	1905	1	0	1905	1	0	1905	1	0	1905	
1.000	0.007	1895	1.000	0.007	1895	1.000	0.007	1895	1.000	0.001	1906	1	0	1906	1	0	1906	1	0	1906	1	0	1906	1	0	1906	
0.999	0.010	1901	0.999	0.010	1901	0.999	0.010	1901	1.000	0.001	1916	1	0	1916	1	0	1916	1	0	1916	1	0	1916	1	0	1916	
1.000	0.006	1823	1.000	0.006	1823	1.000	0.006	1823	1	0	1839	1	0	1839	1	0	1839	1	0	1839	1	0	1839	1	0	1839	
1.000	0.002	1735	1.000	0.002	1735	1.000	0.002	1735	1	0	1755	1	0	1755	1	0	1755	1	0	1755	1	0	1755	1	0	1755	
1	0	996	1	0	996	1	0	996	1	0	996	1	0	996	1	0	996	1	0	996	1	0	996	1	0	996	
1	0	1355	1	0	1355	1	0	1355	1	0	1355	1	0	1355	1	0	1355	1	0	1355	1	0	1355	1	0	1355	
1	0	1625	1	0	1625	1	0	1625	1	0	1625	1	0	1625	1	0	1625	1	0	1625	1	0	1625	1	0	1625	
1	0	1818	1	0	1818	1	0	1818	1	0	1818	1	0	1818	1	0	1818	1	0	1818	1	0	1818	1	0	1818	
1	0	1920	1	0	1920	1	0	1920	1	0	1920	1	0	1920	1	0	1920	1	0	1920	1	0	1920	1	0	1920	
1	0	1980	1	0	1980	1	0	1980	1	0	1980	1	0	1980	1	0	1980	1	0	1980	1	0	1980	1	0	1980	
1	0	1981	1	0	1981	1	0	1981	1	0	1981	1	0	1981	1	0	1981	1	0	1981	1	0	1981	1	0	1981	
1	0	1981	1	0	1981	1	0	1981	1	0	1981	1	0	1981	1	0	1981	1	0	1981	1	0	1981	1	0	1981	
1	0	1978	1	0	1978	1	0	1978	1	0	1978	1	0	1978	1	0	1978	1	0	1978	1	0	1978	1	0	1978	
1	0	1949	1	0	1949	1	0	1949	1	0	1949	1	0	1949	1	0	1949	1	0	1949	1	0	1949	1	0	1949	
1	0	1888	1	0	1888	1	0	1888	1	0	1888	1	0	1888	1	0	1888	1	0	1888	1	0	1888	1	0	1888	
1.000	0.005	208	1.000	0.005	208	0.999	0.010	752	1.000	0.007	929	1	0	932	1	0	932	1	0	932	1	0	932	1	0	932	
0.995	0.035	312	0.995	0.035	312	0.998	0.014	1068	1.000	0.005	1356	1	0	1359	1	0	1359	1	0	1359	1	0	1359	1	0	1359	
0.989	0.052	362	0.989	0.052	362	0.995	0.029	1335	0.999	0.010	1689	1	0	1694	1	0	1694	1	0	1694	1	0	1694	1	0	1694	
0.970	0.089	431	0.970	0.089	431	0.985	0.051	1490	0.998	0.018	1851	1.000	0.001	1855	1	0	1855	1	0	1855	1	0	1855	1	0	1855	
0.946	0.095	439	0.946	0.095	439	0.963	0.085	1548	0.994	0.029	1953	1.000	0.003	1954	1	0	1954	1	0	1954	1	0	1954	1	0	1954	
0.907	0.134	439	0.907	0.134	439	0.932	0.119	1560	0.983	0.048	1980	0.999	0.006	1981	1	0	1981	1	0	1981	1	0	1981	1	0	1981	
0.828	0.182	439	0.828	0.182	439	0.879	0.145	1574	0.966	0.067	1996	0.998	0.010	1998	1.000	0.001	1998	1	0	1998	1	0	1998	1	0	1998	
0.812	0.181	433	0.812	0.181	433	0.862	0.154	1571	0.958	0.076	1995	0.998	0.010	1998	1.000	0.001	1998	1	0	1998	1	0	1998	1	0	1998	
0.799	0.184	413	0.799	0.184	413	0.855	0.157	1552	0.957	0.076	1994	0.997	0.011	1997	1.000	0.001	1997	1	0	1997	1	0	1997	1	0	1997	
0.833	0.168	465	0.833	0.168	465	0.882	0.145	1576	0.966	0.067	1991	0.998	0.011	1997	1.000	0.000	1997	1	0	1997	1	0	1997	1	0	1997	
0.867	0.154	461	0.867	0.154	461	0.908	0.132	1581	0.977	0.052	1991	0.999	0.008	1994	1.000	0.000	1994	1	0	1994	1	0	1994	1	0	1994	
0.912	0.133	427	0.912	0.133	427	0.935	0.115	1560	0.988	0.041	1973	1.000	0.003	1982	1	0	1982	1	0	1982	1	0	1982	1	0	1982	
0.960	0.096	417	0.960	0.096	417	0.976	0.066	1520	0.996	0.018	1921	1.000	0.001	1923	1	0	1923	1	0	1923	1	0	1923	1	0	1923	
0.997	0.020	593	0.997	0.020	593	0.999	0.012	992	1.000	0.002	1265	1	0	1267	1	0	1267	1	0	1267	1	0	1267	1	0	1267	
0.991	0.037	768	0.991	0.037	768	0.994	0.027	1317	1.000	0.005	1671	1	0	1674	1	0	1674	1	0	1674	1	0	1674	1	0	1674	
0.976	0.063	871	0.976	0.063	871	0.982	0.057	1504	0.997	0.018	1892	1.000	0.001	1895	1	0	1895	1	0	1895	1	0	1895	1	0	1895	
0.938	0.114	894	0.938	0.114	894	0.953	0.093	1536	0.991	0.034	1964	1.000	0.003	1967	1	0	1967	1	0	1967	1	0	1967	1	0	1967	
0.883	0.145	943	0.883	0.145	943	0.913	0.124	1570	0.978	0.056	1994	0.999	0.008	1995	1.000	0.000	1995	1	0	1995	1	0	1995	1	0	1995	
0.833	0.172	907	0.833	0.172	907	0.861	0.157	1576	0.957	0.079	1997	0.997	0.012	1999	1.000	0.000	1999	1	0	1999	1	0	1999	1	0	1999	
0.784	0.186	953	0.784	0.186	953	0.831	0.167	1564	0.943	0.088	1996	0.996	0.016	2000	1.000	0.001	2000	1	0	2000	1	0	2000	1	0	2000	
0.748	0.194	950	0.748	0.194	950	0.785	0.187	1599	0.921	0.105	1996	0.992	0.021	1999	1.000	0.001	1999	1	0	1999	1	0	1999	1	0	1999	
0.691	0.194	939	0.691	0.194	939	0.730	0.188	1587	0.888	0.123	1998	0.983	0.032	2000	1.000	0.003	2000	1	0	2000	1	0	2000	1	0	2000	
0.712	0.194	952	0.712	0.194	952	0.763	0.189	1573	0.909	0.111	1996	0.990	0.023	2000	1.000	0.002	2000	1	0	2000	1	0	2000	1	0	2000	
0.788	0.182	910	0.788	0.182	910	0.817	0.173	1556	0.933	0.099	1998	0.994	0.019	2000	1.000	0.001	2000	1	0	2000	1	0	2000	1	0	2000	
0.819	0.171	926	0.819	0.171	926	0.862	0.157	1574	0.956	0.078	1992	0.998	0.011	1996	1	0	1996	1	0	1996	1	0	1996	1	0	1996	
0.897	0.139	909	0.897	0.139	909	0.918	0.122	1575	0.981	0.049	1991	0.999	0.007	1993	1	0	1993	1	0	1993	1	0	1993	1	0	1993	
0.996	0.027	915	0.996	0.027	915	0.996	0.027	1059	0.999	0.010	1488	1	0	1498	1	0	1498	1	0	1498	1	0	1498	1	0	1498	
0.971	0.076	1212	0.971	0.076	1212	0.973	0.074	1360	0.994	0.029	1871	1.000	0.003	1877	1	0	1877	1	0	1877	1	0	1877	1	0	1877	
0.917	0.125	1254	0.917	0.125	1254	0.919	0.128	1421	0.977	0.057	1972	0.999	0.008	1982	1.000	0.000	1982	1	0	1982	1	0	1982	1	0	1982	
0.827	0.173	1277	0.827	0.173	1277	0.842	0.164	1458	0.944	0.091	1988	0.995	0.019	1997	1.000	0.001	1997	1	0	1997	1	0	1997	1	0	1997	
0.746	0.191	1278	0.746	0.191	1278	0.759	0.190	1463	0.897	0.120	1995	0.984	0.033	2000	1.000	0.003	2000	1	0	2000	1	0	2000	1	0	2000	
0.689	0.194	1268	0.689	0.194	1268	0.700	0.195	1436	0.852	0.139	1992	0.975	0.042	2000	0.999	0.005	2000	1	0	2000	1	0	2000	1	0	2000	
0.644	0.197	1251	0.644	0.197	1251	0.656	0.198	1430	0.821	0.147	1989	0.963	0.051	2000	0.998	0.008	2000	1	0	2000	1	0	2000	1	0	2000	
0.618	0.205	1226	0.618	0.205	1226	0.629	0.200	1400	0.796	0.158	1984	0.951	0.060	2000	0.997	0.009	2000	1.000	0.000	2000	1	0	2000	1	0	2000	
0.612	0.196	1247	0.612	0.196	1247	0.625	0.195	1435	0.785	0.155	1991	0.948	0.061	2000	0.997	0.009	2000	1.000	0.000	2000	1	0	2000	1	0	2000	
0.572	0.192	1225	0.572	0.192	1225	0.587	0.192	1386	0.755	0.159	1988	0.933	0.068	2000	0.994	0.013	2000	1.000	0.001	2000	1	0	2000	1	0	2000	
0.645	0.192	1245	0.645	0.192	1245	0.651	0.197	1419	0.803	0.154	1990	0.954	0.058	2000	0.997	0.008	2000	1.000	0.000	2000	1	0	2000	1	0	2000	
0.676	0.196	1265	0.676	0.196	1265	0.687	0.193	1424	0.846	0.138	1987	0.969	0.048	2000	0.999	0.006	2000	1	0	2000	1	0	2000	1	0	2000	
0.760	0.192	1295	0.760	0.192	1295	0.773	0.187	1451	0.902	0.120	1992	0.987	0.031	2000	1.000	0.003	2000	1	0	2000	1	0	2000	1	0	2000	
0.877	0.148	1252	0.877	0.148	1252	0.882	0.146	1446	0.962	0.075	1986	0.997	0.013	1996	1.000	0.001	1996	1	0	1996	1	0	1996	1	0	1996	
0.998	0.017	1782	0.998	0.017	1782	0.998	0.017	1782	0.998	0.017	1782	1	0	1784	1	0	1784	1	0	1784	1	0	1784	1	0	1784	
0.977	0.055	1986	0.977	0.055	1986	0.977	0.055	1986	0.977	0.055	1986	0.998	0.009	1987	1.000	0.000	1987	1	0	1987	1	0	1987	1	0	1987	
0.923	0.107	1994	0.923	0.107	1994	0.923	0.107	1994	0.923	0.107	1994	0.988	0.030	2000	1.000	0.002	2000	1.000	0.000	2000	1	0	2000	1	0	2000	
0.845	0.139	1999	0.845	0.139	1999	0.845	0.139	1999	0.845	0.139	1999	0.962	0.054	2000	0.998	0.007	2000	1	0	2000	1	0	2000	1	0	2000	
0.783	0.151	1995	0.783	0.151	1995	0.783	0.151	1995	0.783	0.151	1995	0.933	0.071	2000	0.994	0.014	2000	1.000	0.001	2000	1	0	2000	1	0	2000	
0.731	0.164	1993	0.731	0.164	1993	0.731	0.164	1993	0.731	0.164	1993	0.905	0.086	2000	0.990	0.018	2000	1.000	0.001	2000	1	0	2000	1	0	2000	
0.704	0.166	1984	0.704	0.166	1984	0.704	0.166	1984	0.704	0.166	1984	0.889	0.092	2000	0.985	0.021	2000	1.000	0.001	2000	1	0	2000	1	0	2000	
0.688	0.172	1986	0.688	0.172	1986	0.688	0.172	1986	0.688	0.172	1986	0.878	0.095	2000	0.983	0.024	2000	1.000	0.002	2000	1	0	2000	1	0	2000	
0.686	0.167	1983	0.686	0.167	1983	0.686	0.167	1983	0.686	0.167	1983	0.877	0.092	2000	0.982	0.024	2000	1.000	0.002	2000	1	0	2000	1	0	2000	
0.702	0.159	1989	0.702	0.159	1989	0.702	0.159	1989	0.702	0.159	1989	0.886	0.088	2000	0.985	0.022	2000	1.000	0.002	2000	1	0	2000	1	0	2000	
0.715	0.163	1992	0.715	0.163	1992	0.715	0.163	1992	0.715	0.163	1992	0.890	0.090	2000	0.986	0.022	2000	1.000	0.001	2000	1	0	2000	1	0	2000	
0.745	0.160	1992	0.745	0.160	1992	0.745	0.160	1992	0.745	0.160	1992	0.914	0.078	2000	0.990	0.018	2000	1.000	0.001	2000	1	0	2000	1	0	2000	
0.784	0.156	1995	0.784	0.156	1995	0.784	0.156	1995	0.784	0.156	1995	0.935	0.070	2000	0.995	0.013	2000	1.000	0.001	2000	1	0	2000	1	0	2000	
0.914	0.104	1996	0.914	0.104	1996	0.914	0.104	1996	0.914	0.104	1996	0.985	0.033	1999	1.000	0.003	1999	1	0	1999	1	0	1999	1	0	1999	
0.862	0.160	1491	0.862	0.160	1491	0.866	0.158	1558	0.961	0.079	1995	0.998	0.009	1998	1.000	0.000	1998	1	0	1998	1	0	1998	1	0	1998	
0.709	0.202	1493	0.709	0.202	1493	0.718	0.200	1552	0.885	0.127	1994	0.984	0.032	2000	1.000	0.002	2000	1	0	2000	1	0	2000	1	0	2000	
0.589	0.196	1445	0.589	0.196	1445	0.599	0.194	1518	0.790	0.153	1995	0.953	0.054	2000	0.997	0.007	2000	1.000	0.000	2000	1	0	2000	1	0	2000	
0.534	0.194	1455	0.534	0.194	1455	0.539	0.194	1518	0.726	0.165	1989	0.925	0.075	2000	0.993	0.013	2000	1.000	0.001	2000	1	0	2000	1	0	2000	
0.498	0.185	1386	0.498	0.185	1386	0.504	0.185	1459	0.689	0.172	1990	0.903	0.081	2000	0.990	0.016	2000	1.000	0.001	2000	1	0	2000	1	0	2000	
0.496	0.184	1445	0.496	0.184	1445	0.504	0.185	1504	0.684	0.166	1990	0.898	0.082	2000	0.988	0.017	2000	1.000	0.001	2000	1	0	2000	1	0	2000	
0.494	0.184	1414	0.494	0.184	1414	0.500	0.185	1483	0.685	0.168	1987	0.895	0.086	2000	0.987	0.019	2000	1.000	0.001	2000	1	0	2000	1	0	2000	
0.504	0.185	1388	0.504	0.185	1388	0.508	0.185	1456	0.686	0.171	1981	0.898	0.085	2000	0.989	0.018	2000	1.000	0.001	2000	1	0	2000	1	0	2000	
0.514	0.190	1384	0.514	0.190	1384	0.520	0.191	1465	0.695	0.172	1986	0.908	0.082	2000	0.991	0.016	2000	1.000	0.001	2000	1	0	2000	1	0	2000	
0.519	0.195	1413	0.519	0.195	1413	0.526	0.197	1480	0.721	0.166	1989	0.922	0.075	2000	0.993	0.014	2000	1.000	0.001	2000	1	0	2000	1	0	2000	
0.565	0.191	1454	0.565	0.191	1454	0.571	0.192	1526	0.757	0.166	1993	0.937	0.070	2000	0.995	0.011	2000	1.000	0.000	2000	1	0	2000	1	0	2000	
0.631	0.199	1497	0.631	0.199	1497	0.639	0.200	1570	0.818	0.151	1999	0.964	0.051	2000	0.998	0.006	2000	1.000	0.000	2000	1	0	2000	1	0	2000	
0.781	0.185	1507	0.781	0.185	1507	0.787	0.183	1564	0.925	0.105	1995	0.992	0.021	2000	1.000	0.002	2000	1	0	2000	1	0	2000	1	0	2000	
1.000	0.000	2000	1.000	0.000	2000	1.000	0.000	2000	1.000	0.000	2000	1.000	0.000	2000	1.000	0.000	2000	1	0	2000	1	0	2000	1	0	2000	
0.998	0.005	2000	0.998	0.005	2000	0.998	0.005	2000	0.998	0.005	2000	0.998	0.005	2000	0.998	0.005	2000	1.000	0.000	2000	1	0	2000	1	0	2000	
0.993	0.011	2000	0.993	0.011	2000	0.993	0.011	2000	0.993	0.011	2000	0.993	0.011	2000	0.993	0.011	2000	1.000	0.001	2000	1	0	2000	1	0	2000	
0.989	0.014	2000	0.989	0.014	2000	0.989	0.014	2000	0.989	0.014	2000	0.989	0.014	2000	0.989	0.014	2000	1.000	0.001	2000	1	0	2000	1	0	2000	
0.986	0.017	2000	0.986	0.017	2000	0.986	0.017	2000	0.986	0.017	2000	0.986	0.017	2000	0.986	0.017	2000	1.000	0.002	2000	1	0	2000	1	0	2000	
0.985	0.017	2000	0.985	0.017	2000	0.985	0.017	2000	0.985	0.017	2000	0.985	0.017	2000	0.985	0.017	2000	1.000	0.002	2000	1	0	2000	1	0	2000	
0.986	0.016	2000	0.986	0.016	2000	0.986	0.016	2000	0.986	0.016	2000	0.986	0.016	2000	0.986	0.016	2000	1.000	0.002	2000	1	0	2000	1	0	2000	
0.988	0.015	2000	0.988	0.015	2000	0.988	0.015	2000	0.988	0.015	2000	0.988	0.015	2000	0.988	0.015	2000	1.000	0.001	2000	1	0	2000	1	0	2000	
0.991	0.013	2000	0.991	0.013	2000	0.991	0.013	2000	0.991	0.013	2000	0.991	0.013	2000	0.991	0.013	2000	1.000	0.001	2000	1	0	2000	1	0	2000	
0.994	0.010	2000	0.994	0.010	2000	0.994	0.010	2000	0.994	0.010	2000	0.994	0.010	2000	0.994	0.010	2000	1.000	0.001	2000	1	0	2000	1	0	2000	
0.998	0.006	2000	0.998	0.006	2000	0.998	0.006	2000	0.998	0.006	2000	0.998	0.006	2000	0.998	0.006	2000	1.000	0.000	2000	1	0	2000	1	0	2000	
1.000	0.003	2000	1.000	0.003	2000	1.000	0.003	2000	1.000	0.003	2000	1.000	0.003	2000	1.000	0.003	2000	1	0	2000	1	0	2000	1	0	2000	
0.737	0.177	1736	0.737	0.177	1736	0.751	0.171	1789	0.919	0.088	2000	0.993	0.017	2000	1.000	0.001	2000	1	0	2000	1	0	2000	1	0	2000	
0.504	0.176	1720	0.504	0.176	1720	0.514	0.175	1787	0.734	0.137	2000	0.930	0.056	2000	0.995	0.009	2000	1.000	0.000	2000	1	0	2000	1	0	2000	
0.457	0.160	1667	0.457	0.160	1667	0.466	0.161	1741	0.692	0.137	2000	0.902	0.066	2000	0.989	0.013	2000	1.000	0.001	2000	1	0	2000	1	0	2000	
0.440	0.160	1678	0.440	0.160	1678	0.449	0.160	1743	0.669	0.139	1998	0.890	0.067	2000	0.987	0.014	2000	1.000	0.001	2000	1	0	2000	1	0	2000	
0.432	0.159	1686	0.432	0.159	1686	0.443	0.160	1738	0.660	0.140	1998	0.885	0.069	2000	0.986	0.015	2000	1.000	0.001	2000	1	0	2000	1	0	2000	
0.439	0.161	1675	0.439	0.161	1675	0.451	0.161	1737	0.670	0.137	1999	0.889	0.071	2000	0.987	0.015	2000	1.000	0.001	2000	1	0	2000	1	0	2000	
0.457	0.160	1681	0.457	0.160	1681	0.468	0.161	1746	0.683	0.138	2000	0.897	0.067	2000	0.988	0.013	2000	1.000	0.001	2000	1	0	2000	1	0	2000	
0.475	0.167	1665	0.475	0.167	1665	0.486	0.167	1730	0.701	0.144	2000	0.911	0.067	2000	0.991	0.012	2000	1.000	0.001	2000	1	0	2000	1	0	2000	
0.505	0.172	1702	0.505	0.172	1702	0.515	0.172	1768	0.739	0.135	2000	0.930	0.056	2000	0.994	0.009	2000	1.000	0.000	2000	1	0	2000	1	0	2000	
0.549	0.175	1723	0.549	0.175	1723	0.562	0.175	1784	0.780	0.130	1999	0.951	0.047	2000	0.997	0.005	2000	1.000	0.000	2000	1	0	2000	1	0	2000	
0.620	0.180	1716	0.620	0.180	1716	0.633	0.179	1788	0.841	0.116	2000	0.973	0.033	2000	0.999	0.003	2000	1	0	2000	1	0	2000	1	0	2000	
0.343	0.143	1282	0.343	0.143	1282	0.358	0.148	1531	0.510	0.148	1994	0.759	0.098	2000	0.941	0.039	2000	0.996	0.006	2000	1.000	0.000	2000	1	0	2000	
0.300	0.128	1203	0.300	0.128	1203	0.306	0.130	1457	0.432	0.141	1975	0.673	0.106	2000	0.892	0.053	2000	0.988	0.011	2000	1.000	0.001	2000	1	0	2000	
0.297	0.123	1159	0.297	0.123	1159	0.301	0.128	1433	0.413	0.137	1970	0.649	0.104	2000	0.877	0.054	2000	0.984	0.014	2000	1.000	0.001	2000	1	0	2000	
0.300	0.128	1172	0.300	0.128	1172	0.303	0.131	1447	0.406	0.140	1972	0.643	0.107	2000	0.871	0.056	2000	0.983	0.013	2000	1.000	0.001	2000	1	0	2000	
0.293	0.129	1165	0.293	0.129	1165	0.301	0.130	1432	0.410	0.140	1976	0.647	0.108	2000	0.876	0.054	2000	0.984	0.013	2000	1.000	0.001	2000	1	0	2000	
0.298	0.127	1198	0.298	0.127	1198	0.304	0.128	1479	0.423	0.141	1978	0.666	0.104	2000	0.887	0.052	2000	0.986	0.012	2000	1.000	0.001	2000	1	0	2000	
0.307	0.131	1178	0.307	0.131	1178	0.313	0.132	1474	0.445	0.145	1972	0.687	0.106	2000	0.900	0.051	2000	0.989	0.010	2000	1.000	0.001	2000	1	0	2000	
0.326	0.139	1270	0.326	0.139	1270	0.338	0.143	1500	0.470	0.147	1990	0.720	0.102	2000	0.920	0.044	2000	0.993	0.008	2000	1.000	0.000	2000	1	0	2000	
0.348	0.145	1337	0.348	0.145	1337	0.362	0.147	1589	0.517	0.153	1989	0.763	0.099	2000	0.942	0.040	2000	0.996	0.006	2000	1.000	0.000	2000	1	0	2000	
0.388	0.155	1383	0.388	0.155	1383	0.403	0.155	1631	0.576	0.152	1998	0.819	0.092	2000	0.966	0.029	2000	0.999	0.003	2000	1	0	2000	1	0	2000	
0.448	0.169	1501	0.448	0.169	1501	0.470	0.171	1718	0.675	0.150	1997	0.891	0.074	2000	0.987	0.018	2000	1.000	0.001	2000	1	0	2000	1	0	2000	
0.271	0.112	940	0.271	0.112	940	0.271	0.118	1469	0.376	0.129	1981	0.603	0.102	2000	0.841	0.057	2000	0.973	0.017	2000	0.999	0.002	2000	1	0	2000	
0.265	0.113	894	0.265	0.113	894	0.261	0.114	1436	0.357	0.123	1966	0.581	0.104	2000	0.822	0.061	2000	0.968	0.018	2000	0.999	0.002	2000	1	0	2000	
0.261	0.108	897	0.261	0.108	897	0.262	0.114	1406	0.350	0.125	1977	0.576	0.102	2000	0.819	0.060	2000	0.967	0.019	2000	0.999	0.002	2000	1	0	2000	
0.258	0.102	855	0.258	0.102	855	0.259	0.110	1405	0.348	0.126	1971	0.578	0.102	2000	0.823	0.058	2000	0.968	0.018	2000	0.999	0.002	2000	1	0	2000	
0.270	0.116	911	0.270	0.116	911	0.271	0.119	1460	0.370	0.130	1976	0.595	0.101	2000	0.837	0.059	2000	0.973	0.017	2000	0.999	0.002	2000	1.000	0.000	2000	
0.285	0.119	926	0.285	0.119	926	0.280	0.124	1477	0.390	0.131	1983	0.624	0.101	2000	0.858	0.054	2000	0.979	0.014	2000	1.000	0.001	2000	1	0	2000	
0.287	0.123	1030	0.287	0.123	1030	0.297	0.126	1556	0.418	0.134	1989	0.661	0.100	2000	0.882	0.050	2000	0.985	0.012	2000	1.000	0.001	2000	1	0	2000	
0.298	0.122	1067	0.298	0.122	1067	0.318	0.131	1591	0.456	0.138	1990	0.706	0.094	2000	0.912	0.044	2000	0.991	0.009	2000	1.000	0.000	2000	1	0	2000	
0.323	0.129	1086	0.323	0.129	1086	0.345	0.140	1640	0.504	0.143	1993	0.759	0.096	2000	0.939	0.039	2000	0.996	0.006	2000	1.000	0.000	2000	1	0	2000	
0.377	0.156	1196	0.377	0.156	1196	0.404	0.162	1689	0.592	0.153	2000	0.831	0.086	2000	0.970	0.026	2000	0.999	0.003	2000	1.000	0.000	2000	1	0	2000	
0.293	0.123	237	0.293	0.123	237	0.282	0.125	1133	0.347	0.132	1901	0.551	0.116	2000	0.796	0.071	2000	0.958	0.024	2000	0.998	0.003	2000	1.000	0.000	2000	
0.263	0.108	225	0.263	0.108	225	0.253	0.107	1056	0.300	0.124	1872	0.490	0.114	1999	0.743	0.076	2000	0.932	0.031	2000	0.995	0.005	2000	1.000	0.000	2000	
0.257	0.104	243	0.257	0.104	243	0.248	0.108	1051	0.288	0.122	1864	0.463	0.113	1999	0.713	0.077	2000	0.917	0.034	2000	0.993	0.006	2000	1.000	0.000	2000	
0.267	0.099	195	0.267	0.099	195	0.241	0.102	936	0.270	0.115	1836	0.435	0.109	1998	0.684	0.079	2000	0.901	0.037	2000	0.990	0.008	2000	1.000	0.000	2000	
0.266	0.106	194	0.266	0.106	194	0.238	0.105	958	0.263	0.114	1841	0.430	0.111	2000	0.677	0.080	2000	0.896	0.039	2000	0.989	0.008	2000	1.000	0.000	2000	
0.258	0.097	205	0.258	0.097	205	0.239	0.102	966	0.266	0.113	1829	0.430	0.109	1998	0.674	0.078	2000	0.895	0.039	2000	0.988	0.008	2000	1.000	0.000	2000	
0.248	0.101	185	0.248	0.101	185	0.242	0.104	935	0.269	0.117	1833	0.432	0.111	1999	0.683	0.079	2000	0.898	0.039	2000	0.989	0.008	2000	1.000	0.000	2000	
0.253	0.096	172	0.253	0.096	172	0.246	0.105	941	0.275	0.120	1841	0.454	0.110	1999	0.700	0.076	2000	0.910	0.035	2000	0.992	0.006	2000	1.000	0.000	2000	
0.277	0.122	203	0.277	0.122	203	0.254	0.110	1010	0.290	0.122	1868	0.479	0.111	2000	0.728	0.076	2000	0.924	0.033	2000	0.994	0.006	2000	1.000	0.000	2000	
0.270	0.100	203	0.270	0.100	203	0.265	0.117	1047	0.320	0.128	1880	0.516	0.117	2000	0.761	0.075	2000	0.942	0.029	2000	0.997	0.004	2000	1.000	0.000	2000	
0.269	0.101	227	0.269	0.101	227	0.285	0.122	1093	0.346	0.133	1924	0.561	0.115	2000	0.808	0.069	2000	0.961	0.024	2000	0.998	0.003	2000	1	0	2000	
0.295	0.123	242	0.295	0.123	242	0.302	0.126	1238	0.390	0.145	1951	0.620	0.118	2000	0.854	0.065	2000	0.977	0.017	2000	0.999	0.001	2000	1	0	2000	
0.311	0.129	317	0.311	0.129	317	0.339	0.144	1283	0.446	0.154	1960	0.685	0.112	1999	0.900	0.054	2000	0.989	0.011	2000	1.000	0.001	2000	1	0	2000	
0.325	0.182	11	0.287	0.102	123	0.254	0.102	801	0.260	0.114	1737	0.403	0.117	1999	0.645	0.084	2000	0.876	0.044	2000	0.984	0.010	2000	1.000	0.001	2000	
0.252	0.068	14	0.273	0.109	129	0.244	0.105	748	0.247	0.109	1669	0.380	0.117	1996	0.616	0.089	2000	0.854	0.048	2000	0.978	0.012	2000	1.000	0.001	2000	
0.336	0.105	20	0.282	0.098	126	0.238	0.094	767	0.238	0.107	1688	0.364	0.112	1996	0.597	0.087	2000	0.838	0.049	2000	0.973	0.015	2000	0.999	0.001	2000	
0.264	0.075	14	0.266	0.096	108	0.245	0.104	764	0.233	0.105	1657	0.349	0.111	1998	0.581	0.088	2000	0.825	0.050	2000	0.969	0.015	2000	0.999	0.001	2000	
0.267	0.064	7	0.274	0.084	110	0.237	0.100	725	0.231	0.106	1637	0.347	0.112	1992	0.573	0.087	2000	0.818	0.050	2000	0.967	0.015	2000	0.999	0.002	2000	
0.260	0.076	6	0.269	0.090	132	0.245	0.100	749	0.231	0.105	1663	0.349	0.112	1995	0.579	0.086	2000	0.823	0.050	2000	0.969	0.015	2000	0.999	0.002	2000	
0.255	0.120	3	0.287	0.118	115	0.239	0.096	740	0.228	0.102	1633	0.356	0.108	1993	0.588	0.084	2000	0.832	0.049	2000	0.971	0.014	2000	0.999	0.001	2000	
0.296	0.126	12	0.271	0.093	120	0.249	0.104	774	0.246	0.110	1702	0.373	0.112	1999	0.610	0.087	2000	0.847	0.049	2000	0.976	0.013	2000	0.999	0.001	2000	
0.303	0.101	18	0.280	0.101	147	0.257	0.106	816	0.261	0.115	1732	0.401	0.114	1999	0.645	0.086	2000	0.873	0.043	2000	0.983	0.011	2000	1.000	0.001	2000	
0.304	0.107	14	0.292	0.109	171	0.273	0.114	905	0.296	0.126	1805	0.463	0.120	1997	0.714	0.082	2000	0.917	0.036	2000	0.993	0.007	2000	1.000	0.000	2000	
0.273	0.063	10	0.308	0.110	164	0.289	0.119	963	0.322	0.131	1853	0.508	0.127	2000	0.757	0.079	2000	0.938	0.032	2000	0.996	0.005	2000	1.000	0.000	2000	
0.369	0.138	21	0.325	0.124	176	0.305	0.122	1026	0.349	0.136	1868	0.546	0.125	1998	0.798	0.076	2000	0.958	0.026	2000	0.998	0.003	2000	1	0	2000	
0.349	0.121	24	0.349	0.129	192	0.334	0.137	1157	0.419	0.153	1932	0.646	0.123	1999	0.874	0.065	2000	0.983	0.016	2000	1.000	0.001	2000	1	0	2000	
0.670	0.126	2000	0.670	0.126	2000	0.670	0.126	2000	0.670	0.126	2000	0.686	0.123	2000	0.901	0.057	2000	0.990	0.011	2000	1.000	0.001	2000	1	0	2000	
0.599	0.130	1999	0.599	0.130	1999	0.599	0.130	1999	0.599	0.130	1999	0.615	0.126	2000	0.855	0.068	2000	0.978	0.017	2000	1.000	0.001	2000	1	0	2000	
0.582	0.124	2000	0.582	0.124	2000	0.582	0.124	2000	0.582	0.124	2000	0.598	0.122	2000	0.838	0.070	2000	0.973	0.020	2000	0.999	0.002	2000	1.000	0.000	2000	
0.493	0.119	1996	0.493	0.119	1996	0.493	0.119	1996	0.493	0.119	1996	0.506	0.118	1998	0.759	0.080	2000	0.941	0.030	2000	0.996	0.004	2000	1.000	0.000	2000	
0.441	0.121	1997	0.441	0.121	1997	0.441	0.121	1997	0.441	0.121	1997	0.455	0.119	1998	0.709	0.081	2000	0.915	0.038	2000	0.993	0.006	2000	1.000	0.000	2000	
0.426	0.116	1995	0.426	0.116	1995	0.426	0.116	1995	0.426	0.116	1995	0.440	0.115	1997	0.690	0.085	2000	0.905	0.039	2000	0.991	0.007	2000	1.000	0.000	2000	
0.418	0.112	1997	0.418	0.112	1997	0.418	0.112	1997	0.418	0.112	1997	0.432	0.112	1999	0.679	0.083	2000	0.898	0.039	2000	0.989	0.008	2000	1.000	0.000	2000	
0.413	0.113	1998	0.413	0.113	1998	0.413	0.113	1998	0.413	0.113	1998	0.426	0.111	1999	0.668	0.084	2000	0.890	0.042	2000	0.987	0.009	2000	1.000	0.000	2000	
0.404	0.115	1998	0.404	0.115	1998	0.404	0.115	1998	0.404	0.115	1998	0.418	0.112	1999	0.664	0.084	2000	0.888	0.041	2000	0.987	0.008	2000	1.000	0.000	2000	
0.407	0.116	1997	0.407	0.116	1997	0.407	0.116	1997	0.407	0.116	1997	0.421	0.115	1999	0.671	0.086	2000	0.891	0.042	2000	0.987	0.009	2000	1.000	0.000	2000	
0.421	0.117	1996	0.421	0.117	1996	0.421	0.117	1996	0.421	0.117	1996	0.433	0.115	1999	0.680	0.083	2000	0.899	0.039	2000	0.989	0.008	2000	1.000	0.000	2000	
0.441	0.116	1999	0.441	0.116	1999	0.441	0.116	1999	0.441	0.116	1999	0.455	0.116	1999	0.709	0.083	2000	0.914	0.037	2000	0.992	0.006	2000	1.000	0.000	2000	
0.480	0.121	2000	0.480	0.121	2000	0.480	0.121	2000	0.480	0.121	2000	0.496	0.119	2000	0.749	0.080	2000	0.937	0.031	2000	0.996	0.004	2000	1.000	0.000	2000	
0.603	0.128	1999	0.603	0.128	1999	0.603	0.128	1999	0.603	0.128	1999	0.620	0.125	1999	0.856	0.066	2000	0.978	0.018	2000	1.000	0.001	2000	1	0	2000	
0.715	0.122	2000	0.715	0.122	2000	0.715	0.122	2000	0.715	0.122	2000	0.729	0.119	2000	0.925	0.052	2000	0.994	0.008	2000	1.000	0.000	2000	1	0	2000	
0.772	0.119	2000	0.772	0.119	2000	0.772	0.119	2000	0.772	0.119	2000	0.787	0.114	2000	0.953	0.040	2000	0.998	0.005	2000	1.000	0.000	2000	1	0	2000	
0.869	0.066	2000	0.869	0.066	2000	0.869	0.066	2000	0.869	0.066	2000	0.869	0.066	2000	0.890	0.058	2000	0.988	0.012	2000	1.000	0.001	2000	1	0	2000	
0.822	0.075	2000	0.822	0.075	2000	0.822	0.075	2000	0.822	0.075	2000	0.822	0.075	2000	0.847	0.067	2000	0.976	0.019	2000	0.999	0.001	2000	1	0	2000	
0.795	0.078	2000	0.795	0.078	2000	0.795	0.078	2000	0.795	0.078	2000	0.795	0.078	2000	0.822	0.072	2000	0.968	0.022	2000	0.999	0.002	2000	1	0	2000	
0.777	0.080	2000	0.777	0.080	2000	0.777	0.080	2000	0.777	0.080	2000	0.777	0.080	2000	0.804	0.074	2000	0.961	0.024	2000	0.998	0.002	2000	1	0	2000	
0.743	0.086	2000	0.743	0.086	2000	0.743	0.086	2000	0.743	0.086	2000	0.743	0.086	2000	0.773	0.079	2000	0.950	0.028	2000	0.997	0.003	2000	1.000	0.000	2000	
0.725	0.089	2000	0.725	0.089	2000	0.725	0.089	2000	0.725	0.089	2000	0.725	0.089	2000	0.754	0.082	2000	0.941	0.031	2000	0.996	0.004	2000	1.000	0.000	2000	
0.713	0.087	2000	0.713	0.087	2000	0.713	0.087	2000	0.713	0.087	2000	0.713	0.087	2000	0.743	0.080	2000	0.934	0.031	2000	0.995	0.004	2000	1.000	0.000	2000	
0.706	0.090	2000	0.706	0.090	2000	0.706	0.090	2000	0.706	0.090	2000	0.706	0.090	2000	0.735	0.084	2000	0.929	0.033	2000	0.995	0.005	2000	1.000	0.000	2000	
0.700	0.090	2000	0.700	0.090	2000	0.700	0.090	2000	0.700	0.090	2000	0.700	0.090	2000	0.730	0.085	2000	0.927	0.034	2000	0.995	0.005	2000	1.000	0.000	2000	
0.699	0.085	2000	0.699	0.085	2000	0.699	0.085	2000	0.699	0.085	2000	0.699	0.085	2000	0.729	0.082	2000	0.926	0.034	2000	0.994	0.005	2000	1.000	0.000	2000	
0.703	0.089	2000	0.703	0.089	2000	0.703	0.089	2000	0.703	0.089	2000	0.703	0.089	2000	0.734	0.083	2000	0.930	0.032	2000	0.995	0.005	2000	1.000	0.000	2000	
0.715	0.086	2000	0.715	0.086	2000	0.715	0.086	2000	0.715	0.086	2000	0.715	0.086	2000	0.744	0.081	2000	0.936	0.033	2000	0.996	0.004	2000	1.000	0.000	2000	
0.742	0.084	2000	0.742	0.084	2000	0.742	0.084	2000	0.742	0.084	2000	0.742	0.084	2000	0.771	0.078	2000	0.948	0.029	2000	0.997	0.003	2000	1.000	0.000	2000	
0.785	0.083	2000	0.785	0.083	2000	0.785	0.083	2000	0.785	0.083	2000	0.785	0.083	2000	0.812	0.075	2000	0.965	0.023	2000	0.999	0.002	2000	1.000	0.000	2000	
0.966	0.033	2000	0.966	0.033	2000	0.966	0.033	2000	0.966	0.033	2000	0.966	0.033	2000	0.966	0.033	2000	0.991	0.012	2000	1.000	0.000	2000	1	0	2000	
0.931	0.048	2000	0.931	0.048	2000	0.931	0.048	2000	0.931	0.048	2000	0.931	0.048	2000	0.931	0.048	2000	0.978	0.020	2000	1.000	0.001	2000	1	0	2000	
0.887	0.061	2000	0.887	0.061	2000	0.887	0.061	2000	0.887	0.061	2000	0.887	0.061	2000	0.887	0.061	2000	0.955	0.031	2000	0.998	0.003	2000	1.000	0.000	2000	
0.864	0.064	2000	0.864	0.064	2000	0.864	0.064	2000	0.864	0.064	2000	0.864	0.064	2000	0.864	0.064	2000	0.942	0.035	2000	0.996	0.004	2000	1.000	0.000	2000	
0.842	0.069	2000	0.842	0.069	2000	0.842	0.069	2000	0.842	0.069	2000	0.842	0.069	2000	0.842	0.069	2000	0.930	0.040	2000	0.995	0.005	2000	1.000	0.000	2000	
0.828	0.073	2000	0.828	0.073	2000	0.828	0.073	2000	0.828	0.073	2000	0.828	0.073	2000	0.828	0.073	2000	0.919	0.043	2000	0.994	0.006	2000	1.000	0.000	2000	
0.813	0.076	2000	0.813	0.076	2000	0.813	0.076	2000	0.813	0.076	2000	0.813	0.076	2000	0.813	0.076	2000	0.909	0.046	2000	0.992	0.007	2000	1.000	0.000	2000	
0.805	0.075	2000	0.805	0.075	2000	0.805	0.075	2000	0.805	0.075	2000	0.805	0.075	2000	0.805	0.075	2000	0.904	0.046	2000	0.991	0.008	2000	1.000	0.000	2000	
0.801	0.076	2000	0.801	0.076	2000	0.801	0.076	2000	0.801	0.076	2000	0.801	0.076	2000	0.801	0.076	2000	0.900	0.046	2000	0.990	0.009	2000	1.000	0.000	2000	
0.799	0.076	2000	0.799	0.076	2000	0.799	0.076	2000	0.799	0.076	2000	0.799	0.076	2000	0.799	0.076	2000	0.899	0.048	2000	0.990	0.008	2000	1.000	0.000	2000	
0.799	0.075	2000	0.799	0.075	2000	0.799	0.075	2000	0.799	0.075	2000	0.799	0.075	2000	0.799	0.075	2000	0.901	0.047	2000	0.990	0.008	2000	1.000	0.000	2000	
0.808	0.078	2000	0.808	0.078	2000	0.808	0.078	2000	0.808	0.078	2000	0.808	0.078	2000	0.808	0.078	2000	0.905	0.047	2000	0.991	0.008	2000	1.000	0.000	2000	
0.820	0.074	2000	0.820	0.074	2000	0.820	0.074	2000	0.820	0.074	2000	0.820	0.074	2000	0.820	0.074	2000	0.914	0.044	2000	0.992	0.007	2000	1.000	0.000	2000	
0.836	0.071	2000	0.836	0.071	2000	0.836	0.071	2000	0.836	0.071	2000	0.836	0.071	2000	0.836	0.071	2000	0.924	0.042	2000	0.994	0.006	2000	1.000	0.000	2000	
0.870	0.065	2000	0.870	0.065	2000	0.870	0.065	2000	0.870	0.065	2000	0.870	0.065	2000	0.870	0.065	2000	0.945	0.034	2000	0.997	0.004	2000	1.000	0.000	2000	
0.926	0.050	2000	0.926	0.050	2000	0.926	0.050	2000	0.926	0.050	2000	0.926	0.050	2000	0.926	0.050	2000	0.975	0.022	2000	0.999	0.002	2000	1	0	2000	
0.991	0.012	2000	0.991	0.012	2000	0.991	0.012	2000	0.991	0.012	2000	0.991	0.012	2000	0.991	0.012	2000	0.994	0.009	2000	1.000	0.000	2000	1	0	2000	
0.971	0.025	2000	0.971	0.025	2000	0.971	0.025	2000	0.971	0.025	2000	0.971	0.025	2000	0.971	0.025	2000	0.978	0.020	2000	0.999	0.002	2000	1	0	2000	
0.949	0.036	2000	0.949	0.036	2000	0.949	0.036	2000	0.949	0.036	2000	0.949	0.036	2000	0.949	0.036	2000	0.960	0.030	2000	0.998	0.003	2000	1.000	0.000	2000	
0.928	0.041	2000	0.928	0.041	2000	0.928	0.041	2000	0.928	0.041	2000	0.928	0.041	2000	0.928	0.041	2000	0.942	0.036	2000	0.996	0.004	2000	1.000	0.000	2000	
0.913	0.045	2000	0.913	0.045	2000	0.913	0.045	2000	0.913	0.045	2000	0.913	0.045	2000	0.913	0.045	2000	0.928	0.039	2000	0.995	0.006	2000	1.000	0.000	2000	
0.899	0.050	2000	0.899	0.050	2000	0.899	0.050	2000	0.899	0.050	2000	0.899	0.050	2000	0.899	0.050	2000	0.915	0.044	2000	0.993	0.007	2000	1.000	0.000	2000	
0.891	0.051	2000	0.891	0.051	2000	0.891	0.051	2000	0.891	0.051	2000	0.891	0.051	2000	0.891	0.051	2000	0.908	0.046	2000	0.992	0.008	2000	1.000	0.000	2000	
0.884	0.050	2000	0.884	0.050	2000	0.884	0.050	2000	0.884	0.050	2000	0.884	0.050	2000	0.884	0.050	2000	0.901	0.045	2000	0.990	0.008	2000	1.000	0.000	2000	
0.879	0.055	2000	0.879	0.055	2000	0.879	0.055	2000	0.879	0.055	2000	0.879	0.055	2000	0.879	0.055	2000	0.897	0.049	2000	0.990	0.009	2000	1.000	0.000	2000	
0.882	0.053	2000	0.882	0.053	2000	0.882	0.053	2000	0.882	0.053	2000	0.882	0.053	2000	0.882	0.053	2000	0.900	0.047	2000	0.990	0.008	2000	1.000	0.000	2000	
0.882	0.054	2000	0.882	0.054	2000	0.882	0.054	2000	0.882	0.054	2000	0.882	0.054	2000	0.882	0.054	2000	0.899	0.048	2000	0.990	0.009	2000	1.000	0.000	2000	
0.891	0.051	2000	0.891	0.051	2000	0.891	0.051	2000	0.891	0.051	2000	0.891	0.051	2000	0.891	0.051	2000	0.908	0.046	2000	0.991	0.008	2000	1.000	0.000	2000	
0.899	0.049	2000	0.899	0.049	2000	0.899	0.049	2000	0.899	0.049	2000	0.899	0.049	2000	0.899	0.049	2000	0.916	0.044	2000	0.993	0.007	2000	1.000	0.000	2000	
0.913	0.046	2000	0.913	0.046	2000	0.913	0.046	2000	0.913	0.046	2000	0.913	0.046	2000	0.913	0.046	2000	0.927	0.040	2000	0.994	0.006	2000	1.000	0.000	2000	
0.930	0.041	2000	0.930	0.041	2000	0.930	0.041	2000	0.930	0.041	2000	0.930	0.041	2000	0.930	0.041	2000	0.943	0.035	2000	0.997	0.004	2000	1.000	0.000	2000	
0.954	0.032	2000	0.954	0.032	2000	0.954	0.032	2000	0.954	0.032	2000	0.954	0.032	2000	0.954	0.032	2000	0.964	0.027	2000	0.999	0.003	2000	1	0	2000	
0.993	0.011	2000	0.993	0.011	2000	0.993	0.011	2000	0.993	0.011	2000	0.993	0.011	2000	0.993	0.011	2000	0.995	0.008	2000	1.000	0.000	2000	1	0	2000	
0.995	0.007	2000	0.995	0.007	2000	0.995	0.007	2000	0.995	0.007	2000	0.995	0.007	2000	0.995	0.007	2000	0.995	0.007	2000	0.998	0.004	2000	1.000	0.000	2000	
0.987	0.011	2000	0.987	0.011	2000	0.987	0.011	2000	0.987	0.011	2000	0.987	0.011	2000	0.987	0.011	2000	0.987	0.011	2000	0.994	0.006	2000	1.000	0.000	2000	
0.976	0.016	2000	0.976	0.016	2000	0.976	0.016	2000	0.976	0.016	2000	0.976	0.016	2000	0.976	0.016	2000	0.976	0.016	2000	0.988	0.010	2000	1.000	0.001	2000	
0.966	0.020	2000	0.966	0.020	2000	0.966	0.020	2000	0.966	0.020	2000	0.966	0.020	2000	0.966	0.020	2000	0.966	0.020	2000	0.982	0.013	2000	1.000	0.001	2000	
0.958	0.023	2000	0.958	0.023	2000	0.958	0.023	2000	0.958	0.023	2000	0.958	0.023	2000	0.958	0.023	2000	0.958	0.023	2000	0.976	0.015	2000	0.999	0.001	2000	
0.952	0.024	2000	0.952	0.024	2000	0.952	0.024	2000	0.952	0.024	2000	0.952	0.024	2000	0.952	0.024	2000	0.952	0.024	2000	0.972	0.016	2000	0.999	0.001	2000	
0.947	0.026	2000	0.947	0.026	2000	0.947	0.026	2000	0.947	0.026	2000	0.947	0.026	2000	0.947	0.026	2000	0.947	0.026	2000	0.969	0.018	2000	0.999	0.002	2000	
0.946	0.026	2000	0.946	0.026	2000	0.946	0.026	2000	0.946	0.026	2000	0.946	0.026	2000	0.946	0.026	2000	0.946	0.026	2000	0.968	0.017	2000	0.999	0.002	2000	
0.944	0.025	2000	0.944	0.025	2000	0.944	0.025	2000	0.944	0.025	2000	0.944	0.025	2000	0.944	0.025	2000	0.944	0.025	2000	0.968	0.017	2000	0.999	0.002	2000	
0.947	0.025	2000	0.947	0.025	2000	0.947	0.025	2000	0.947	0.025	2000	0.947	0.025	2000	0.947	0.025	2000	0.947	0.025	2000	0.969	0.017	2000	0.999	0.002	2000	
0.951	0.024	2000	0.951	0.024	2000	0.951	0.024	2000	0.951	0.024	2000	0.951	0.024	2000	0.951	0.024	2000	0.951	0.024	2000	0.972	0.016	2000	0.999	0.001	2000	
0.957	0.022	2000	0.957	0.022	2000	0.957	0.022	2000	0.957	0.022	2000	0.957	0.022	2000	0.957	0.022	2000	0.957	0.022	2000	0.976	0.015	2000	0.999	0.001	2000	
0.964	0.021	2000	0.964	0.021	2000	0.964	0.021	2000	0.964	0.021	2000	0.964	0.021	2000	0.964	0.021	2000	0.964	0.021	2000	0.980	0.013	2000	1.000	0.001	2000	
0.973	0.017	2000	0.973	0.017	2000	0.973	0.017	2000	0.973	0.017	2000	0.973	0.017	2000	0.973	0.017	2000	0.973	0.017	2000	0.986	0.011	2000	1.000	0.001	2000	
0.983	0.013	2000	0.983	0.013	2000	0.983	0.013	2000	0.983	0.013	2000	0.983	0.013	2000	0.983	0.013	2000	0.983	0.013	2000	0.992	0.008	2000	1.000	0.000	2000	
0.994	0.008	2000	0.994	0.008	2000	0.994	0.008	2000	0.994	0.008	2000	0.994	0.008	2000	0.994	0.008	2000	0.994	0.008	2000	0.997	0.004	2000	1.000	0.000	2000	
1.000	0.001	2000	1.000	0.001	2000	1.000	0.001	2000	1.000	0.001	2000	1.000	0.001	2000	1.000	0.001	2000	1.000	0.001	2000	1.000	0.000	2000	1	0	2000	
0.881	0.065	2000	0.881	0.065	2000	0.881	0.065	2000	0.881	0.065	2000	0.881	0.065	2000	0.881	0.065	2000	0.964	0.028	2000	0.999	0.003	2000	1	0	2000	
0.760	0.083	2000	0.760	0.083	2000	0.760	0.083	2000	0.760	0.083	2000	0.760	0.083	2000	0.760	0.083	2000	0.896	0.047	2000	0.989	0.010	2000	1.000	0.000	2000	
0.727	0.087	2000	0.727	0.087	2000	0.727	0.087	2000	0.727	0.087	2000	0.727	0.087	2000	0.727	0.087	2000	0.873	0.053	2000	0.983	0.013	2000	1.000	0.001	2000	
0.712	0.089	2000	0.712	0.089	2000	0.712	0.089	2000	0.712	0.089	2000	0.712	0.089	2000	0.712	0.089	2000	0.862	0.056	2000	0.981	0.014	2000	1.000	0.001	2000	
0.707	0.089	2000	0.707	0.089	2000	0.707	0.089	2000	0.707	0.089	2000	0.707	0.089	2000	0.707	0.089	2000	0.857	0.056	2000	0.979	0.015	2000	1.000	0.001	2000	
0.703	0.091	2000	0.703	0.091	2000	0.703	0.091	2000	0.703	0.091	2000	0.703	0.091	2000	0.703	0.091	2000	0.855	0.057	2000	0.978	0.015	2000	1.000	0.001	2000	
0.710	0.087	2000	0.710	0.087	2000	0.710	0.087	2000	0.710	0.087	2000	0.710	0.087	2000	0.710	0.087	2000	0.862	0.053	2000	0.980	0.014	2000	1.000	0.001	2000	
0.718	0.087	2000	0.718	0.087	2000	0.718	0.087	2000	0.718	0.087	2000	0.718	0.087	2000	0.718	0.087	2000	0.867	0.054	2000	0.982	0.013	2000	1.000	0.001	2000	
0.737	0.087	2000	0.737	0.087	2000	0.737	0.087	2000	0.737	0.087	2000	0.737	0.087	2000	0.737	0.087	2000	0.883	0.050	2000	0.985	0.012	2000	1.000	0.001	2000	
0.754	0.083	2000	0.754	0.083	2000	0.754	0.083	2000	0.754	0.083	2000	0.754	0.083	2000	0.754	0.083	2000	0.891	0.050	2000	0.988	0.010	2000	1.000	0.001	2000	
0.779	0.083	2000	0.779	0.083	2000	0.779	0.083	2000	0.779	0.083	2000	0.779	0.083	2000	0.779	0.083	2000	0.909	0.046	2000	0.991	0.008	2000	1.000	0.000	2000	
0.814	0.077	2000	0.814	0.077	2000	0.814	0.077	2000	0.814	0.077	2000	0.814	0.077	2000	0.814	0.077	2000	0.931	0.039	2000	0.995	0.006	2000	1.000	0.000	2000	
0.861	0.070	2000	0.861	0.070	2000	0.861	0.070	2000	0.861	0.070	2000	0.861	0.070	2000	0.861	0.070	2000	0.955	0.033	2000	0.998	0.004	2000	1.000	0.000	2000	
0.924	0.054	2000	0.924	0.054	2000	0.924	0.054	2000	0.924	0.054	2000	0.924	0.054	2000	0.924	0.054	2000	0.983	0.018	2000	1.000	0.001	2000	1	0	2000	
1.000	0.000	1994	1.000	0.000	1994	1.000	0.000	1994	1.000	0.000	1994	1.000	0.000	1994	1.000	0.000	1994	1	0	1994	1	0	1994	1	0	1994	
1	0	1985	1	0	1985	1	0	1985	1	0	1985	1	0	1985	1	0	1985	1	0	1985	1	0	1985	1	0	1985	
1	0	1985	1	0	1985	1	0	1985	1	0	1985	1	0	1985	1	0	1985	1	0	1985	1	0	1985	1	0	1985	
1	0	1971	1	0	1971	1	0	1971	1	0	1971	1	0	1971	1	0	1971	1	0	1971	1	0	1971	1	0	1971	
1	0	1948	1	0	1948	1	0	1948	1	0	1948	1	0	1948	1	0	1948	1	0	1948	1	0	1948	1	0	1948	
0.972	0.019	2000	0.972	0.019	2000	0.972	0.019	2000	0.972	0.019	2000	0.972	0.019	2000	0.972	0.019	2000	0.972	0.019	2000	0.991	0.008	2000	1.000	0.000	2000	
0.966	0.022	2000	0.966	0.022	2000	0.966	0.022	2000	0.966	0.022	2000	0.966	0.022	2000	0.966	0.022	2000	0.966	0.022	2000	0.989	0.010	2000	1.000	0.000	2000	
0.964	0.022	2000	0.964	0.022	2000	0.964	0.022	2000	0.964	0.022	2000	0.964	0.022	2000	0.964	0.022	2000	0.964	0.022	2000	0.988	0.010	2000	1.000	0.001	2000	
0.965	0.022	2000	0.965	0.022	2000	0.965	0.022	2000	0.965	0.022	2000	0.965	0.022	2000	0.965	0.022	2000	0.965	0.022	2000	0.988	0.010	2000	1.000	0.001	2000	
0.968	0.021	2000	0.968	0.021	2000	0.968	0.021	2000	0.968	0.021	2000	0.968	0.021	2000	0.968	0.021	2000	0.968	0.021	2000	0.990	0.009	2000	1.000	0.000	2000	
0.972	0.020	2000	0.972	0.020	2000	0.972	0.020	2000	0.972	0.020	2000	0.972	0.020	2000	0.972	0.020	2000	0.972	0.020	2000	0.991	0.009	2000	1.000	0.000	2000	
0.977	0.018	2000	0.977	0.018	2000	0.977	0.018	2000	0.977	0.018	2000	0.977	0.018	2000	0.977	0.018	2000	0.977	0.018	2000	0.993	0.007	2000	1.000	0.000	2000	
0.983	0.015	2000	0.983	0.015	2000	0.983	0.015	2000	0.983	0.015	2000	0.983	0.015	2000	0.983	0.015	2000	0.983	0.015	2000	0.995	0.006	2000	1.000	0.000	2000	
0.988	0.012	2000	0.988	0.012	2000	0.988	0.012	2000	0.988	0.012	2000	0.988	0.012	2000	0.988	0.012	2000	0.988	0.012	2000	0.997	0.004	2000	1.000	0.000	2000	
0.993	0.009	2000	0.993	0.009	2000	0.993	0.009	2000	0.993	0.009	2000	0.993	0.009	2000	0.993	0.009	2000	0.993	0.009	2000	0.999	0.003	2000	1	0	2000	
0.997	0.005	2000	0.997	0.005	2000	0.997	0.005	2000	0.997	0.005	2000	0.997	0.005	2000	0.997	0.005	2000	0.997	0.005	2000	1.000	0.001	2000	1	0	2000	
1.000	0.002	2000	1.000	0.002	2000	1.000	0.002	2000	1.000	0.002	2000	1.000	0.002	2000	1.000	0.002	2000	1.000	0.002	2000	1.000	0.000	2000	1	0	2000	
1.000	0.000	2000	1.000	0.000	2000	1.000	0.000	2000	1.000	0.000	2000	1.000	0.000	2000	1.000	0.000	2000	1.000	0.000	2000	1	0	2000	1	0	2000	
1	0	1999	1	0	1999	1	0	1999	1	0	1999	1	0	1999	1	0	1999	1	0	1999	1	0	1999	1	0	1999	
1	0	2000	1	0	2000	1	0	2000	1	0	2000	1	0	2000	1	0	2000	1	0	2000	1	0	2000	1	0	2000	
1	0	1993	1	0	1993	1	0	1993	1	0	1993	1	0	1993	1	0	1993	1	0	1993	1	0	1993	1	0	1993	
1	0	1979	1	0	1979	1	0	1979	1	0	1979	1	0	1979	1	0	1979	1	0	1979	1	0	1979	1	0	1979	
1	0	1955	1	0	1955	1	0	1955	1	0	1955	1	0	1955	1	0	1955	1	0	1955	1	0	1955	1	0	1955	
1.000	0.000	2000	1.000	0.000	2000	1.000	0.000	2000	1.000	0.000	2000	1.000	0.000	2000	1.000	0.000	2000	1.000	0.000	2000	1.000	0.000	2000	1.000	0.000	2000	
1.000	0.001	2000	1.000	0.001	2000	1.000	0.001	2000	1.000	0.001	2000	1.000	0.001	2000	1.000	0.001	2000	1.000	0.001	2000	1.000	0.001	2000	1.000	0.000	2000	
1.000	0.001	2000	1.000	0.001	2000	1.000	0.001	2000	1.000	0.001	2000	1.000	0.001	2000	1.000	0.001	2000	1.000	0.001	2000	1.000	0.001	2000	1.000	0.000	2000	
1.000	0.000	2000	1.000	0.000	2000	1.000	0.000	2000	1.000	0.000	2000	1.000	0.000	2000	1.000	0.000	2000	1.000	0.000	2000	1.000	0.000	2000	1.000	0.000	2000	
1.000	0.000	2000	1.000	0.000	2000	1.000	0.000	2000	1.000	0.000	2000	1.000	0.000	2000	1.000	0.000	2000	1.000	0.000	2000	1.000	0.000	2000	1.000	0.000	2000	
1.000	0.000	2000	1.000	0.000	2000	1.000	0.000	2000	1.000	0.000	2000	1.000	0.000	2000	1.000	0.000	2000	1.000	0.000	2000	1.000	0.000	2000	1.000	0.000	2000	
1.000	0.000	2000	1.000	0.000	2000	1.000	0.000	2000	1.000	0.000	2000	1.000	0.000	2000	1.000	0.000	2000	1.000	0.000	2000	1.000	0.000	2000	1	0	2000	
1.000	0.000	2000	1.000	0.000	2000	1.000	0.000	2000	1.000	0.000	2000	1.000	0.000	2000	1.000	0.000	2000	1.000	0.000	2000	1.000	0.000	2000	1.000	0.000	2000	
1	0	2000	1	0	2000	1	0	2000	1	0	2000	1	0	2000	1	0	2000	1	0	2000	1	0	2000	1	0	2000	
1	0	2000	1	0	2000	1	0	2000	1	0	2000	1	0	2000	1	0	2000	1	0	2000	1	0	2000	1	0	2000	
1	0	2000	1	0	2000	1	0	2000	1	0	2000	1	0	2000	1	0	2000	1	0	2000	1	0	2000	1	0	2000	
1	0	2000	1	0	2000	1	0	2000	1	0	2000	1	0	2000	1	0	2000	1	0	2000	1	0	2000	1	0	2000	
1	0	1998	1	0	1998	1	0	1998	1	0	1998	1	0	1998	1	0	1998	1	0	1998	1	0	1998	1	0	1998	
1	0	1990	1	0	1990	1	0	1990	1	0	1990	1	0	1990	1	0	1990	1	0	1990	1	0	1990	1	0	1990	
1	0	1980	1	0	1980	1	0	1980	1	0	1980	1	0	1980	1	0	1980	1	0	1980	1	0	1980	1	0	1980	
1	0	1920	1	0	1920	1	0	1920	1	0	1920	1	0	1920	1	0	1920	1	0	1920	1	0	1920	1	0	1920	
1	0	1809	1	0	1809	1	0	1809	1	0	1809	1	0	1809	1	0	1809	1	0	1809	1	0	1809	1	0	1809	
1	0	1654	1	0	1654	1	0	1654	1	0	1654	1	0	1654	1	0	1654	1	0	1654	1	0	1654	1	0	1654	
1	0	2000	1	0	2000	1	0	2000	1	0	2000	1	0	2000	1	0	2000	1	0	2000	1	0	2000	1	0	2000	
1	0	2000	1	0	2000	1	0	2000	1	0	2000	1	0	2000	1	0	2000	1	0	2000	1	0	2000	1	0	2000	
1	0	2000	1	0	2000	1	0	2000	1	0	2000	1	0	2000	1	0	2000	1	0	2000	1	0	2000	1	0	2000	
1	0	2000	1	0	2000	1	0	2000	1	0	2000	1	0	2000	1	0	2000	1	0	2000	1	0	2000	1	0	2000	
1	0	2000	1	0	2000	1	0	2000	1	0	2000	1	0	2000	1	0	2000	1	0	2000	1	0	2000	1	0	2000	
1	0	2000	1	0	2000	1	0	2000	1	0	2000	1	0	2000	1	0	2000	1	0	2000	1	0	2000	1	0	2000	
1	0	2000	1	0	2000	1	0	2000	1	0	2000	1	0	2000	1	0	2000	1	0	2000	1	0	2000	1	0	2000	
1	0	2000	1	0	2000	1	0	2000	1	0	2000	1	0	2000	1	0	2000	1	0	2000	1	0	2000	1	0	2000	
1	0	2000	1	0	2000	1	0	2000	1	0	2000	1	0	2000	1	0	2000	1	0	2000	1	0	2000	1	0	2000	
1	0	2000	1	0	2000	1	0	2000	1	0	2000	1	0	2000	1	0	2000	1	0	2000	1	0	2000	1	0	2000	
1	0	1985	1	0	1985	1	0	1985	1	0	1985	1	0	1985	1	0	1985	1	0	1985	1	0	1985	1	0	1985	
1	0	1790	1	0	1790	1	0	1790	1	0	1790	1	0	1790	1	0	1790	1	0	1790	1	0	1790	1	0	1790	
1	0	1803	1	0	1803	1	0	1803	1	0	1803	1	0	1803	1	0	1803	1	0	1803	1	0	1803	1	0	1803	
1	0	2000	1	0	2000	1	0	2000	1	0	2000	1	0	2000	1	0	2000	1	0	2000	1	0	2000	1	0	2000	
1	0	2000	1	0	2000	1	0	2000	1	0	2000	1	0	2000	1	0	2000	1	0	2000	1	0	2000	1	0	2000	
1	0	2000	1	0	2000	1	0	2000	1	0	2000	1	0	2000	1	0	2000	1	0	2000	1	0	2000	1	0	2000	
1	0	2000	1	0	2000	1	0	2000	1	0	2000	1	0	2000	1	0	2000	1	0	2000	1	0	2000	1	0	2000	
1	0	2000	1	0	2000	1	0	2000	1	0	2000	1	0	2000	1	0	2000	1	0	2000	1	0	2000	1	0	2000	
1	0	2000	1	0	2000	1	0	2000	1	0	2000	1	0	2000	1	0	2000	1	0	2000	1	0	2000	1	0	2000	
1	0	2000	1	0	2000	1	0	2000	1	0	2000	1	0	2000	1	0	2000	1	0	2000	1	0	2000	1	0	2000	
1	0	2000	1	0	2000	1	0	2000	1	0	2000	1	0	2000	1	0	2000	1	0	2000	1	0	2000	1	0	2000	
1	0	1999	1	0	1999	1	0	1999	1	0	1999	1	0	1999	1	0	1999	1	0	1999	1	0	1999	1	0	1999	
1	0	1963	1	0	1963	1	0	1963	1	0	1963	1	0	1963	1	0	1963	1	0	1963	1	0	1963	1	0	1963	
1	0	1709	1	0	1709	1	0	1709	1	0	1709	1	0	1709	1	0	1709	1	0	1709	1	0	1709	1	0	1709	
1	0	2000	1	0	2000	1	0	2000	1	0	2000	1	0	2000	1	0	2000	1	0	2000	1	0	2000	1	0	2000	
1	0	2000	1	0	2000	1	0	2000	1	0	2000	1	0	2000	1	0	2000	1	0	2000	1	0	2000	1	0	2000	
1	0	2000	1	0	2000	1	0	2000	1	0	2000	1	0	2000	1	0	2000	1	0	2000	1	0	2000	1	0	2000	
1	0	2000	1	0	2000	1	0	2000	1	0	2000	1	0	2000	1	0	2000	1	0	2000	1	0	2000	1	0	2000	
1	0	2000	1	0	2000	1	0	2000	1	0	2000	1	0	2000	1	0	2000	1	0	2000	1	0	2000	1	0	2000	
1	0	2000	1	0	2000	1	0	2000	1	0	2000	1	0	2000	1	0	2000	1	0	2000	1	0	2000	1	0	2000	
1	0	1999	1	0	1999	1	0	1999	1	0	1999	1	0	1999	1	0	1999	1	0	1999	1	0	1999	1	0	1999	
1	0	1985	1	0	1985	1	0	1985	1	0	1985	1	0	1985	1	0	1985	1	0	1985	1	0	1985	1	0	1985	
1	0	1852	1	0	1852	1	0	1852	1	0	1852	1	0	1852	1	0	1852	1	0	1852	1	0	1852	1	0	1852	
1	0	1503	1	0	1503	1	0	1503	1	0	1503	1	0	1503	1	0	1503	1	0	1503	1	0	1503	1	0	1503	
1	0	2000	1	0	2000	1	0	2000	1	0	2000	1	0	2000	1	0	2000	1	0	2000	1	0	2000	1	0	2000	
1	0	2000	1	0	2000	1	0	2000	1	0	2000	1	0	2000	1	0	2000	1	0	2000	1	0	2000	1	0	2000	
1	0	2000	1	0	2000	1	0	2000	1	0	2000	1	0	2000	1	0	2000	1	0	2000	1	0	2000	1	0	2000	
1	0	2000	1	0	2000	1	0	2000	1	0	2000	1	0	2000	1	0	2000	1	0	2000	1	0	2000	1	0	2000	
1	0	1999	1	0	1999	1	0	1999	1	0	1999	1	0	1999	1	0	1999	1	0	1999	1	0	1999	1	0	1999	
1	0	1998	1	0	1998	1	0	1998	1	0	1998	1	0	1998	1	0	1998	1	0	1998	1	0	1998	1	0	1998	
1	0	1985	1	0	1985	1	0	1985	1	0	1985	1	0	1985	1	0	1985	1	0	1985	1	0	1985	1	0	1985	
1	0	1760	1	0	1760	1	0	1760	1	0	1760	1	0	1760	1	0	1760	1	0	1760	1	0	1760	1	0	1760	
1	0	906	1	0	906	1	0	906	1	0	906	1	0	906	1	0	906	1	0	906	1	0	906	1	0	906	
