1.215	0.476	664	1.215	0.476	664	1.215	0.476	664	1.215	0.476	664	1.215	0.476	664	1.213	0.472	696	1.213	0.472	696	1.213	0.472	696	1.213	0.472	696	
1.387	0.649	937	1.387	0.649	937	1.387	0.649	937	1.387	0.649	937	1.387	0.649	937	1.396	0.665	979	1.396	0.665	979	1.396	0.665	979	1.396	0.665	979	
1.659	0.894	1270	1.659	0.894	1270	1.659	0.894	1270	1.659	0.894	1270	1.659	0.894	1270	1.654	0.890	1322	1.654	0.890	1322	1.654	0.890	1322	1.654	0.890	1322	
2.265	1.310	1613	2.265	1.310	1613	2.265	1.310	1613	2.265	1.310	1613	2.265	1.310	1613	2.257	1.302	1698	2.257	1.302	1698	2.257	1.302	1698	2.257	1.302	1698	
2.373	1.300	1648	2.373	1.300	1648	2.373	1.300	1648	2.373	1.300	1648	2.373	1.300	1648	2.377	1.298	1725	2.377	1.298	1725	2.377	1.298	1725	2.377	1.298	1725	
2.384	1.298	1670	2.384	1.298	1670	2.384	1.298	1670	2.384	1.298	1670	2.384	1.298	1670	2.373	1.291	1734	2.373	1.291	1734	2.373	1.291	1734	2.373	1.291	1734	
2.202	1.207	1611	2.202	1.207	1611	2.202	1.207	1611	2.202	1.207	1611	2.202	1.207	1611	2.201	1.205	1695	2.201	1.205	1695	2.201	1.205	1695	2.201	1.205	1695	
2.039	1.097	1497	2.039	1.097	1497	2.039	1.097	1497	2.039	1.097	1497	2.039	1.097	1497	2.039	1.101	1570	2.039	1.101	1570	2.039	1.101	1570	2.039	1.101	1570	
1.685	0.896	1257	1.685	0.896	1257	1.685	0.896	1257	1.685	0.896	1257	1.685	0.896	1257	1.675	0.886	1328	1.675	0.886	1328	1.675	0.886	1328	1.675	0.886	1328	
-1	-1	-1	-1	-1	-1	-1	-1	-1	-1	-1	-1	1.128	0.339	39	1.214	0.459	702	1.213	0.459	703	1.213	0.459	703	1.213	0.459	703	
-1	-1	-1	-1	-1	-1	-1	-1	-1	-1	-1	-1	1.418	0.629	55	1.411	0.652	988	1.411	0.651	989	1.411	0.651	989	1.411	0.651	989	
-1	-1	-1	-1	-1	-1	-1	-1	-1	-1	-1	-1	1.568	0.774	81	1.713	0.911	1343	1.713	0.910	1344	1.713	0.910	1344	1.713	0.910	1344	
-1	-1	-1	-1	-1	-1	-1	-1	-1	-1	-1	-1	2.106	1.159	94	2.099	1.159	1630	2.099	1.159	1630	2.099	1.159	1630	2.099	1.159	1630	
-1	-1	-1	-1	-1	-1	-1	-1	-1	-1	-1	-1	3.099	1.459	101	2.930	1.533	1869	2.929	1.533	1870	2.929	1.533	1870	2.929	1.533	1870	
-1	-1	-1	-1	-1	-1	-1	-1	-1	-1	-1	-1	3.358	1.640	123	3.294	1.713	1905	3.294	1.713	1905	3.294	1.713	1905	3.294	1.713	1905	
-1	-1	-1	-1	-1	-1	-1	-1	-1	-1	-1	-1	3.433	1.689	97	3.341	1.724	1906	3.341	1.724	1906	3.341	1.724	1906	3.341	1.724	1906	
-1	-1	-1	-1	-1	-1	-1	-1	-1	-1	-1	-1	3.213	1.663	122	3.149	1.606	1916	3.149	1.606	1916	3.149	1.606	1916	3.149	1.606	1916	
-1	-1	-1	-1	-1	-1	-1	-1	-1	-1	-1	-1	2.711	1.407	97	2.819	1.493	1838	2.820	1.494	1839	2.820	1.494	1839	2.820	1.494	1839	
-1	-1	-1	-1	-1	-1	-1	-1	-1	-1	-1	-1	2.750	1.535	120	2.466	1.360	1754	2.466	1.359	1755	2.466	1.359	1755	2.466	1.359	1755	
1.373	0.619	150	1.373	0.619	150	1.373	0.619	150	1.373	0.619	150	1.373	0.619	150	1.405	0.664	992	1.405	0.663	996	1.405	0.663	996	1.405	0.663	996	
1.697	0.934	234	1.697	0.934	234	1.697	0.934	234	1.697	0.934	234	1.697	0.934	234	1.685	0.869	1353	1.687	0.871	1355	1.687	0.871	1355	1.687	0.871	1355	
2.243	1.267	263	2.243	1.267	263	2.243	1.267	263	2.243	1.267	263	2.243	1.267	263	2.118	1.157	1622	2.118	1.156	1625	2.118	1.156	1625	2.118	1.156	1625	
2.680	1.404	309	2.680	1.404	309	2.680	1.404	309	2.680	1.404	309	2.680	1.404	309	2.670	1.476	1817	2.671	1.475	1818	2.671	1.475	1818	2.671	1.475	1818	
3.578	1.781	303	3.578	1.781	303	3.578	1.781	303	3.578	1.781	303	3.578	1.781	303	3.361	1.795	1917	3.360	1.795	1920	3.360	1.795	1920	3.360	1.795	1920	
4.748	2.080	321	4.748	2.080	321	4.748	2.080	321	4.748	2.080	321	4.748	2.080	321	4.863	2.185	1980	4.863	2.185	1980	4.863	2.185	1980	4.863	2.185	1980	
4.757	2.243	337	4.757	2.243	337	4.757	2.243	337	4.757	2.243	337	4.757	2.243	337	4.883	2.200	1978	4.883	2.200	1981	4.883	2.200	1981	4.883	2.200	1981	
4.722	2.119	342	4.722	2.119	342	4.722	2.119	342	4.722	2.119	342	4.722	2.119	342	4.744	2.128	1979	4.744	2.128	1981	4.744	2.128	1981	4.744	2.128	1981	
4.358	2.049	318	4.358	2.049	318	4.358	2.049	318	4.358	2.049	318	4.358	2.049	318	4.356	2.096	1976	4.356	2.096	1978	4.356	2.096	1978	4.356	2.096	1978	
3.723	1.833	318	3.723	1.833	318	3.723	1.833	318	3.723	1.833	318	3.723	1.833	318	3.712	1.850	1949	3.712	1.850	1949	3.712	1.850	1949	3.712	1.850	1949	
2.953	1.553	301	2.953	1.553	301	2.953	1.553	301	2.953	1.553	301	2.953	1.553	301	2.952	1.573	1884	2.953	1.572	1888	2.953	1.572	1888	2.953	1.572	1888	
-1	-1	-1	-1	-1	-1	-1	-1	-1	-1	-1	-1	1	0	2	1.374	0.650	884	1.367	0.644	932	1.367	0.644	932	1.367	0.644	932	
-1	-1	-1	-1	-1	-1	-1	-1	-1	-1	-1	-1	1	-1	1	1.677	0.866	1284	1.680	0.875	1359	1.680	0.875	1359	1.680	0.875	1359	
-1	-1	-1	-1	-1	-1	-1	-1	-1	-1	-1	-1	-1	-1	-1	2.164	1.205	1620	2.164	1.209	1694	2.164	1.209	1694	2.164	1.209	1694	
-1	-1	-1	-1	-1	-1	-1	-1	-1	-1	-1	-1	4	-1	1	2.848	1.495	1768	2.834	1.490	1855	2.834	1.490	1855	2.834	1.490	1855	
-1	-1	-1	-1	-1	-1	-1	-1	-1	-1	-1	-1	-1	-1	-1	3.750	1.827	1853	3.763	1.834	1954	3.763	1.834	1954	3.763	1.834	1954	
-1	-1	-1	-1	-1	-1	-1	-1	-1	-1	-1	-1	-1	-1	-1	4.930	2.228	1872	4.927	2.227	1981	4.927	2.227	1981	4.927	2.227	1981	
-1	-1	-1	-1	-1	-1	-1	-1	-1	-1	-1	-1	4	-1	1	6.498	2.601	1880	6.512	2.595	1998	6.512	2.595	1998	6.512	2.595	1998	
-1	-1	-1	-1	-1	-1	-1	-1	-1	-1	-1	-1	10	-1	1	7.040	2.642	1898	7.032	2.630	1998	7.032	2.630	1998	7.032	2.630	1998	
-1	-1	-1	-1	-1	-1	-1	-1	-1	-1	-1	-1	-1	-1	-1	7.254	2.716	1898	7.261	2.712	1997	7.261	2.713	1997	7.261	2.713	1997	
-1	-1	-1	-1	-1	-1	-1	-1	-1	-1	-1	-1	-1	-1	-1	6.581	2.525	1893	6.604	2.553	1997	6.604	2.554	1997	6.604	2.554	1997	
-1	-1	-1	-1	-1	-1	-1	-1	-1	-1	-1	-1	-1	-1	-1	5.742	2.423	1894	5.745	2.436	1994	5.745	2.436	1994	5.745	2.436	1994	
-1	-1	-1	-1	-1	-1	-1	-1	-1	-1	-1	-1	3	-1	1	4.664	2.085	1885	4.655	2.092	1982	4.655	2.092	1982	4.655	2.092	1982	
-1	-1	-1	-1	-1	-1	-1	-1	-1	-1	-1	-1	1	-1	1	3.358	1.686	1831	3.346	1.687	1923	3.346	1.687	1923	3.346	1.687	1923	
-1	-1	-1	-1	-1	-1	-1	-1	-1	-1	-1	-1	-1	-1	-1	1.565	0.828	1186	1.567	0.829	1267	1.567	0.829	1267	1.567	0.829	1267	
-1	-1	-1	-1	-1	-1	-1	-1	-1	-1	-1	-1	2	-1	1	2.172	1.190	1582	2.170	1.189	1674	2.170	1.189	1674	2.170	1.189	1674	
-1	-1	-1	-1	-1	-1	-1	-1	-1	-1	-1	-1	-1	-1	-1	3.084	1.603	1796	3.090	1.598	1895	3.090	1.598	1895	3.090	1.598	1895	
-1	-1	-1	-1	-1	-1	-1	-1	-1	-1	-1	-1	-1	-1	-1	4.266	2.061	1858	4.276	2.061	1967	4.276	2.061	1967	4.276	2.061	1967	
-1	-1	-1	-1	-1	-1	-1	-1	-1	-1	-1	-1	7	-1	1	5.687	2.432	1904	5.687	2.425	1995	5.687	2.425	1995	5.687	2.425	1995	
-1	-1	-1	-1	-1	-1	-1	-1	-1	-1	-1	-1	6	2.828	2	7.099	2.661	1894	7.106	2.671	1999	7.106	2.671	1999	7.106	2.671	1999	
-1	-1	-1	-1	-1	-1	-1	-1	-1	-1	-1	-1	9	-1	1	8.098	2.842	1899	8.076	2.839	2000	8.076	2.840	2000	8.076	2.840	2000	
-1	-1	-1	-1	-1	-1	-1	-1	-1	-1	-1	-1	8	-1	1	9.330	3.067	1891	9.325	3.070	1999	9.326	3.071	1999	9.326	3.071	1999	
-1	-1	-1	-1	-1	-1	-1	-1	-1	-1	-1	-1	13.333	4.041	3	11.242	3.301	1892	11.237	3.314	2000	11.240	3.320	2000	11.240	3.320	2000	
-1	-1	-1	-1	-1	-1	-1	-1	-1	-1	-1	-1	6	-1	1	10.095	3.176	1900	10.110	3.201	2000	10.111	3.205	2000	10.111	3.205	2000	
-1	-1	-1	-1	-1	-1	-1	-1	-1	-1	-1	-1	-1	-1	-1	8.682	2.946	1913	8.700	2.964	2000	8.700	2.967	2000	8.700	2.967	2000	
-1	-1	-1	-1	-1	-1	-1	-1	-1	-1	-1	-1	6	-1	1	7.329	2.703	1887	7.312	2.698	1996	7.313	2.698	1996	7.313	2.698	1996	
-1	-1	-1	-1	-1	-1	-1	-1	-1	-1	-1	-1	4	-1	1	5.524	2.285	1883	5.540	2.292	1993	5.540	2.292	1993	5.540	2.292	1993	
-1	-1	-1	-1	-1	-1	-1	-1	-1	-1	-1	-1	-1	-1	-1	1.834	0.990	1262	1.823	0.993	1498	1.823	0.993	1498	1.823	0.993	1498	
-1	-1	-1	-1	-1	-1	-1	-1	-1	-1	-1	-1	-1	-1	-1	3.148	1.653	1583	3.161	1.638	1877	3.161	1.638	1877	3.161	1.638	1877	
-1	-1	-1	-1	-1	-1	-1	-1	-1	-1	-1	-1	-1	-1	-1	4.844	2.197	1684	4.849	2.178	1982	4.849	2.178	1982	4.849	2.178	1982	
-1	-1	-1	-1	-1	-1	-1	-1	-1	-1	-1	-1	-1	-1	-1	6.920	2.657	1720	6.925	2.642	1997	6.925	2.643	1997	6.925	2.643	1997	
-1	-1	-1	-1	-1	-1	-1	-1	-1	-1	-1	-1	-1	-1	-1	8.956	2.951	1706	8.972	2.973	2000	8.974	2.978	2000	8.975	2.978	2000	
-1	-1	-1	-1	-1	-1	-1	-1	-1	-1	-1	-1	-1	-1	-1	10.810	3.333	1726	10.789	3.365	2000	10.795	3.378	2000	10.795	3.378	2000	
-1	-1	-1	-1	-1	-1	-1	-1	-1	-1	-1	-1	-1	-1	-1	12.077	3.361	1704	12.147	3.418	2000	12.161	3.443	2000	12.161	3.444	2000	
-1	-1	-1	-1	-1	-1	-1	-1	-1	-1	-1	-1	-1	-1	-1	13.092	3.519	1696	13.189	3.638	2000	13.210	3.673	2000	13.210	3.673	2000	
-1	-1	-1	-1	-1	-1	-1	-1	-1	-1	-1	-1	-1	-1	-1	13.544	3.555	1715	13.578	3.665	2000	13.603	3.705	2000	13.603	3.705	2000	
-1	-1	-1	-1	-1	-1	-1	-1	-1	-1	-1	-1	-1	-1	-1	14.911	3.680	1711	15.038	3.788	2000	15.086	3.854	2000	15.086	3.854	2000	
-1	-1	-1	-1	-1	-1	-1	-1	-1	-1	-1	-1	-1	-1	-1	12.777	3.469	1696	12.815	3.546	2000	12.833	3.575	2000	12.833	3.576	2000	
-1	-1	-1	-1	-1	-1	-1	-1	-1	-1	-1	-1	13	-1	1	11.158	3.340	1692	11.187	3.362	2000	11.194	3.375	2000	11.194	3.375	2000	
-1	-1	-1	-1	-1	-1	-1	-1	-1	-1	-1	-1	-1	-1	-1	8.686	2.977	1736	8.683	2.982	2000	8.685	2.986	2000	8.685	2.986	2000	
-1	-1	-1	-1	-1	-1	-1	-1	-1	-1	-1	-1	-1	-1	-1	5.851	2.374	1709	5.854	2.377	1996	5.854	2.377	1996	5.854	2.377	1996	
-1	-1	-1	-1	-1	-1	-1	-1	-1	-1	-1	-1	1	-1	1	2.608	1.406	1524	2.584	1.392	1784	2.584	1.392	1784	2.584	1.392	1784	
-1	-1	-1	-1	-1	-1	-1	-1	-1	-1	-1	-1	-1	-1	-1	4.966	2.227	1690	4.955	2.234	1987	4.955	2.234	1987	4.955	2.234	1987	
-1	-1	-1	-1	-1	-1	-1	-1	-1	-1	-1	-1	-1	-1	-1	7.807	2.794	1721	7.847	2.813	2000	7.848	2.817	2000	7.849	2.818	2000	
-1	-1	-1	-1	-1	-1	-1	-1	-1	-1	-1	-1	-1	-1	-1	11.170	3.168	1660	11.212	3.234	2000	11.222	3.253	2000	11.222	3.253	2000	
-1	-1	-1	-1	-1	-1	-1	-1	-1	-1	-1	-1	-1	-1	-1	14.160	3.548	1716	14.259	3.698	2000	14.305	3.766	2000	14.305	3.766	2000	
-1	-1	-1	-1	-1	-1	-1	-1	-1	-1	-1	-1	-1	-1	-1	16.106	3.750	1701	16.293	3.932	2000	16.388	4.050	2000	16.388	4.051	2000	
-1	-1	-1	-1	-1	-1	-1	-1	-1	-1	-1	-1	-1	-1	-1	17.256	3.768	1668	17.562	3.982	2000	17.702	4.141	2000	17.703	4.144	2000	
-1	-1	-1	-1	-1	-1	-1	-1	-1	-1	-1	-1	-1	-1	-1	17.969	3.835	1711	18.278	4.126	2000	18.448	4.309	2000	18.450	4.313	2000	
-1	-1	-1	-1	-1	-1	-1	-1	-1	-1	-1	-1	13.500	0.707	2	18.105	3.758	1705	18.486	4.038	2000	18.673	4.242	2000	18.675	4.246	2000	
-1	-1	-1	-1	-1	-1	-1	-1	-1	-1	-1	-1	-1	-1	-1	17.632	3.759	1726	17.907	3.972	2000	18.057	4.138	2000	18.058	4.141	2000	
-1	-1	-1	-1	-1	-1	-1	-1	-1	-1	-1	-1	-1	-1	-1	17.214	3.835	1678	17.458	4.119	2000	17.604	4.294	2000	17.606	4.297	2000	
-1	-1	-1	-1	-1	-1	-1	-1	-1	-1	-1	-1	14	-1	1	15.786	3.737	1729	15.932	3.903	2000	16.015	4.006	2000	16.015	4.007	2000	
-1	-1	-1	-1	-1	-1	-1	-1	-1	-1	-1	-1	-1	-1	-1	13.763	3.523	1705	13.888	3.633	2000	13.930	3.693	2000	13.930	3.693	2000	
-1	-1	-1	-1	-1	-1	-1	-1	-1	-1	-1	-1	-1	-1	-1	8.433	2.844	1709	8.451	2.857	1999	8.453	2.861	1999	8.453	2.861	1999	
-1	-1	-1	-1	-1	-1	-1	-1	-1	-1	-1	-1	7	-1	1	7.736	2.770	1892	7.719	2.761	1998	7.719	2.761	1998	7.719	2.761	1998	
-1	-1	-1	-1	-1	-1	-1	-1	-1	-1	-1	-1	12	-1	1	12.944	3.478	1908	12.918	3.513	2000	12.922	3.520	2000	12.922	3.520	2000	
-1	-1	-1	-1	-1	-1	-1	-1	-1	-1	-1	-1	14	-1	1	18.168	4.008	1897	18.272	4.099	2000	18.305	4.147	2000	18.305	4.147	2000	
-1	-1	-1	-1	-1	-1	-1	-1	-1	-1	-1	-1	27	-1	1	21.623	4.287	1897	21.839	4.499	2000	21.931	4.612	2000	21.932	4.613	2000	
-1	-1	-1	-1	-1	-1	-1	-1	-1	-1	-1	-1	19.332	4.041	3	23.670	4.396	1908	24.017	4.642	2000	24.178	4.807	2000	24.179	4.809	2000	
-1	-1	-1	-1	-1	-1	-1	-1	-1	-1	-1	-1	-1	-1	-1	24.545	4.515	1887	24.998	4.823	2000	25.195	5.021	2000	25.196	5.024	2000	
-1	-1	-1	-1	-1	-1	-1	-1	-1	-1	-1	-1	-1	-1	-1	24.723	4.542	1894	25.185	4.876	2000	25.403	5.103	2000	25.405	5.106	2000	
-1	-1	-1	-1	-1	-1	-1	-1	-1	-1	-1	-1	26	-1	1	24.321	4.550	1895	24.760	4.854	2000	24.950	5.046	2000	24.952	5.049	2000	
-1	-1	-1	-1	-1	-1	-1	-1	-1	-1	-1	-1	26	-1	1	23.339	4.548	1901	23.690	4.777	2000	23.839	4.948	2000	23.840	4.950	2000	
-1	-1	-1	-1	-1	-1	-1	-1	-1	-1	-1	-1	21.959	-1	1	21.934	4.389	1876	22.224	4.626	2000	22.326	4.742	2000	22.327	4.743	2000	
-1	-1	-1	-1	-1	-1	-1	-1	-1	-1	-1	-1	23.821	-1	1	19.750	4.244	1882	19.909	4.405	2000	19.964	4.475	2000	19.964	4.475	2000	
-1	-1	-1	-1	-1	-1	-1	-1	-1	-1	-1	-1	-1	-1	-1	16.464	3.892	1898	16.523	3.975	2000	16.540	4.000	2000	16.540	4.000	2000	
-1	-1	-1	-1	-1	-1	-1	-1	-1	-1	-1	-1	6	-1	1	10.468	3.197	1892	10.474	3.218	2000	10.474	3.220	2000	10.474	3.220	2000	
10.979	3.263	1998	10.979	3.263	1998	10.979	3.263	1998	10.979	3.263	1998	10.979	3.263	1998	10.979	3.263	1998	10.981	3.273	2000	10.982	3.275	2000	10.982	3.275	2000	
21.517	4.231	1997	21.517	4.231	1997	21.517	4.231	1997	21.517	4.231	1997	21.517	4.231	1997	21.517	4.231	1997	21.700	4.415	2000	21.765	4.494	2000	21.765	4.495	2000	
27.773	4.604	1998	27.773	4.604	1998	27.773	4.604	1998	27.773	4.604	1998	27.773	4.604	1998	27.773	4.604	1998	28.356	4.968	2000	28.650	5.234	2000	28.653	5.238	2000	
30.846	4.623	2000	30.846	4.623	2000	30.846	4.623	2000	30.846	4.623	2000	30.846	4.623	2000	30.846	4.623	2000	31.717	5.068	2000	32.221	5.464	2000	32.228	5.473	2000	
32.236	4.714	1999	32.236	4.714	1999	32.236	4.714	1999	32.236	4.714	1999	32.236	4.714	1999	32.236	4.714	1999	33.300	5.266	2000	33.952	5.772	2000	33.964	5.789	2000	
32.306	4.770	1999	32.306	4.770	1999	32.306	4.770	1999	32.306	4.770	1999	32.306	4.770	1999	32.306	4.770	1999	33.446	5.336	2000	34.124	5.852	2000	34.137	5.871	2000	
32.005	4.782	1996	32.005	4.782	1996	32.005	4.782	1996	32.005	4.782	1996	32.005	4.782	1996	32.005	4.782	1996	33.056	5.362	2000	33.703	5.872	2000	33.714	5.886	2000	
30.965	4.754	2000	30.965	4.754	2000	30.965	4.754	2000	30.965	4.754	2000	30.965	4.754	2000	30.965	4.754	2000	31.899	5.242	2000	32.422	5.654	2000	32.429	5.664	2000	
29.079	4.749	1996	29.079	4.749	1996	29.079	4.749	1996	29.079	4.749	1996	29.079	4.749	1996	29.079	4.749	1996	29.814	5.176	2000	30.188	5.505	2000	30.193	5.512	2000	
26.698	4.574	1999	26.698	4.574	1999	26.698	4.574	1999	26.698	4.574	1999	26.698	4.574	1999	26.698	4.574	1999	27.205	4.924	2000	27.433	5.145	2000	27.434	5.149	2000	
23.067	4.380	1999	23.067	4.380	1999	23.067	4.380	1999	23.067	4.380	1999	23.067	4.380	1999	23.067	4.380	1999	23.323	4.608	2000	23.418	4.714	2000	23.419	4.715	2000	
17.922	4.074	1999	17.922	4.074	1999	17.922	4.074	1999	17.922	4.074	1999	17.922	4.074	1999	17.922	4.074	1999	17.997	4.159	2000	18.016	4.186	2000	18.016	4.186	2000	
-1	-1	-1	-1	-1	-1	-1	-1	-1	-1	-1	-1	18.159	3.939	31	18.591	4.223	1998	18.611	4.248	2000	18.614	4.255	2000	18.615	4.255	2000	
-1	-1	-1	-1	-1	-1	-1	-1	-1	-1	-1	-1	35.345	5.885	24	35.475	5.299	1996	36.108	5.685	2000	36.385	5.925	2000	36.386	5.928	2000	
-1	-1	-1	-1	-1	-1	-1	-1	-1	-1	-1	-1	39.973	6.122	31	40.175	5.188	1994	41.247	5.731	2000	41.813	6.150	2000	41.819	6.157	2000	
-1	-1	-1	-1	-1	-1	-1	-1	-1	-1	-1	-1	42.761	4.829	40	42.346	5.391	1998	43.686	5.983	2000	44.446	6.508	2000	44.457	6.521	2000	
-1	-1	-1	-1	-1	-1	-1	-1	-1	-1	-1	-1	42.893	6.751	25	43.040	5.507	1996	44.434	6.119	2000	45.268	6.684	2000	45.281	6.700	2000	
-1	-1	-1	-1	-1	-1	-1	-1	-1	-1	-1	-1	41.167	5.292	35	42.348	5.564	1994	43.638	6.141	2000	44.388	6.679	2000	44.399	6.694	2000	
-1	-1	-1	-1	-1	-1	-1	-1	-1	-1	-1	-1	40.071	4.148	36	40.862	5.290	1997	41.995	5.841	2000	42.611	6.261	2000	42.618	6.269	2000	
-1	-1	-1	-1	-1	-1	-1	-1	-1	-1	-1	-1	39.234	5.471	33	38.656	5.442	1997	39.573	5.981	2000	40.034	6.351	2000	40.039	6.357	2000	
-1	-1	-1	-1	-1	-1	-1	-1	-1	-1	-1	-1	35.691	5.725	32	35.522	5.394	1999	36.158	5.782	2000	36.433	6.017	2000	36.435	6.019	2000	
-1	-1	-1	-1	-1	-1	-1	-1	-1	-1	-1	-1	30.730	5.504	27	31.424	5.267	1998	31.757	5.521	2000	31.886	5.649	2000	31.886	5.650	2000	
-1	-1	-1	-1	-1	-1	-1	-1	-1	-1	-1	-1	25.570	4.384	32	26.009	4.873	1998	26.140	5.005	2000	26.176	5.049	2000	26.176	5.049	2000	
-1	-1	-1	-1	-1	-1	-1	-1	-1	-1	-1	-1	35.660	3.602	29	35.917	3.991	1994	38.728	4.731	2000	41.575	6.097	2000	41.753	6.251	2000	
-1	-1	-1	-1	-1	-1	-1	-1	-1	-1	-1	-1	41.778	4.317	16	42.013	3.736	1995	46.669	4.514	2000	52.698	6.512	2000	53.387	6.951	2000	
-1	-1	-1	-1	-1	-1	-1	-1	-1	-1	-1	-1	44.011	4.789	26	43.722	3.763	1996	48.866	4.515	2000	56.086	6.726	2000	57.039	7.292	2000	
-1	-1	-1	-1	-1	-1	-1	-1	-1	-1	-1	-1	44.494	4.067	35	44.014	3.742	1997	49.346	4.465	2000	56.860	6.615	2000	57.877	7.200	2000	
-1	-1	-1	-1	-1	-1	-1	-1	-1	-1	-1	-1	42.891	4.250	28	43.580	3.721	1998	48.803	4.486	2000	56.047	6.721	2000	57.003	7.308	2000	
-1	-1	-1	-1	-1	-1	-1	-1	-1	-1	-1	-1	42.331	3.897	35	42.521	3.760	1996	47.438	4.559	2000	53.902	6.580	2000	54.675	7.060	2000	
-1	-1	-1	-1	-1	-1	-1	-1	-1	-1	-1	-1	42.279	4.306	29	40.852	3.838	1997	45.196	4.669	2000	50.599	6.594	2000	51.162	6.987	2000	
-1	-1	-1	-1	-1	-1	-1	-1	-1	-1	-1	-1	37.330	4.370	26	38.589	3.958	1995	42.226	4.772	2000	46.341	6.480	2000	46.689	6.761	2000	
-1	-1	-1	-1	-1	-1	-1	-1	-1	-1	-1	-1	34.959	3.656	34	35.715	4.114	1998	38.456	4.900	2000	41.229	6.279	2000	41.403	6.442	2000	
-1	-1	-1	-1	-1	-1	-1	-1	-1	-1	-1	-1	31.693	4.308	19	31.444	4.214	2000	33.246	4.895	2000	34.736	5.802	2000	34.793	5.867	2000	
-1	-1	-1	-1	-1	-1	-1	-1	-1	-1	-1	-1	23.694	4.843	19	25.282	4.172	1996	26.064	4.634	2000	26.541	5.040	2000	26.550	5.053	2000	
-1	-1	-1	-1	-1	-1	-1	-1	-1	-1	-1	-1	46.247	3.689	123	46.306	3.339	2000	53.341	4.178	2000	65.234	6.741	2000	67.771	7.884	2000	
-1	-1	-1	-1	-1	-1	-1	-1	-1	-1	-1	-1	47.884	3.900	129	47.612	3.307	2000	55.145	4.046	2000	68.541	6.706	2000	71.671	8.030	2000	
-1	-1	-1	-1	-1	-1	-1	-1	-1	-1	-1	-1	47.612	3.961	120	47.744	3.371	2000	55.385	4.034	2000	69.063	6.666	2000	72.341	8.036	2000	
-1	-1	-1	-1	-1	-1	-1	-1	-1	-1	-1	-1	47.348	3.842	130	47.445	3.309	2000	54.952	4.082	2000	68.199	6.636	2000	71.272	7.899	2000	
-1	-1	-1	-1	-1	-1	-1	-1	-1	-1	-1	-1	46.410	3.535	118	46.564	3.357	2000	53.591	4.174	2000	65.646	6.802	2000	68.249	8.001	2000	
-1	-1	-1	-1	-1	-1	-1	-1	-1	-1	-1	-1	44.912	3.726	117	44.904	3.413	2000	51.351	4.233	2000	61.660	6.706	2000	63.595	7.698	2000	
-1	-1	-1	-1	-1	-1	-1	-1	-1	-1	-1	-1	42.512	4.204	126	42.714	3.459	2000	48.273	4.352	2000	56.481	6.696	2000	57.751	7.436	2000	
-1	-1	-1	-1	-1	-1	-1	-1	-1	-1	-1	-1	39.883	3.849	121	39.999	3.675	2000	44.465	4.504	2000	50.391	6.526	2000	51.096	6.990	2000	
-1	-1	-1	-1	-1	-1	-1	-1	-1	-1	-1	-1	35.639	4.402	114	36.369	3.704	2000	39.707	4.579	2000	43.489	6.205	2000	43.805	6.465	2000	
-1	-1	-1	-1	-1	-1	-1	-1	-1	-1	-1	-1	30.294	3.896	103	30.902	4.019	2000	32.851	4.759	2000	34.579	5.767	2000	34.658	5.851	2000	
-1	-1	-1	-1	-1	-1	-1	-1	-1	-1	-1	-1	-1	-1	-1	46.037	3.851	1901	52.026	4.439	2000	61.346	6.738	2000	62.858	7.523	2000	
-1	-1	-1	-1	-1	-1	-1	-1	-1	-1	-1	-1	46.040	4.299	2	49.882	3.907	1888	57.693	4.331	2000	71.326	6.697	2000	74.425	7.962	2000	
-1	-1	-1	-1	-1	-1	-1	-1	-1	-1	-1	-1	-1	-1	-1	51.711	3.934	1903	60.394	4.234	2000	76.576	6.623	2000	80.833	8.117	2000	
-1	-1	-1	-1	-1	-1	-1	-1	-1	-1	-1	-1	-1	-1	-1	53.264	4.016	1884	62.603	4.381	2000	81.032	6.750	2000	86.510	8.540	2000	
-1	-1	-1	-1	-1	-1	-1	-1	-1	-1	-1	-1	58.157	1.192	2	54.005	3.994	1895	63.624	4.377	2000	83.016	6.632	2000	89.043	8.487	2000	
-1	-1	-1	-1	-1	-1	-1	-1	-1	-1	-1	-1	46.836	-1	1	54.032	3.963	1895	63.757	4.381	2000	83.281	6.710	2000	89.426	8.599	2000	
-1	-1	-1	-1	-1	-1	-1	-1	-1	-1	-1	-1	54.259	2.285	2	53.525	4.014	1893	62.887	4.366	2000	81.767	6.814	2000	87.411	8.638	2000	
-1	-1	-1	-1	-1	-1	-1	-1	-1	-1	-1	-1	51.298	2.013	2	52.593	4.012	1888	61.574	4.398	2000	78.866	6.836	2000	83.657	8.435	2000	
-1	-1	-1	-1	-1	-1	-1	-1	-1	-1	-1	-1	-1	-1	-1	50.804	3.845	1907	59.014	4.302	2000	73.970	6.777	2000	77.629	8.203	2000	
-1	-1	-1	-1	-1	-1	-1	-1	-1	-1	-1	-1	44.889	-1	1	48.568	3.967	1905	55.706	4.470	2000	67.690	6.937	2000	70.133	8.026	2000	
-1	-1	-1	-1	-1	-1	-1	-1	-1	-1	-1	-1	44.706	-1	1	45.404	3.904	1904	51.277	4.545	2000	60.083	6.792	2000	61.444	7.504	2000	
-1	-1	-1	-1	-1	-1	-1	-1	-1	-1	-1	-1	37.363	3.341	2	41.533	4.081	1911	46.144	4.744	2000	51.981	6.671	2000	52.644	7.124	2000	
-1	-1	-1	-1	-1	-1	-1	-1	-1	-1	-1	-1	-1	-1	-1	36.819	4.056	1890	39.860	4.788	2000	43.137	6.247	2000	43.366	6.436	2000	
-1	-1	-1	-1	-1	-1	-1	-1	-1	-1	-1	-1	-1	-1	-1	46.392	3.760	1891	55.011	3.996	2000	73.451	6.052	2000	79.920	8.050	2000	
-1	-1	-1	-1	-1	-1	-1	-1	-1	-1	-1	-1	-1	-1	-1	47.571	3.800	1902	57.173	4.041	2000	78.364	5.910	2000	86.826	8.111	2000	
-1	-1	-1	-1	-1	-1	-1	-1	-1	-1	-1	-1	-1	-1	-1	48.584	3.885	1899	58.650	3.987	2000	81.752	5.769	2000	91.805	8.169	2000	
-1	-1	-1	-1	-1	-1	-1	-1	-1	-1	-1	-1	50.237	2.071	3	49.326	3.845	1921	59.606	4.174	2000	84.107	5.890	2000	95.320	8.343	2000	
-1	-1	-1	-1	-1	-1	-1	-1	-1	-1	-1	-1	50.932	-1	1	49.433	3.894	1891	59.851	4.117	2000	84.989	5.862	2000	96.691	8.395	2000	
-1	-1	-1	-1	-1	-1	-1	-1	-1	-1	-1	-1	-1	-1	-1	49.281	3.859	1901	59.763	4.079	2000	84.448	5.887	2000	95.823	8.465	2000	
-1	-1	-1	-1	-1	-1	-1	-1	-1	-1	-1	-1	49.235	-1	1	49.070	3.828	1894	59.118	4.052	2000	82.835	5.945	2000	93.416	8.415	2000	
-1	-1	-1	-1	-1	-1	-1	-1	-1	-1	-1	-1	46	1.414	2	48.040	3.828	1884	57.710	4.061	2000	79.478	6.109	2000	88.428	8.536	2000	
-1	-1	-1	-1	-1	-1	-1	-1	-1	-1	-1	-1	50.667	4.163	3	46.478	3.864	1892	55.331	3.974	2000	74.174	6.166	2000	81.005	8.212	2000	
-1	-1	-1	-1	-1	-1	-1	-1	-1	-1	-1	-1	47.040	3.539	3	43.173	3.573	1892	50.326	3.856	2000	63.755	6.285	2000	67.351	7.754	2000	
-1	-1	-1	-1	-1	-1	-1	-1	-1	-1	-1	-1	41.111	1.699	3	40.848	3.643	1915	47.114	4.022	2000	57.654	6.301	2000	59.923	7.393	2000	
-1	-1	-1	-1	-1	-1	-1	-1	-1	-1	-1	-1	39.235	14.475	2	38.271	3.606	1893	43.320	4.150	2000	51.017	6.214	2000	52.300	6.952	2000	
-1	-1	-1	-1	-1	-1	-1	-1	-1	-1	-1	-1	-1	-1	-1	33.007	3.600	1911	36.289	4.340	2000	40.180	5.964	2000	40.551	6.262	2000	
-1	-1	-1	-1	-1	-1	-1	-1	-1	-1	-1	-1	-1	-1	-1	43.604	5.022	1062	46.157	5.714	2000	48.182	6.740	2000	48.255	6.809	2000	
-1	-1	-1	-1	-1	-1	-1	-1	-1	-1	-1	-1	-1	-1	-1	49.861	4.923	1052	53.875	5.675	2000	57.942	7.163	2000	58.194	7.352	2000	
-1	-1	-1	-1	-1	-1	-1	-1	-1	-1	-1	-1	-1	-1	-1	51.973	5.039	1034	56.479	5.635	2000	61.322	7.313	2000	61.669	7.554	2000	
-1	-1	-1	-1	-1	-1	-1	-1	-1	-1	-1	-1	-1	-1	-1	60.222	5.143	987	67.538	5.621	2000	77.656	7.830	2000	78.979	8.487	2000	
-1	-1	-1	-1	-1	-1	-1	-1	-1	-1	-1	-1	-1	-1	-1	65.009	5.450	1039	73.991	5.528	2000	88.317	7.784	2000	90.836	8.798	2000	
-1	-1	-1	-1	-1	-1	-1	-1	-1	-1	-1	-1	-1	-1	-1	66.911	5.289	1052	76.714	5.633	2000	93.004	7.991	2000	96.187	9.204	2000	
-1	-1	-1	-1	-1	-1	-1	-1	-1	-1	-1	-1	-1	-1	-1	67.942	5.314	1046	78.245	5.538	2000	95.886	7.811	2000	99.623	9.041	2000	
-1	-1	-1	-1	-1	-1	-1	-1	-1	-1	-1	-1	-1	-1	-1	68.815	5.465	1066	79.423	5.591	2000	97.953	7.844	2000	102.020	9.257	2000	
-1	-1	-1	-1	-1	-1	-1	-1	-1	-1	-1	-1	-1	-1	-1	68.774	5.316	1052	79.694	5.583	2000	98.478	7.825	2000	102.672	9.181	2000	
-1	-1	-1	-1	-1	-1	-1	-1	-1	-1	-1	-1	-1	-1	-1	68.521	5.241	1053	79.117	5.575	2000	97.622	7.612	2000	101.693	8.897	2000	
-1	-1	-1	-1	-1	-1	-1	-1	-1	-1	-1	-1	-1	-1	-1	67.574	5.281	1026	77.633	5.646	2000	94.566	7.851	2000	98.015	9.105	2000	
-1	-1	-1	-1	-1	-1	-1	-1	-1	-1	-1	-1	-1	-1	-1	65.582	5.219	1080	74.621	5.625	2000	89.306	8.009	2000	91.955	9.051	2000	
-1	-1	-1	-1	-1	-1	-1	-1	-1	-1	-1	-1	-1	-1	-1	60.992	5.289	1053	68.485	5.532	2000	79.208	7.735	2000	80.666	8.434	2000	
-1	-1	-1	-1	-1	-1	-1	-1	-1	-1	-1	-1	-1	-1	-1	49.623	4.957	994	53.571	5.681	2000	57.505	7.166	2000	57.740	7.338	2000	
-1	-1	-1	-1	-1	-1	-1	-1	-1	-1	-1	-1	-1	-1	-1	39.922	5.009	1049	41.704	5.579	2000	42.986	6.344	2000	43.018	6.379	2000	
-1	-1	-1	-1	-1	-1	-1	-1	-1	-1	-1	-1	-1	-1	-1	34.408	5.073	1034	35.481	5.544	2000	36.064	5.981	2000	36.074	5.996	2000	
53.232	5.420	1338	53.232	5.420	1338	53.232	5.420	1338	53.232	5.420	1338	53.232	5.420	1338	53.447	5.457	1713	57.528	5.803	2000	61.705	7.281	2000	61.950	7.463	2000	
59.147	5.744	1318	59.147	5.744	1318	59.147	5.744	1318	59.147	5.744	1318	59.147	5.744	1318	59.137	5.614	1695	65.175	5.846	2000	72.304	7.754	2000	72.954	8.144	2000	
62.419	5.887	1330	62.419	5.887	1330	62.419	5.887	1330	62.419	5.887	1330	62.419	5.887	1330	62.470	5.770	1687	69.487	5.901	2000	78.526	7.947	2000	79.551	8.498	2000	
64.406	5.974	1350	64.406	5.974	1350	64.406	5.974	1350	64.406	5.974	1350	64.406	5.974	1350	64.350	5.857	1726	72.134	5.832	2000	82.717	8.014	2000	84.076	8.684	2000	
67.510	6.103	1310	67.510	6.103	1310	67.510	6.103	1310	67.510	6.103	1310	67.510	6.103	1310	67.461	6.074	1701	76.446	6.004	2000	89.562	8.000	2000	91.575	8.867	2000	
69.763	6.662	1324	69.763	6.662	1324	69.763	6.662	1324	69.763	6.662	1324	69.763	6.662	1324	69.515	6.466	1713	78.997	6.177	2000	94.061	8.091	2000	96.675	9.134	2000	
70.978	6.574	1300	70.978	6.574	1300	70.978	6.574	1300	70.978	6.574	1300	70.978	6.574	1300	71.026	6.561	1691	81.247	6.322	2000	97.895	8.225	2000	101.030	9.323	2000	
72.061	6.525	1357	72.061	6.525	1357	72.061	6.525	1357	72.061	6.525	1357	72.061	6.525	1357	72.084	6.431	1718	82.604	6.083	2000	100.211	8.109	2000	103.688	9.364	2000	
72.370	6.672	1342	72.370	6.672	1342	72.370	6.672	1342	72.370	6.672	1342	72.370	6.672	1342	72.361	6.612	1709	83.069	6.149	2000	101.130	7.873	2000	104.797	9.097	2000	
72.309	6.599	1321	72.309	6.599	1321	72.309	6.599	1321	72.309	6.599	1321	72.309	6.599	1321	72.243	6.458	1705	83.018	6.112	2000	101.203	8.067	2000	104.872	9.291	2000	
71.644	6.490	1340	71.644	6.490	1340	71.644	6.490	1340	71.644	6.490	1340	71.644	6.490	1340	71.739	6.387	1701	82.406	6.117	2000	99.890	8.245	2000	103.263	9.461	2000	
69.894	6.356	1295	69.894	6.356	1295	69.894	6.356	1295	69.894	6.356	1295	69.894	6.356	1295	70.101	6.370	1680	80.383	6.053	2000	96.486	8.067	2000	99.456	9.184	2000	
68.132	6.179	1370	68.132	6.179	1370	68.132	6.179	1370	68.132	6.179	1370	68.132	6.179	1370	68.186	6.050	1750	77.257	6.001	2000	90.923	8.135	2000	93.108	9.047	2000	
63.531	5.864	1335	63.531	5.864	1335	63.531	5.864	1335	63.531	5.864	1335	63.531	5.864	1335	63.633	5.788	1728	71.002	5.844	2000	80.942	7.895	2000	82.136	8.487	2000	
44.077	5.216	1986	44.077	5.216	1986	44.077	5.216	1986	44.077	5.216	1986	44.077	5.216	1986	44.077	5.216	1986	46.288	5.791	2000	47.953	6.649	2000	48.008	6.704	2000	
52.659	5.439	1993	52.659	5.439	1993	52.659	5.439	1993	52.659	5.439	1993	52.659	5.439	1993	52.659	5.439	1993	56.783	6.000	2000	60.855	7.342	2000	61.102	7.530	2000	
60.433	5.942	1993	60.433	5.942	1993	60.433	5.942	1993	60.433	5.942	1993	60.433	5.942	1993	60.433	5.942	1993	66.766	6.141	2000	74.890	7.779	2000	75.733	8.253	2000	
63.472	6.266	1989	63.472	6.266	1989	63.472	6.266	1989	63.472	6.266	1989	63.472	6.266	1989	63.472	6.266	1989	70.894	6.392	2000	81.200	8.012	2000	82.494	8.646	2000	
65.692	6.514	1995	65.692	6.514	1995	65.692	6.514	1995	65.692	6.514	1995	65.692	6.514	1995	65.692	6.514	1995	74.104	6.515	2000	86.367	8.048	2000	88.160	8.832	2000	
67.814	6.734	1992	67.814	6.734	1992	67.814	6.734	1992	67.814	6.734	1992	67.814	6.734	1992	67.814	6.734	1992	77.003	6.542	2000	90.929	8.066	2000	93.205	9.002	2000	
69.320	6.991	1991	69.320	6.991	1991	69.320	6.991	1991	69.320	6.991	1991	69.320	6.991	1991	69.320	6.991	1991	79.068	6.664	2000	94.694	7.947	2000	97.518	8.924	2000	
70.426	7.015	1989	70.426	7.015	1989	70.426	7.015	1989	70.426	7.015	1989	70.426	7.015	1989	70.426	7.015	1989	80.738	6.816	2000	97.456	7.997	2000	100.656	9.144	2000	
71.015	7.146	1998	71.015	7.146	1998	71.015	7.146	1998	71.015	7.146	1998	71.015	7.146	1998	71.015	7.146	1998	81.487	6.963	2000	98.941	8.060	2000	102.390	9.217	2000	
71.317	7.124	2000	71.317	7.124	2000	71.317	7.124	2000	71.317	7.124	2000	71.317	7.124	2000	71.317	7.124	2000	81.942	6.998	2000	99.614	8.201	2000	103.108	9.374	2000	
71.176	7.155	1992	71.176	7.155	1992	71.176	7.155	1992	71.176	7.155	1992	71.176	7.155	1992	71.176	7.155	1992	81.663	7.098	2000	98.895	8.128	2000	102.313	9.225	2000	
70.146	6.913	1991	70.146	6.913	1991	70.146	6.913	1991	70.146	6.913	1991	70.146	6.913	1991	70.146	6.913	1991	80.251	6.831	2000	96.866	8.160	2000	100.028	9.265	2000	
69.008	6.835	1991	69.008	6.835	1991	69.008	6.835	1991	69.008	6.835	1991	69.008	6.835	1991	69.008	6.835	1991	78.571	6.729	2000	93.790	8.211	2000	96.446	9.186	2000	
66.772	6.540	1992	66.772	6.540	1992	66.772	6.540	1992	66.772	6.540	1992	66.772	6.540	1992	66.772	6.540	1992	75.506	6.569	2000	88.580	8.192	2000	90.592	9.045	2000	
62.751	6.167	1992	62.751	6.167	1992	62.751	6.167	1992	62.751	6.167	1992	62.751	6.167	1992	62.751	6.167	1992	70.029	6.306	2000	79.763	7.896	2000	80.932	8.471	2000	
53.489	5.400	1993	53.489	5.400	1993	53.489	5.400	1993	53.489	5.400	1993	53.489	5.400	1993	53.489	5.400	1993	57.913	5.950	2000	62.520	7.371	2000	62.820	7.571	2000	
39.661	4.974	2000	39.661	4.974	2000	39.661	4.974	2000	39.661	4.974	2000	39.661	4.974	2000	39.661	4.974	2000	41.175	5.585	2000	42.171	6.166	2000	42.192	6.189	2000	
50.161	4.929	2000	50.161	4.929	2000	50.161	4.929	2000	50.161	4.929	2000	50.161	4.929	2000	50.161	4.929	2000	53.752	5.732	2000	57.131	6.951	2000	57.307	7.094	2000	
56.364	5.218	2000	56.364	5.218	2000	56.364	5.218	2000	56.364	5.218	2000	56.364	5.218	2000	56.364	5.218	2000	61.623	6.039	2000	67.603	7.547	2000	68.089	7.837	2000	
60.644	5.185	2000	60.644	5.185	2000	60.644	5.185	2000	60.644	5.185	2000	60.644	5.185	2000	60.644	5.185	2000	67.378	6.022	2000	76.025	7.765	2000	76.973	8.256	2000	
63.355	5.514	2000	63.355	5.514	2000	63.355	5.514	2000	63.355	5.514	2000	63.355	5.514	2000	63.355	5.514	2000	70.975	6.284	2000	81.639	7.916	2000	83.056	8.591	2000	
65.289	5.628	2000	65.289	5.628	2000	65.289	5.628	2000	65.289	5.628	2000	65.289	5.628	2000	65.289	5.628	2000	73.732	6.369	2000	86.124	8.005	2000	87.967	8.768	2000	
66.718	5.619	2000	66.718	5.619	2000	66.718	5.619	2000	66.718	5.619	2000	66.718	5.619	2000	66.718	5.619	2000	75.708	6.306	2000	89.510	7.921	2000	91.769	8.851	2000	
67.683	5.754	2000	67.683	5.754	2000	67.683	5.754	2000	67.683	5.754	2000	67.683	5.754	2000	67.683	5.754	2000	77.077	6.508	2000	91.775	8.047	2000	94.323	8.972	2000	
68.200	5.945	2000	68.200	5.945	2000	68.200	5.945	2000	68.200	5.945	2000	68.200	5.945	2000	68.200	5.945	2000	77.784	6.583	2000	93.043	7.974	2000	95.821	9.050	2000	
68.095	5.795	2000	68.095	5.795	2000	68.095	5.795	2000	68.095	5.795	2000	68.095	5.795	2000	68.095	5.795	2000	77.665	6.449	2000	92.891	7.895	2000	95.594	8.918	2000	
67.825	5.844	2000	67.825	5.844	2000	67.825	5.844	2000	67.825	5.844	2000	67.825	5.844	2000	67.825	5.844	2000	77.268	6.489	2000	92.124	7.929	2000	94.714	8.887	2000	
67.200	5.877	2000	67.200	5.877	2000	67.200	5.877	2000	67.200	5.877	2000	67.200	5.877	2000	67.200	5.877	2000	76.279	6.602	2000	90.214	8.094	2000	92.530	9.030	2000	
65.787	5.686	2000	65.787	5.686	2000	65.787	5.686	2000	65.787	5.686	2000	65.787	5.686	2000	65.787	5.686	2000	74.327	6.367	2000	87.023	8.036	2000	88.961	8.848	2000	
63.524	5.381	2000	63.524	5.381	2000	63.524	5.381	2000	63.524	5.381	2000	63.524	5.381	2000	63.524	5.381	2000	71.303	6.180	2000	82.212	8.004	2000	83.706	8.729	2000	
60.392	5.333	2000	60.392	5.333	2000	60.392	5.333	2000	60.392	5.333	2000	60.392	5.333	2000	60.392	5.333	2000	67.010	6.105	2000	75.409	7.715	2000	76.310	8.161	2000	
54.919	5.145	2000	54.919	5.145	2000	54.919	5.145	2000	54.919	5.145	2000	54.919	5.145	2000	54.919	5.145	2000	59.836	5.994	2000	65.177	7.474	2000	65.564	7.716	2000	
37.716	4.944	2000	37.716	4.944	2000	37.716	4.944	2000	37.716	4.944	2000	37.716	4.944	2000	37.716	4.944	2000	38.993	5.508	2000	39.756	6.000	2000	39.766	6.011	2000	
37.443	3.533	2000	37.443	3.533	2000	37.443	3.533	2000	37.443	3.533	2000	37.443	3.533	2000	37.443	3.533	2000	41.094	4.555	2000	45.401	6.230	2000	45.799	6.511	2000	
42.194	3.238	2000	42.194	3.238	2000	42.194	3.238	2000	42.194	3.238	2000	42.194	3.238	2000	42.194	3.238	2000	47.446	4.351	2000	54.979	6.467	2000	56.089	7.062	2000	
45.551	3.125	2000	45.551	3.125	2000	45.551	3.125	2000	45.551	3.125	2000	45.551	3.125	2000	45.551	3.125	2000	52.182	4.323	2000	63.052	6.737	2000	65.182	7.686	2000	
47.739	3.090	2000	47.739	3.090	2000	47.739	3.090	2000	47.739	3.090	2000	47.739	3.090	2000	47.739	3.090	2000	55.320	4.311	2000	68.805	6.842	2000	71.964	8.066	2000	
49.076	2.979	2000	49.076	2.979	2000	49.076	2.979	2000	49.076	2.979	2000	49.076	2.979	2000	49.076	2.979	2000	57.301	4.190	2000	72.681	6.667	2000	76.752	8.127	2000	
50.151	2.943	2000	50.151	2.943	2000	50.151	2.943	2000	50.151	2.943	2000	50.151	2.943	2000	50.151	2.943	2000	58.873	4.210	2000	75.741	6.673	2000	80.660	8.241	2000	
50.686	2.890	2000	50.686	2.890	2000	50.686	2.890	2000	50.686	2.890	2000	50.686	2.890	2000	50.686	2.890	2000	59.685	4.193	2000	77.426	6.604	2000	82.799	8.300	2000	
51.050	2.886	2000	51.050	2.886	2000	51.050	2.886	2000	51.050	2.886	2000	51.050	2.886	2000	51.050	2.886	2000	60.197	4.154	2000	78.408	6.598	2000	84.135	8.359	2000	
50.986	2.935	2000	50.986	2.935	2000	50.986	2.935	2000	50.986	2.935	2000	50.986	2.935	2000	50.986	2.935	2000	60.128	4.191	2000	78.406	6.640	2000	84.049	8.366	2000	
50.844	2.875	2000	50.844	2.875	2000	50.844	2.875	2000	50.844	2.875	2000	50.844	2.875	2000	50.844	2.875	2000	59.877	4.127	2000	77.737	6.596	2000	83.075	8.278	2000	
50.240	2.946	2000	50.240	2.946	2000	50.240	2.946	2000	50.240	2.946	2000	50.240	2.946	2000	50.240	2.946	2000	59.004	4.195	2000	75.998	6.760	2000	80.952	8.423	2000	
49.451	2.989	2000	49.451	2.989	2000	49.451	2.989	2000	49.451	2.989	2000	49.451	2.989	2000	49.451	2.989	2000	57.839	4.218	2000	73.651	6.686	2000	77.926	8.103	2000	
48.240	2.920	2000	48.240	2.920	2000	48.240	2.920	2000	48.240	2.920	2000	48.240	2.920	2000	48.240	2.920	2000	56.024	4.102	2000	70.103	6.755	2000	73.521	8.103	2000	
46.415	3.017	2000	46.415	3.017	2000	46.415	3.017	2000	46.415	3.017	2000	46.415	3.017	2000	46.415	3.017	2000	53.391	4.149	2000	65.185	6.680	2000	67.661	7.739	2000	
43.531	3.270	2000	43.531	3.270	2000	43.531	3.270	2000	43.531	3.270	2000	43.531	3.270	2000	43.531	3.270	2000	49.329	4.442	2000	58.074	6.790	2000	59.495	7.547	2000	
38.359	3.392	2000	38.359	3.392	2000	38.359	3.392	2000	38.359	3.392	2000	38.359	3.392	2000	38.359	3.392	2000	42.284	4.413	2000	47.120	6.175	2000	47.603	6.511	2000	
26.333	3.924	2000	26.333	3.924	2000	26.333	3.924	2000	26.333	3.924	2000	26.333	3.924	2000	26.333	3.924	2000	27.425	4.513	2000	28.184	5.073	2000	28.202	5.097	2000	
35.784	4.306	1383	35.784	4.306	1383	35.784	4.306	1383	35.784	4.306	1383	35.784	4.306	1383	35.784	4.306	1383	38.344	4.923	2000	41.009	6.085	2000	41.161	6.214	2000	
45.421	4.406	1378	45.421	4.406	1378	45.421	4.406	1378	45.421	4.406	1378	45.421	4.406	1378	45.421	4.406	1378	51.111	4.914	2000	59.576	6.768	2000	60.846	7.428	2000	
47.548	4.438	1344	47.548	4.438	1344	47.548	4.438	1344	47.548	4.438	1344	47.548	4.438	1344	47.548	4.438	1344	54.268	4.920	1999	64.859	6.877	2000	66.751	7.749	2000	
48.597	4.449	1335	48.597	4.449	1335	48.597	4.449	1335	48.597	4.449	1335	48.597	4.449	1335	48.597	4.449	1335	55.609	4.984	2000	67.234	6.941	2000	69.545	7.947	2000	
48.744	4.468	1340	48.744	4.468	1340	48.744	4.468	1340	48.744	4.468	1340	48.744	4.468	1340	48.744	4.468	1340	56.148	4.945	2000	68.473	6.796	2000	70.972	7.783	2000	
49.037	4.382	1343	49.037	4.382	1343	49.037	4.382	1343	49.037	4.382	1343	49.037	4.382	1343	49.037	4.382	1343	56.348	4.873	2000	68.639	6.771	2000	71.120	7.765	2000	
48.748	4.451	1364	48.748	4.451	1364	48.748	4.451	1364	48.748	4.451	1364	48.748	4.451	1364	48.748	4.451	1364	55.906	4.911	2000	67.808	6.773	2000	70.224	7.793	2000	
48.090	4.512	1349	48.090	4.512	1349	48.090	4.512	1349	48.090	4.512	1349	48.090	4.512	1349	48.090	4.512	1349	55.108	4.912	2000	66.386	6.885	2000	68.459	7.772	2000	
47.242	4.414	1363	47.242	4.414	1363	47.242	4.414	1363	47.242	4.414	1363	47.242	4.414	1363	47.242	4.414	1363	53.648	4.992	2000	63.761	6.968	2000	65.470	7.757	2000	
45.803	4.328	1320	45.803	4.328	1320	45.803	4.328	1320	45.803	4.328	1320	45.803	4.328	1320	45.803	4.328	1320	51.818	4.848	2000	60.652	6.770	2000	62.019	7.465	2000	
43.868	4.181	1373	43.868	4.181	1373	43.868	4.181	1373	43.868	4.181	1373	43.868	4.181	1373	43.868	4.181	1373	49.177	4.868	2000	56.389	6.691	2000	57.352	7.246	2000	
41.412	4.184	1331	41.412	4.184	1331	41.412	4.184	1331	41.412	4.184	1331	41.412	4.184	1331	41.412	4.184	1331	45.688	4.757	2000	51.085	6.326	2000	51.641	6.690	2000	
37.135	4.095	1366	37.135	4.095	1366	37.135	4.095	1366	37.135	4.095	1366	37.135	4.095	1366	37.135	4.095	1366	40.261	4.865	2000	43.539	6.185	2000	43.774	6.378	2000	
30.403	4.311	1364	30.403	4.311	1364	30.403	4.311	1364	30.403	4.311	1364	30.403	4.311	1364	30.403	4.311	1364	32.038	4.842	2000	33.266	5.596	2000	33.303	5.637	2000	
4.930	2.245	1330	4.930	2.245	1330	4.930	2.245	1330	4.930	2.245	1330	4.930	2.245	1330	4.930	2.245	1330	4.944	2.216	1994	4.944	2.216	1994	4.944	2.216	1994	
5.379	2.258	1325	5.379	2.258	1325	5.379	2.258	1325	5.379	2.258	1325	5.379	2.258	1325	5.379	2.258	1325	5.387	2.243	1985	5.387	2.244	1985	5.387	2.244	1985	
4.944	2.154	1366	4.944	2.154	1366	4.944	2.154	1366	4.944	2.154	1366	4.944	2.154	1366	4.944	2.154	1366	4.948	2.163	1985	4.948	2.163	1985	4.948	2.163	1985	
4.444	2.048	1329	4.444	2.048	1329	4.444	2.048	1329	4.444	2.048	1329	4.444	2.048	1329	4.444	2.048	1329	4.438	2.022	1971	4.438	2.022	1971	4.438	2.022	1971	
3.806	1.879	1286	3.806	1.879	1286	3.806	1.879	1286	3.806	1.879	1286	3.806	1.879	1286	3.806	1.879	1286	3.806	1.847	1948	3.806	1.847	1948	3.806	1.847	1948	
39.814	3.072	2000	39.814	3.072	2000	39.814	3.072	2000	39.814	3.072	2000	39.814	3.072	2000	39.814	3.072	2000	44.892	4.168	2000	52.350	6.238	2000	53.465	6.833	2000	
41.065	2.956	2000	41.065	2.956	2000	41.065	2.956	2000	41.065	2.956	2000	41.065	2.956	2000	41.065	2.956	2000	46.628	4.088	2000	55.178	6.346	2000	56.606	7.065	2000	
41.360	2.971	2000	41.360	2.971	2000	41.360	2.971	2000	41.360	2.971	2000	41.360	2.971	2000	41.360	2.971	2000	47.040	4.101	2000	55.924	6.326	2000	57.501	7.094	2000	
41.213	3.054	2000	41.213	3.054	2000	41.213	3.054	2000	41.213	3.054	2000	41.213	3.054	2000	41.213	3.054	2000	46.845	4.185	2000	55.532	6.433	2000	57.037	7.207	2000	
40.569	3.060	2000	40.569	3.060	2000	40.569	3.060	2000	40.569	3.060	2000	40.569	3.060	2000	40.569	3.060	2000	45.948	4.185	2000	54.070	6.467	2000	55.394	7.175	2000	
39.782	3.091	2000	39.782	3.091	2000	39.782	3.091	2000	39.782	3.091	2000	39.782	3.091	2000	39.782	3.091	2000	44.846	4.171	2000	52.222	6.327	2000	53.319	6.923	2000	
38.530	3.170	2000	38.530	3.170	2000	38.530	3.170	2000	38.530	3.170	2000	38.530	3.170	2000	38.530	3.170	2000	43.157	4.254	2000	49.595	6.358	2000	50.461	6.885	2000	
36.918	3.249	2000	36.918	3.249	2000	36.918	3.249	2000	36.918	3.249	2000	36.918	3.249	2000	36.918	3.249	2000	40.950	4.268	2000	46.167	6.092	2000	46.741	6.476	2000	
34.869	3.302	2000	34.869	3.302	2000	34.869	3.302	2000	34.869	3.302	2000	34.869	3.302	2000	34.869	3.302	2000	38.257	4.251	2000	42.234	5.852	2000	42.605	6.130	2000	
32.104	3.500	2000	32.104	3.500	2000	32.104	3.500	2000	32.104	3.500	2000	32.104	3.500	2000	32.104	3.500	2000	34.702	4.397	2000	37.394	5.727	2000	37.577	5.900	2000	
27.893	3.802	2000	27.893	3.802	2000	27.893	3.802	2000	27.893	3.802	2000	27.893	3.802	2000	27.893	3.802	2000	29.510	4.525	2000	30.884	5.388	2000	30.940	5.446	2000	
21.521	3.850	2000	21.521	3.850	2000	21.521	3.850	2000	21.521	3.850	2000	21.521	3.850	2000	21.521	3.850	2000	22.141	4.273	2000	22.507	4.606	2000	22.513	4.616	2000	
12.609	3.367	2000	12.609	3.367	2000	12.609	3.367	2000	12.609	3.367	2000	12.609	3.367	2000	12.609	3.367	2000	12.669	3.449	2000	12.687	3.480	2000	12.687	3.480	2000	
7.839	2.700	1999	7.839	2.700	1999	7.839	2.700	1999	7.839	2.700	1999	7.839	2.700	1999	7.839	2.700	1999	7.843	2.709	1999	7.844	2.711	1999	7.844	2.711	1999	
6.216	2.480	2000	6.216	2.480	2000	6.216	2.480	2000	6.216	2.480	2000	6.216	2.480	2000	6.216	2.480	2000	6.218	2.484	2000	6.218	2.484	2000	6.218	2.484	2000	
5.160	2.235	1993	5.160	2.235	1993	5.160	2.235	1993	5.160	2.235	1993	5.160	2.235	1993	5.160	2.235	1993	5.160	2.236	1993	5.160	2.236	1993	5.160	2.236	1993	
4.494	2.013	1979	4.494	2.013	1979	4.494	2.013	1979	4.494	2.013	1979	4.494	2.013	1979	4.494	2.013	1979	4.494	2.013	1979	4.494	2.013	1979	4.494	2.013	1979	
3.815	1.849	1955	3.815	1.849	1955	3.815	1.849	1955	3.815	1.849	1955	3.815	1.849	1955	3.815	1.849	1955	3.815	1.849	1955	3.815	1.849	1955	3.815	1.849	1955	
33.869	3.198	2000	33.869	3.198	2000	33.869	3.198	2000	33.869	3.198	2000	33.869	3.198	2000	33.869	3.198	2000	37.250	4.208	2000	41.322	5.908	2000	41.723	6.221	2000	
35.337	3.086	2000	35.337	3.086	2000	35.337	3.086	2000	35.337	3.086	2000	35.337	3.086	2000	35.337	3.086	2000	39.184	4.106	2000	44.145	5.952	2000	44.714	6.355	2000	
35.308	3.103	2000	35.308	3.103	2000	35.308	3.103	2000	35.308	3.103	2000	35.308	3.103	2000	35.308	3.103	2000	39.151	4.099	2000	44.114	5.910	2000	44.680	6.302	2000	
34.923	3.196	2000	34.923	3.196	2000	34.923	3.196	2000	34.923	3.196	2000	34.923	3.196	2000	34.923	3.196	2000	38.641	4.226	2000	43.347	6.046	2000	43.857	6.415	2000	
34.092	3.176	2000	34.092	3.176	2000	34.092	3.176	2000	34.092	3.176	2000	34.092	3.176	2000	34.092	3.176	2000	37.528	4.159	2000	41.709	5.890	2000	42.123	6.209	2000	
33.017	3.330	2000	33.017	3.330	2000	33.017	3.330	2000	33.017	3.330	2000	33.017	3.330	2000	33.017	3.330	2000	36.127	4.295	2000	39.741	5.924	2000	40.060	6.185	2000	
31.642	3.401	2000	31.642	3.401	2000	31.642	3.401	2000	31.642	3.401	2000	31.642	3.401	2000	31.642	3.401	2000	34.357	4.326	2000	37.299	5.786	2000	37.520	5.984	2000	
29.411	3.496	2000	29.411	3.496	2000	29.411	3.496	2000	29.411	3.496	2000	29.411	3.496	2000	29.411	3.496	2000	31.553	4.337	2000	33.640	5.507	2000	33.763	5.630	2000	
27.933	3.625	2000	27.933	3.625	2000	27.933	3.625	2000	27.933	3.625	2000	27.933	3.625	2000	27.933	3.625	2000	29.727	4.399	2000	31.344	5.395	2000	31.421	5.478	2000	
24.896	3.709	2000	24.896	3.709	2000	24.896	3.709	2000	24.896	3.709	2000	24.896	3.709	2000	24.896	3.709	2000	26.093	4.332	2000	27.012	5.012	2000	27.041	5.050	2000	
14.138	3.522	2000	14.138	3.522	2000	14.138	3.522	2000	14.138	3.522	2000	14.138	3.522	2000	14.138	3.522	2000	14.260	3.659	2000	14.307	3.727	2000	14.307	3.728	2000	
7.419	2.692	2000	7.419	2.692	2000	7.419	2.692	2000	7.419	2.692	2000	7.419	2.692	2000	7.419	2.692	2000	7.424	2.701	2000	7.424	2.703	2000	7.425	2.703	2000	
6.134	2.464	1998	6.134	2.464	1998	6.134	2.464	1998	6.134	2.464	1998	6.134	2.464	1998	6.134	2.464	1998	6.135	2.468	1998	6.136	2.468	1998	6.136	2.468	1998	
5.035	2.169	1990	5.035	2.169	1990	5.035	2.169	1990	5.035	2.169	1990	5.035	2.169	1990	5.035	2.169	1990	5.036	2.170	1990	5.036	2.170	1990	5.036	2.170	1990	
4.313	1.980	1980	4.313	1.980	1980	4.313	1.980	1980	4.313	1.980	1980	4.313	1.980	1980	4.313	1.980	1980	4.313	1.980	1980	4.313	1.980	1980	4.313	1.980	1980	
3.205	1.647	1920	3.205	1.647	1920	3.205	1.647	1920	3.205	1.647	1920	3.205	1.647	1920	3.205	1.647	1920	3.205	1.647	1920	3.205	1.647	1920	3.205	1.647	1920	
2.513	1.363	1809	2.513	1.363	1809	2.513	1.363	1809	2.513	1.363	1809	2.513	1.363	1809	2.513	1.363	1809	2.513	1.363	1809	2.513	1.363	1809	2.513	1.363	1809	
2.099	1.133	1654	2.099	1.133	1654	2.099	1.133	1654	2.099	1.133	1654	2.099	1.133	1654	2.099	1.133	1654	2.099	1.133	1654	2.099	1.133	1654	2.099	1.133	1654	
24.987	3.839	2000	24.987	3.839	2000	24.987	3.839	2000	24.987	3.839	2000	24.987	3.839	2000	24.987	3.839	2000	25.959	4.385	2000	26.610	4.882	2000	26.625	4.902	2000	
29.429	3.803	2000	29.429	3.803	2000	29.429	3.803	2000	29.429	3.803	2000	29.429	3.803	2000	29.429	3.803	2000	31.194	4.580	2000	32.697	5.499	2000	32.761	5.569	2000	
29.850	3.771	2000	29.850	3.771	2000	29.850	3.771	2000	29.850	3.771	2000	29.850	3.771	2000	29.850	3.771	2000	31.697	4.559	2000	33.309	5.526	2000	33.380	5.600	2000	
29.395	3.786	2000	29.395	3.786	2000	29.395	3.786	2000	29.395	3.786	2000	29.395	3.786	2000	29.395	3.786	2000	31.147	4.565	2000	32.646	5.516	2000	32.711	5.590	2000	
28.525	3.855	2000	28.525	3.855	2000	28.525	3.855	2000	28.525	3.855	2000	28.525	3.855	2000	28.525	3.855	2000	30.108	4.604	2000	31.409	5.481	2000	31.460	5.542	2000	
27.439	3.858	2000	27.439	3.858	2000	27.439	3.858	2000	27.439	3.858	2000	27.439	3.858	2000	27.439	3.858	2000	28.811	4.533	2000	29.866	5.257	2000	29.900	5.297	2000	
26.819	3.849	2000	26.819	3.849	2000	26.819	3.849	2000	26.819	3.849	2000	26.819	3.849	2000	26.819	3.849	2000	28.078	4.491	2000	29.017	5.169	2000	29.044	5.201	2000	
22.583	3.996	2000	22.583	3.996	2000	22.583	3.996	2000	22.583	3.996	2000	22.583	3.996	2000	22.583	3.996	2000	23.246	4.450	2000	23.643	4.823	2000	23.649	4.834	2000	
17.017	3.771	2000	17.017	3.771	2000	17.017	3.771	2000	17.017	3.771	2000	17.017	3.771	2000	17.017	3.771	2000	17.219	3.966	2000	17.303	4.074	2000	17.303	4.075	2000	
10.813	3.241	2000	10.813	3.241	2000	10.813	3.241	2000	10.813	3.241	2000	10.813	3.241	2000	10.813	3.241	2000	10.836	3.278	2000	10.841	3.288	2000	10.841	3.288	2000	
4.269	1.981	1985	4.269	1.981	1985	4.269	1.981	1985	4.269	1.981	1985	4.269	1.981	1985	4.269	1.981	1985	4.269	1.981	1985	4.269	1.981	1985	4.269	1.981	1985	
2.530	1.348	1790	2.530	1.348	1790	2.530	1.348	1790	2.530	1.348	1790	2.530	1.348	1790	2.530	1.348	1790	2.530	1.348	1790	2.530	1.348	1790	2.530	1.348	1790	
2.499	1.342	1803	2.499	1.342	1803	2.499	1.342	1803	2.499	1.342	1803	2.499	1.342	1803	2.499	1.342	1803	2.499	1.342	1803	2.499	1.342	1803	2.499	1.342	1803	
20.841	3.848	2000	20.841	3.848	2000	20.841	3.848	2000	20.841	3.848	2000	20.841	3.848	2000	20.841	3.848	2000	21.378	4.238	2000	21.680	4.541	2000	21.685	4.549	2000	
23.084	3.834	2000	23.084	3.834	2000	23.084	3.834	2000	23.084	3.834	2000	23.084	3.834	2000	23.084	3.834	2000	23.882	4.327	2000	24.396	4.773	2000	24.406	4.789	2000	
23.212	3.796	2000	23.212	3.796	2000	23.212	3.796	2000	23.212	3.796	2000	23.212	3.796	2000	23.212	3.796	2000	24.027	4.300	2000	24.551	4.746	2000	24.561	4.762	2000	
22.754	3.907	2000	22.754	3.907	2000	22.754	3.907	2000	22.754	3.907	2000	22.754	3.907	2000	22.754	3.907	2000	23.516	4.402	2000	23.995	4.825	2000	24.005	4.840	2000	
21.840	3.963	2000	21.840	3.963	2000	21.840	3.963	2000	21.840	3.963	2000	21.840	3.963	2000	21.840	3.963	2000	22.494	4.416	2000	22.885	4.781	2000	22.892	4.792	2000	
22.187	3.860	2000	22.187	3.860	2000	22.187	3.860	2000	22.187	3.860	2000	22.187	3.860	2000	22.187	3.860	2000	22.874	4.319	2000	23.293	4.704	2000	23.301	4.715	2000	
16.532	3.762	2000	16.532	3.762	2000	16.532	3.762	2000	16.532	3.762	2000	16.532	3.762	2000	16.532	3.762	2000	16.738	3.960	2000	16.824	4.066	2000	16.824	4.068	2000	
11.735	3.322	2000	11.735	3.322	2000	11.735	3.322	2000	11.735	3.322	2000	11.735	3.322	2000	11.735	3.322	2000	11.776	3.378	2000	11.787	3.398	2000	11.787	3.398	2000	
7.503	2.717	1999	7.503	2.717	1999	7.503	2.717	1999	7.503	2.717	1999	7.503	2.717	1999	7.503	2.717	1999	7.507	2.726	1999	7.507	2.727	1999	7.507	2.728	1999	
3.937	1.907	1963	3.937	1.907	1963	3.937	1.907	1963	3.937	1.907	1963	3.937	1.907	1963	3.937	1.907	1963	3.937	1.907	1963	3.937	1.907	1963	3.937	1.907	1963	
2.300	1.242	1709	2.300	1.242	1709	2.300	1.242	1709	2.300	1.242	1709	2.300	1.242	1709	2.300	1.242	1709	2.300	1.242	1709	2.300	1.242	1709	2.300	1.242	1709	
13.754	3.576	2000	13.754	3.576	2000	13.754	3.576	2000	13.754	3.576	2000	13.754	3.576	2000	13.754	3.576	2000	13.789	3.623	2000	13.797	3.638	2000	13.797	3.638	2000	
17.072	3.925	2000	17.072	3.925	2000	17.072	3.925	2000	17.072	3.925	2000	17.072	3.925	2000	17.072	3.925	2000	17.180	4.049	2000	17.214	4.098	2000	17.214	4.098	2000	
17.941	3.959	2000	17.941	3.959	2000	17.941	3.959	2000	17.941	3.959	2000	17.941	3.959	2000	17.941	3.959	2000	18.077	4.103	2000	18.123	4.164	2000	18.123	4.164	2000	
18.765	4.075	2000	18.765	4.075	2000	18.765	4.075	2000	18.765	4.075	2000	18.765	4.075	2000	18.765	4.075	2000	18.934	4.243	2000	18.996	4.323	2000	18.996	4.323	2000	
15.363	3.778	2000	15.363	3.778	2000	15.363	3.778	2000	15.363	3.778	2000	15.363	3.778	2000	15.363	3.778	2000	15.426	3.858	2000	15.444	3.887	2000	15.444	3.887	2000	
11.365	3.268	2000	11.365	3.268	2000	11.365	3.268	2000	11.365	3.268	2000	11.365	3.268	2000	11.365	3.268	2000	11.376	3.287	2000	11.378	3.291	2000	11.378	3.291	2000	
7.795	2.702	1999	7.795	2.702	1999	7.795	2.702	1999	7.795	2.702	1999	7.795	2.702	1999	7.795	2.702	1999	7.796	2.705	1999	7.796	2.705	1999	7.796	2.705	1999	
4.953	2.242	1985	4.953	2.242	1985	4.953	2.242	1985	4.953	2.242	1985	4.953	2.242	1985	4.953	2.242	1985	4.953	2.243	1985	4.953	2.243	1985	4.953	2.243	1985	
2.903	1.540	1852	2.903	1.540	1852	2.903	1.540	1852	2.903	1.540	1852	2.903	1.540	1852	2.903	1.540	1852	2.903	1.540	1852	2.903	1.540	1852	2.903	1.540	1852	
1.882	1.000	1503	1.882	1.000	1503	1.882	1.000	1503	1.882	1.000	1503	1.882	1.000	1503	1.882	1.000	1503	1.882	1.000	1503	1.882	1.000	1503	1.882	1.000	1503	
7.989	2.820	2000	7.989	2.820	2000	7.989	2.820	2000	7.989	2.820	2000	7.989	2.820	2000	7.989	2.820	2000	7.989	2.821	2000	7.989	2.821	2000	7.989	2.821	2000	
10.918	3.259	2000	10.918	3.259	2000	10.918	3.259	2000	10.918	3.259	2000	10.918	3.259	2000	10.918	3.259	2000	10.920	3.264	2000	10.920	3.264	2000	10.921	3.264	2000	
12.637	3.518	2000	12.637	3.518	2000	12.637	3.518	2000	12.637	3.518	2000	12.637	3.518	2000	12.637	3.518	2000	12.643	3.529	2000	12.643	3.531	2000	12.644	3.531	2000	
13.739	3.665	2000	13.739	3.665	2000	13.739	3.665	2000	13.739	3.665	2000	13.739	3.665	2000	13.739	3.665	2000	13.748	3.681	2000	13.750	3.684	2000	13.750	3.684	2000	
10.176	3.175	1999	10.176	3.175	1999	10.176	3.175	1999	10.176	3.175	1999	10.176	3.175	1999	10.176	3.175	1999	10.177	3.178	1999	10.178	3.179	1999	10.178	3.179	1999	
7.234	2.673	1998	7.234	2.673	1998	7.234	2.673	1998	7.234	2.673	1998	7.234	2.673	1998	7.234	2.673	1998	7.234	2.674	1998	7.234	2.674	1998	7.234	2.674	1998	
4.963	2.192	1985	4.963	2.192	1985	4.963	2.192	1985	4.963	2.192	1985	4.963	2.192	1985	4.963	2.192	1985	4.963	2.192	1985	4.963	2.192	1985	4.963	2.192	1985	
2.428	1.322	1760	2.428	1.322	1760	2.428	1.322	1760	2.428	1.322	1760	2.428	1.322	1760	2.428	1.322	1760	2.428	1.322	1760	2.428	1.322	1760	2.428	1.322	1760	
1.359	0.624	906	1.359	0.624	906	1.359	0.624	906	1.359	0.624	906	1.359	0.624	906	1.359	0.624	906	1.359	0.624	906	1.359	0.624	906	1.359	0.624	906	
