1.193	0.422	696	1.193	0.422	696	1.194	0.422	696	1.199	0.432	696	1.208	0.456	696	1.213	0.472	696	1.213	0.472	696	1.213	0.472	696	1.213	0.472	696	
1.352	0.569	979	1.352	0.569	979	1.352	0.569	979	1.359	0.577	979	1.381	0.617	979	1.396	0.665	979	1.396	0.665	979	1.396	0.665	979	1.396	0.665	979	
1.564	0.717	1322	1.564	0.717	1322	1.564	0.717	1322	1.572	0.722	1322	1.605	0.771	1322	1.650	0.877	1322	1.654	0.890	1322	1.654	0.890	1322	1.654	0.890	1322	
2.014	0.932	1698	2.014	0.932	1698	2.015	0.931	1698	2.024	0.932	1698	2.081	0.988	1698	2.228	1.229	1698	2.256	1.301	1698	2.257	1.302	1698	2.257	1.302	1698	
2.107	0.926	1725	2.107	0.926	1725	2.107	0.926	1725	2.118	0.926	1725	2.174	0.974	1725	2.358	1.262	1725	2.377	1.298	1725	2.377	1.298	1725	2.377	1.298	1725	
2.107	0.923	1734	2.107	0.923	1734	2.108	0.923	1734	2.118	0.922	1734	2.179	0.977	1734	2.353	1.245	1734	2.372	1.289	1734	2.373	1.291	1734	2.373	1.291	1734	
1.988	0.890	1695	1.988	0.890	1695	1.988	0.889	1695	1.998	0.891	1695	2.056	0.953	1695	2.190	1.180	1695	2.201	1.205	1695	2.201	1.205	1695	2.201	1.205	1695	
1.868	0.839	1570	1.868	0.839	1570	1.869	0.840	1570	1.879	0.842	1570	1.935	0.911	1570	2.029	1.073	1570	2.039	1.101	1570	2.039	1.101	1570	2.039	1.101	1570	
1.585	0.728	1328	1.585	0.728	1328	1.586	0.727	1328	1.596	0.735	1328	1.628	0.783	1328	1.674	0.883	1328	1.675	0.886	1328	1.675	0.886	1328	1.675	0.886	1328	
1.209	0.451	699	1.209	0.451	699	1.211	0.453	699	1.213	0.457	703	1.213	0.457	703	1.213	0.459	703	1.213	0.459	703	1.213	0.459	703	1.213	0.459	703	
1.402	0.633	979	1.402	0.633	979	1.405	0.637	979	1.408	0.643	989	1.403	0.632	989	1.411	0.651	989	1.411	0.651	989	1.411	0.651	989	1.411	0.651	989	
1.680	0.856	1338	1.680	0.855	1338	1.697	0.884	1338	1.708	0.901	1344	1.700	0.884	1344	1.712	0.908	1344	1.713	0.910	1344	1.713	0.910	1344	1.713	0.910	1344	
2.028	1.051	1616	2.028	1.051	1616	2.059	1.099	1616	2.068	1.103	1630	2.037	1.051	1630	2.094	1.148	1630	2.099	1.159	1630	2.099	1.159	1630	2.099	1.159	1630	
2.712	1.290	1844	2.712	1.290	1844	2.794	1.380	1844	2.813	1.376	1869	2.753	1.307	1870	2.900	1.479	1870	2.929	1.533	1870	2.929	1.533	1870	2.929	1.533	1870	
3.048	1.489	1887	3.048	1.490	1887	3.132	1.566	1887	3.159	1.559	1905	3.066	1.444	1905	3.247	1.640	1905	3.294	1.710	1905	3.294	1.713	1905	3.294	1.713	1905	
3.086	1.487	1895	3.086	1.488	1895	3.166	1.550	1895	3.197	1.559	1906	3.098	1.443	1906	3.284	1.644	1906	3.339	1.719	1906	3.341	1.724	1906	3.341	1.724	1906	
2.934	1.388	1901	2.934	1.390	1901	3.021	1.474	1901	3.032	1.464	1916	2.947	1.367	1916	3.110	1.548	1916	3.149	1.606	1916	3.149	1.606	1916	3.149	1.606	1916	
2.652	1.280	1823	2.653	1.282	1823	2.715	1.350	1823	2.737	1.373	1839	2.671	1.276	1839	2.798	1.453	1839	2.820	1.494	1839	2.820	1.494	1839	2.820	1.494	1839	
2.343	1.189	1735	2.341	1.188	1735	2.388	1.249	1735	2.416	1.280	1755	2.367	1.195	1755	2.450	1.321	1755	2.466	1.359	1755	2.466	1.359	1755	2.466	1.359	1755	
1.354	0.562	996	1.354	0.562	996	1.356	0.565	996	1.373	0.589	996	1.395	0.639	996	1.405	0.663	996	1.405	0.663	996	1.405	0.663	996	1.405	0.663	996	
1.591	0.712	1355	1.591	0.712	1355	1.595	0.714	1355	1.618	0.740	1355	1.666	0.824	1355	1.687	0.871	1355	1.687	0.871	1355	1.687	0.871	1355	1.687	0.871	1355	
1.920	0.868	1625	1.920	0.868	1625	1.924	0.867	1625	1.953	0.884	1625	2.039	1.004	1625	2.115	1.148	1625	2.118	1.154	1625	2.118	1.156	1625	2.118	1.156	1625	
2.318	1.042	1818	2.318	1.042	1818	2.320	1.040	1818	2.356	1.055	1818	2.514	1.242	1818	2.653	1.441	1818	2.671	1.475	1818	2.671	1.475	1818	2.671	1.475	1818	
2.762	1.144	1920	2.762	1.144	1920	2.764	1.140	1920	2.795	1.143	1920	3.028	1.394	1920	3.300	1.694	1920	3.359	1.790	1920	3.360	1.795	1920	3.360	1.795	1920	
3.627	1.206	1980	3.627	1.206	1980	3.626	1.203	1980	3.655	1.198	1980	4.006	1.482	1980	4.677	2.007	1980	4.856	2.172	1980	4.863	2.185	1980	4.863	2.185	1980	
3.630	1.198	1981	3.630	1.198	1981	3.629	1.197	1981	3.657	1.198	1981	4.008	1.478	1981	4.689	2.004	1981	4.877	2.187	1981	4.883	2.200	1981	4.883	2.200	1981	
3.558	1.170	1981	3.558	1.170	1981	3.558	1.166	1981	3.589	1.163	1981	3.906	1.415	1981	4.580	1.966	1981	4.740	2.118	1981	4.744	2.128	1981	4.744	2.128	1981	
3.340	1.192	1978	3.340	1.192	1978	3.340	1.186	1978	3.374	1.185	1978	3.683	1.442	1978	4.224	1.928	1978	4.351	2.083	1978	4.356	2.096	1978	4.356	2.096	1978	
2.982	1.140	1949	2.982	1.140	1949	2.983	1.137	1949	3.020	1.143	1949	3.275	1.368	1949	3.651	1.769	1949	3.711	1.848	1949	3.712	1.850	1949	3.712	1.850	1949	
2.501	1.066	1888	2.501	1.066	1888	2.506	1.065	1888	2.540	1.073	1888	2.721	1.268	1888	2.921	1.518	1888	2.953	1.571	1888	2.953	1.572	1888	2.953	1.572	1888	
1.364	0.634	208	1.364	0.634	208	1.351	0.616	752	1.359	0.627	929	1.351	0.601	932	1.364	0.634	932	1.367	0.644	932	1.367	0.644	932	1.367	0.644	932	
1.669	0.763	312	1.669	0.763	312	1.626	0.783	1068	1.651	0.824	1356	1.632	0.788	1359	1.666	0.845	1359	1.679	0.871	1359	1.680	0.875	1359	1.680	0.875	1359	
2.002	0.963	362	2.002	0.963	362	2.033	1.006	1335	2.063	1.060	1689	2.008	0.987	1694	2.107	1.107	1694	2.158	1.195	1694	2.164	1.209	1694	2.164	1.209	1694	
2.434	1.056	431	2.434	1.056	431	2.475	1.089	1490	2.581	1.218	1851	2.468	1.136	1855	2.685	1.304	1855	2.816	1.452	1855	2.834	1.490	1855	2.834	1.490	1855	
2.738	1.017	439	2.738	1.017	439	2.849	1.081	1548	3.078	1.319	1953	2.963	1.347	1954	3.462	1.568	1954	3.713	1.760	1954	3.763	1.834	1954	3.763	1.834	1954	
2.990	1.000	439	2.988	1.001	439	3.193	1.149	1560	3.474	1.455	1980	3.429	1.578	1981	4.309	1.829	1981	4.811	2.090	1981	4.926	2.223	1981	4.927	2.227	1981	
3.347	1.316	439	3.344	1.316	439	3.318	1.137	1574	3.693	1.541	1996	3.818	1.846	1998	5.419	2.137	1998	6.280	2.399	1998	6.507	2.584	1998	6.512	2.595	1998	
3.374	1.204	433	3.373	1.204	433	3.363	1.192	1571	3.730	1.599	1995	3.926	1.928	1998	5.744	2.160	1998	6.756	2.429	1998	7.024	2.617	1998	7.032	2.630	1998	
3.280	1.072	413	3.278	1.073	413	3.302	1.111	1552	3.783	1.642	1994	3.943	1.890	1997	5.872	2.198	1997	6.962	2.498	1997	7.251	2.696	1997	7.261	2.713	1997	
3.255	1.047	465	3.255	1.047	465	3.345	1.181	1576	3.800	1.611	1991	3.841	1.812	1997	5.474	2.134	1997	6.366	2.358	1997	6.600	2.545	1997	6.604	2.554	1997	
3.099	1.021	461	3.099	1.021	461	3.287	1.164	1581	3.637	1.556	1991	3.608	1.663	1994	4.870	1.977	1994	5.578	2.280	1994	5.742	2.429	1994	5.745	2.436	1994	
2.960	1.031	427	2.960	1.031	427	3.088	1.131	1560	3.493	1.509	1973	3.311	1.502	1982	4.128	1.767	1982	4.565	1.989	1982	4.654	2.090	1982	4.655	2.092	1982	
2.615	1.066	417	2.615	1.066	417	2.711	1.107	1520	2.905	1.323	1921	2.781	1.270	1923	3.130	1.483	1923	3.317	1.636	1923	3.346	1.687	1923	3.346	1.687	1923	
1.544	0.758	593	1.544	0.758	593	1.547	0.777	992	1.549	0.796	1265	1.525	0.739	1267	1.560	0.811	1267	1.567	0.829	1267	1.567	0.829	1267	1.567	0.829	1267	
2.018	0.936	768	2.018	0.936	768	2.029	0.972	1317	2.094	1.080	1671	2.028	1.005	1674	2.121	1.112	1674	2.165	1.177	1674	2.170	1.189	1674	2.170	1.189	1674	
2.520	1.032	871	2.521	1.033	871	2.618	1.139	1504	2.751	1.284	1892	2.628	1.196	1895	2.924	1.404	1895	3.069	1.557	1895	3.090	1.598	1895	3.090	1.598	1895	
2.878	1.137	894	2.878	1.137	894	3.023	1.209	1536	3.338	1.477	1964	3.205	1.465	1967	3.830	1.729	1967	4.203	1.960	1967	4.275	2.058	1967	4.276	2.061	1967	
3.200	1.092	943	3.197	1.091	943	3.314	1.166	1570	3.741	1.588	1994	3.697	1.763	1995	4.864	1.977	1995	5.524	2.259	1995	5.685	2.418	1995	5.687	2.425	1995	
3.422	1.213	907	3.422	1.213	907	3.443	1.234	1576	3.855	1.676	1997	4.030	1.995	1999	5.840	2.249	1999	6.843	2.470	1999	7.099	2.658	1999	7.106	2.671	1999	
3.486	1.232	953	3.483	1.229	953	3.501	1.302	1564	3.767	1.685	1996	4.171	2.153	2000	6.470	2.398	2000	7.717	2.623	2000	8.064	2.820	2000	8.076	2.840	2000	
3.699	1.358	950	3.697	1.357	950	3.607	1.329	1599	3.709	1.689	1996	4.345	2.225	1999	7.321	2.589	1999	8.860	2.833	1999	9.304	3.043	1999	9.326	3.071	1999	
3.989	1.756	939	3.985	1.755	939	3.741	1.439	1587	3.606	1.522	1998	4.543	2.225	2000	8.558	2.821	2000	10.582	3.055	2000	11.192	3.275	2000	11.240	3.320	2000	
3.769	1.538	952	3.767	1.532	952	3.626	1.391	1573	3.634	1.543	1996	4.421	2.239	2000	7.839	2.760	2000	9.549	2.947	2000	10.078	3.166	2000	10.111	3.204	2000	
3.577	1.224	910	3.574	1.223	910	3.566	1.358	1556	3.768	1.663	1998	4.313	2.176	2000	6.881	2.464	2000	8.279	2.725	2000	8.683	2.940	2000	8.700	2.967	2000	
3.412	1.269	926	3.411	1.269	926	3.438	1.242	1574	3.818	1.673	1992	4.123	2.048	1996	5.993	2.267	1996	7.032	2.497	1996	7.305	2.683	1996	7.313	2.698	1996	
3.211	1.064	909	3.212	1.063	909	3.328	1.183	1575	3.787	1.567	1991	3.686	1.701	1993	4.797	1.941	1993	5.401	2.144	1993	5.538	2.287	1993	5.540	2.292	1993	
1.693	0.801	915	1.693	0.801	915	1.724	0.826	1059	1.785	0.924	1488	1.752	0.881	1498	1.797	0.939	1498	1.820	0.986	1498	1.823	0.993	1498	1.823	0.993	1498	
2.473	0.991	1212	2.473	0.991	1212	2.539	1.043	1360	2.790	1.294	1871	2.645	1.232	1877	2.983	1.450	1877	3.131	1.584	1877	3.161	1.637	1877	3.161	1.638	1877	
2.894	0.960	1254	2.893	0.957	1254	2.952	1.023	1421	3.355	1.385	1972	3.419	1.597	1982	4.332	1.846	1982	4.739	2.063	1982	4.847	2.173	1982	4.849	2.178	1982	
3.151	1.133	1277	3.147	1.125	1277	3.116	1.067	1458	3.501	1.493	1988	3.963	2.052	1997	5.872	2.270	1997	6.673	2.475	1997	6.917	2.628	1997	6.925	2.643	1997	
3.409	1.360	1278	3.408	1.358	1278	3.270	1.212	1463	3.356	1.448	1995	4.135	2.169	2000	7.327	2.614	2000	8.563	2.790	2000	8.948	2.945	2000	8.974	2.978	2000	
3.698	1.564	1268	3.694	1.558	1268	3.541	1.475	1436	3.307	1.413	1992	4.340	2.188	2000	8.525	2.840	2000	10.235	3.168	2000	10.745	3.334	2000	10.795	3.378	2000	
3.950	1.747	1251	3.947	1.740	1251	3.706	1.670	1430	3.268	1.360	1989	4.551	2.212	2000	9.482	2.924	2000	11.504	3.250	2000	12.092	3.392	2000	12.161	3.443	2000	
4.336	2.212	1226	4.330	2.210	1226	3.968	1.930	1400	3.316	1.330	1984	4.593	2.115	2000	10.165	3.141	2000	12.484	3.477	2000	13.127	3.625	2000	13.209	3.671	2000	
4.258	2.072	1247	4.253	2.063	1247	3.903	1.743	1435	3.335	1.279	1991	4.670	2.084	2000	10.338	3.108	2000	12.861	3.517	2000	13.515	3.656	2000	13.602	3.704	2000	
4.690	2.325	1225	4.684	2.322	1225	4.212	2.058	1386	3.511	1.451	1988	4.879	2.048	2000	11.158	3.123	2000	14.210	3.673	2000	14.974	3.805	2000	15.085	3.852	2000	
4.055	1.871	1245	4.050	1.868	1245	3.777	1.644	1419	3.339	1.397	1990	4.594	2.183	2000	9.861	3.083	2000	12.116	3.366	2000	12.757	3.529	2000	12.833	3.575	2000	
3.790	1.726	1265	3.783	1.714	1265	3.531	1.546	1424	3.257	1.357	1987	4.357	2.143	2000	8.791	2.943	2000	10.611	3.190	2000	11.139	3.330	2000	11.194	3.375	2000	
3.383	1.272	1295	3.381	1.270	1295	3.298	1.219	1451	3.410	1.524	1992	4.112	2.115	2000	7.141	2.666	2000	8.295	2.802	2000	8.661	2.955	2000	8.685	2.986	2000	
3.022	1.059	1252	3.021	1.059	1252	3.069	1.093	1446	3.492	1.447	1986	3.730	1.781	1996	5.079	2.057	1996	5.679	2.236	1996	5.850	2.370	1996	5.854	2.377	1996	
1.941	0.777	1782	1.940	0.776	1782	2.029	0.870	1782	2.305	1.107	1782	2.275	1.109	1784	2.496	1.291	1784	2.568	1.361	1784	2.583	1.392	1784	2.584	1.392	1784	
2.516	0.829	1986	2.514	0.828	1986	2.619	0.963	1986	3.175	1.372	1986	3.352	1.636	1987	4.376	1.921	1987	4.825	2.107	1987	4.953	2.229	1987	4.955	2.234	1987	
2.845	1.008	1994	2.843	1.008	1994	2.849	1.066	1994	3.201	1.447	1994	3.907	2.020	2000	6.477	2.456	2000	7.501	2.623	2000	7.830	2.792	2000	7.849	2.818	2000	
3.329	1.283	1999	3.323	1.276	1999	3.088	1.119	1999	3.103	1.374	1999	4.186	2.011	2000	8.816	2.834	2000	10.627	3.049	2000	11.162	3.208	2000	11.222	3.252	2000	
3.989	1.665	1995	3.985	1.664	1995	3.585	1.423	1995	3.254	1.326	1995	4.754	2.089	2000	10.652	3.010	2000	13.473	3.531	2000	14.202	3.720	2000	14.304	3.764	2000	
4.550	2.059	1993	4.540	2.057	1993	4.056	1.756	1993	3.583	1.643	1993	5.150	2.077	2000	11.813	3.091	2000	15.415	3.814	2000	16.258	4.009	2000	16.385	4.047	2000	
4.916	2.259	1984	4.903	2.249	1984	4.348	1.957	1984	3.770	1.691	1984	5.474	2.272	2000	12.565	3.084	2000	16.612	3.910	2000	17.561	4.098	2000	17.699	4.139	2000	
5.229	2.518	1986	5.216	2.510	1986	4.591	2.212	1986	3.930	1.790	1986	5.701	2.294	2000	13.086	3.161	2000	17.296	4.037	2000	18.297	4.270	2000	18.444	4.307	2000	
5.231	2.336	1983	5.220	2.334	1983	4.616	2.106	1983	3.961	1.828	1983	5.757	2.267	2000	13.141	3.162	2000	17.491	3.988	2000	18.521	4.206	2000	18.670	4.241	2000	
4.917	2.099	1989	4.906	2.091	1989	4.326	1.758	1989	3.763	1.568	1989	5.531	2.184	2000	12.826	3.135	2000	16.940	3.913	2000	17.911	4.101	2000	18.054	4.136	2000	
4.834	2.103	1992	4.823	2.096	1992	4.283	1.813	1992	3.718	1.592	1992	5.450	2.268	2000	12.572	3.231	2000	16.518	4.026	2000	17.462	4.253	2000	17.602	4.293	2000	
4.464	2.002	1992	4.452	1.992	1992	3.939	1.752	1992	3.519	1.600	1992	5.099	2.191	2000	11.639	3.177	2000	15.064	3.784	2000	15.893	3.962	2000	16.013	4.003	2000	
3.926	1.570	1995	3.916	1.561	1995	3.509	1.334	1995	3.256	1.343	1995	4.684	2.121	2000	10.405	3.017	2000	13.122	3.512	2000	13.834	3.649	2000	13.929	3.691	2000	
2.914	0.977	1996	2.911	0.974	1996	2.850	0.962	1996	3.185	1.426	1996	3.935	2.034	1999	6.890	2.549	1999	8.073	2.705	1999	8.427	2.830	1999	8.453	2.861	1999	
3.853	1.437	1491	3.850	1.434	1491	3.885	1.503	1558	4.367	1.976	1995	4.559	2.196	1998	6.441	2.344	1998	7.448	2.557	1998	7.716	2.753	1998	7.719	2.761	1998	
4.612	1.857	1493	4.607	1.853	1493	4.335	1.638	1552	4.194	1.828	1994	5.289	2.630	2000	9.920	3.161	2000	12.177	3.225	2000	12.868	3.469	2000	12.922	3.520	2000	
5.693	2.648	1445	5.683	2.650	1445	5.079	2.134	1518	4.252	1.438	1995	6.060	2.489	2000	13.335	3.437	2000	17.083	3.825	2000	18.168	4.084	2000	18.304	4.144	2000	
6.770	3.547	1455	6.752	3.531	1455	6.000	2.970	1518	4.721	1.735	1989	6.822	2.492	2000	15.539	3.655	2000	20.414	4.306	2000	21.741	4.553	2000	21.928	4.608	2000	
7.387	3.864	1386	7.374	3.858	1386	6.541	3.341	1459	5.147	2.086	1990	7.432	2.750	2000	16.917	3.805	2000	22.488	4.497	2000	23.964	4.750	2000	24.173	4.801	2000	
7.552	3.832	1445	7.536	3.821	1445	6.674	3.256	1504	5.279	2.155	1990	7.747	2.850	2000	17.513	3.817	2000	23.388	4.659	2000	24.968	4.967	2000	25.188	5.016	2000	
7.691	4.239	1414	7.672	4.207	1414	6.775	3.559	1483	5.290	2.165	1987	7.752	2.825	2000	17.684	3.905	2000	23.615	4.751	2000	25.173	5.049	2000	25.397	5.099	2000	
7.488	4.087	1388	7.477	4.077	1388	6.623	3.518	1456	5.231	1.976	1981	7.676	2.924	2000	17.374	3.917	2000	23.183	4.704	2000	24.725	4.992	2000	24.944	5.042	2000	
7.163	3.818	1384	7.152	3.809	1384	6.373	3.161	1465	5.107	2.045	1986	7.363	2.778	2000	16.704	3.891	2000	22.183	4.607	2000	23.630	4.892	2000	23.835	4.944	2000	
6.995	3.572	1413	6.983	3.571	1413	6.224	3.062	1480	4.834	1.839	1989	6.997	2.673	2000	15.808	3.822	2000	20.787	4.445	2000	22.136	4.686	2000	22.323	4.737	2000	
6.170	3.208	1454	6.163	3.206	1454	5.533	2.786	1526	4.448	1.628	1993	6.372	2.499	2000	14.328	3.735	2000	18.631	4.210	2000	19.803	4.418	2000	19.962	4.472	2000	
5.278	2.457	1497	5.267	2.445	1497	4.851	2.109	1570	4.178	1.553	1999	5.793	2.598	2000	12.222	3.400	2000	15.486	3.725	2000	16.435	3.940	2000	16.540	3.999	2000	
4.215	1.601	1507	4.213	1.599	1507	4.126	1.623	1564	4.322	1.982	1995	4.924	2.486	2000	8.313	2.836	2000	9.962	2.972	2000	10.452	3.191	2000	10.474	3.220	2000	
3.738	0.491	2000	3.736	0.486	2000	3.677	0.376	2000	3.657	0.325	2000	4.002	0.881	2000	7.805	2.397	2000	10.370	2.956	2000	10.955	3.237	2000	10.982	3.275	2000	
5.588	1.446	2000	5.578	1.441	2000	4.890	1.135	2000	4.275	0.814	2000	6.569	2.213	2000	14.869	3.388	2000	20.053	4.093	2000	21.566	4.427	2000	21.762	4.489	2000	
7.271	1.836	2000	7.251	1.823	2000	6.284	1.473	2000	5.226	1.292	2000	8.487	2.907	2000	19.418	3.937	2000	26.367	4.757	2000	28.364	5.163	2000	28.639	5.228	2000	
8.196	1.971	2000	8.175	1.959	2000	7.106	1.638	2000	5.888	1.471	2000	9.554	3.268	2000	21.849	4.161	2000	29.645	4.990	2000	31.896	5.405	2000	32.208	5.462	2000	
8.627	2.094	2000	8.605	2.078	2000	7.483	1.739	2000	6.187	1.505	2000	10.069	3.435	2000	23.009	4.418	2000	31.239	5.284	2000	33.612	5.714	2000	33.942	5.779	2000	
8.657	2.070	2000	8.637	2.063	2000	7.493	1.743	2000	6.173	1.533	2000	10.104	3.451	2000	23.064	4.517	2000	31.375	5.357	2000	33.782	5.800	2000	34.115	5.860	2000	
8.558	2.048	2000	8.535	2.040	2000	7.425	1.681	2000	6.119	1.510	2000	9.968	3.431	2000	22.818	4.445	2000	30.991	5.386	2000	33.368	5.819	2000	33.692	5.875	2000	
8.233	2.009	2000	8.211	1.999	2000	7.144	1.651	2000	5.901	1.446	2000	9.638	3.353	2000	21.964	4.394	2000	29.844	5.241	2000	32.096	5.600	2000	32.410	5.655	2000	
7.670	1.924	2000	7.652	1.922	2000	6.634	1.564	2000	5.506	1.389	2000	8.956	3.148	2000	20.485	4.272	2000	27.801	5.105	2000	29.886	5.450	2000	30.178	5.503	2000	
6.970	1.782	2000	6.954	1.778	2000	6.017	1.445	2000	5.050	1.263	2000	8.175	2.931	2000	18.616	3.981	2000	25.257	4.783	2000	27.159	5.086	2000	27.423	5.140	2000	
5.971	1.537	2000	5.958	1.528	2000	5.195	1.238	2000	4.490	0.961	2000	7.038	2.463	2000	15.976	3.675	2000	21.605	4.406	2000	23.198	4.651	2000	23.414	4.709	2000	
4.758	1.179	2000	4.750	1.175	2000	4.256	0.840	2000	3.978	0.567	2000	5.568	1.865	2000	12.415	3.286	2000	16.687	3.877	2000	17.880	4.123	2000	18.015	4.185	2000	
6.075	2.236	1736	6.066	2.226	1736	5.666	1.711	1789	5.376	1.755	2000	6.633	2.668	2000	12.960	3.320	2000	17.204	3.791	2000	18.511	4.175	2000	18.614	4.254	2000	
10.741	4.939	1720	10.717	4.920	1720	9.381	4.374	1787	7.178	2.240	2000	10.941	3.696	2000	24.676	4.570	2000	33.347	5.336	2000	35.999	5.835	2000	36.369	5.916	2000	
12.247	5.771	1667	12.213	5.759	1667	10.650	4.956	1741	8.085	2.661	2000	12.505	4.197	2000	28.308	4.828	2000	38.330	5.568	2000	41.371	6.068	2000	41.792	6.144	2000	
12.968	6.161	1678	12.942	6.151	1678	11.406	5.736	1743	8.508	2.643	1998	13.317	4.560	2000	30.080	5.057	2000	40.760	5.919	2000	43.977	6.436	2000	44.425	6.508	2000	
13.285	6.375	1686	13.253	6.350	1686	11.516	5.655	1738	8.767	3.055	1998	13.578	4.649	2000	30.639	5.209	2000	41.504	6.111	2000	44.791	6.611	2000	45.248	6.687	2000	
12.893	6.221	1675	12.868	6.221	1675	11.297	5.668	1737	8.558	2.812	1999	13.318	4.534	2000	30.076	5.328	2000	40.708	6.100	2000	43.919	6.613	2000	44.368	6.680	2000	
12.368	6.052	1681	12.343	6.052	1681	10.749	5.255	1746	8.224	2.468	2000	12.772	4.330	2000	28.809	4.945	2000	39.079	5.756	2000	42.158	6.198	2000	42.590	6.257	2000	
11.654	5.730	1665	11.633	5.720	1665	10.124	4.840	1730	7.809	2.514	2000	12.041	4.106	2000	27.129	4.904	2000	36.709	5.822	2000	39.611	6.281	2000	40.016	6.345	2000	
10.525	5.227	1702	10.501	5.223	1702	9.277	4.448	1768	7.023	2.147	2000	10.927	3.770	2000	24.705	4.745	2000	33.416	5.540	2000	36.052	5.948	2000	36.418	6.008	2000	
9.237	4.140	1723	9.220	4.135	1723	8.125	3.589	1784	6.391	1.669	1999	9.733	3.400	2000	21.765	4.438	2000	29.258	5.226	2000	31.561	5.576	2000	31.878	5.642	2000	
7.795	3.348	1716	7.777	3.338	1716	6.959	2.707	1788	5.699	1.365	2000	8.137	2.886	2000	17.947	4.039	2000	24.030	4.649	2000	25.938	4.969	2000	26.174	5.045	2000	
11.033	6.200	1282	11.009	6.190	1282	10.030	5.727	1531	8.438	3.979	1994	12.512	4.505	2000	28.166	4.918	2000	38.244	5.595	2000	41.300	6.158	2000	41.712	6.240	2000	
13.062	6.979	1203	13.031	6.965	1203	12.316	6.786	1457	11.023	5.225	1975	16.272	6.083	2000	36.128	5.979	2000	48.926	6.280	2000	52.822	6.866	2000	53.341	6.947	2000	
13.400	7.348	1159	13.382	7.343	1159	12.832	7.426	1433	11.802	6.054	1970	17.359	6.453	2000	38.634	6.246	2000	52.288	6.661	2000	56.436	7.210	2000	56.995	7.294	2000	
13.216	7.019	1172	13.183	7.010	1172	12.647	6.988	1447	12.054	6.089	1972	17.587	6.430	2000	39.254	6.381	2000	53.050	6.679	2000	57.267	7.117	2000	57.834	7.204	2000	
13.580	7.556	1165	13.541	7.537	1165	12.616	7.144	1432	11.871	6.243	1976	17.414	6.475	2000	38.562	6.318	2000	52.263	6.719	2000	56.410	7.238	2000	56.960	7.314	2000	
13.481	7.364	1198	13.453	7.354	1198	12.547	6.930	1479	11.571	5.898	1978	16.620	6.281	2000	36.980	6.220	2000	50.111	6.520	2000	54.100	6.995	2000	54.629	7.061	2000	
12.733	7.049	1178	12.709	7.056	1178	11.862	6.619	1474	10.303	4.784	1972	15.499	5.749	2000	34.587	5.888	2000	46.867	6.435	2000	50.620	6.915	2000	51.116	6.984	2000	
11.886	6.973	1270	11.873	6.973	1270	10.950	6.389	1500	9.552	4.587	1990	14.123	5.188	2000	31.518	5.519	2000	42.785	6.220	2000	46.186	6.682	2000	46.645	6.756	2000	
10.838	5.930	1337	10.820	5.928	1337	9.951	5.524	1589	8.428	4.109	1989	12.452	4.633	2000	28.019	5.294	2000	37.940	5.961	2000	40.959	6.371	2000	41.363	6.434	2000	
9.428	5.151	1383	9.411	5.144	1383	8.605	4.837	1631	6.968	3.086	1998	10.506	4.069	2000	23.527	4.671	2000	31.893	5.433	2000	34.419	5.801	2000	34.762	5.858	2000	
7.745	4.319	1501	7.729	4.314	1501	6.916	3.739	1718	5.297	2.216	1997	8.006	3.038	2000	18.022	3.910	2000	24.345	4.665	2000	26.266	4.991	2000	26.532	5.045	2000	
13.297	7.564	940	13.267	7.547	940	14.571	8.177	1469	13.854	7.210	1981	20.474	7.731	2000	45.810	7.103	2000	62.199	7.266	2000	67.126	7.845	2000	67.786	7.936	2000	
13.779	7.805	894	13.744	7.793	894	15.158	8.476	1436	14.778	7.431	1966	21.832	8.218	2000	48.676	7.760	2000	65.809	7.405	2000	71.043	8.007	2000	71.723	8.112	2000	
14.205	7.724	897	14.180	7.716	897	15.395	8.560	1406	15.270	7.988	1977	22.015	8.478	2000	49.114	7.949	2000	66.407	7.527	2000	71.711	8.037	2000	72.403	8.124	2000	
13.978	7.495	855	13.955	7.491	855	15.212	8.402	1405	15.334	7.977	1971	21.896	8.303	2000	48.502	7.745	2000	65.500	7.526	2000	70.647	7.925	2000	71.321	7.979	2000	
13.674	7.674	911	13.646	7.655	911	14.665	8.032	1460	14.194	7.250	1976	20.841	7.897	2000	46.420	7.590	2000	62.649	7.567	2000	67.608	7.997	2000	68.269	8.064	2000	
12.619	7.258	926	12.596	7.238	926	13.866	7.952	1477	13.205	6.769	1983	19.273	7.045	2000	42.925	6.951	2000	58.274	7.141	2000	62.966	7.663	2000	63.584	7.737	2000	
12.652	7.032	1030	12.611	7.011	1030	13.030	7.179	1556	11.992	5.967	1989	17.498	6.553	2000	39.067	6.526	2000	52.940	6.865	2000	57.156	7.390	2000	57.717	7.454	2000	
11.909	6.417	1067	11.889	6.407	1067	11.870	6.721	1591	10.374	4.788	1990	15.410	5.639	2000	34.599	6.075	2000	46.843	6.485	2000	50.554	6.934	2000	51.053	6.994	2000	
10.604	5.665	1086	10.579	5.653	1086	10.421	5.668	1640	8.848	4.075	1993	13.171	4.901	2000	29.651	5.453	2000	40.147	6.002	2000	43.334	6.402	2000	43.763	6.462	2000	
9.136	5.487	1196	9.107	5.466	1196	8.725	4.913	1689	7.016	3.372	2000	10.360	3.961	2000	23.419	4.691	2000	31.751	5.403	2000	34.283	5.787	2000	34.625	5.843	2000	
10.738	5.870	237	10.706	5.863	237	12.473	7.099	1133	13.098	7.241	1901	19.572	7.927	2000	42.924	7.381	2000	57.681	6.886	2000	62.262	7.444	2000	62.836	7.537	2000	
12.083	6.886	225	12.083	6.886	225	14.117	7.762	1056	15.931	8.801	1872	23.423	9.812	1999	50.711	8.745	2000	68.423	7.597	2000	73.810	7.959	2000	74.480	8.034	2000	
12.656	7.058	243	12.656	7.058	243	14.854	8.427	1051	17.033	9.488	1864	25.714	11.035	1999	55.276	9.694	2000	74.465	8.044	2000	80.256	8.178	2000	80.969	8.240	2000	
11.592	6.177	195	11.566	6.175	195	15.221	8.257	936	18.136	9.830	1836	27.605	11.910	1998	59.482	10.561	2000	79.926	8.641	2000	86.076	8.763	2000	86.767	8.737	2000	
12.310	7.054	194	12.252	7.039	194	15.388	8.504	958	18.746	10.089	1841	28.633	12.344	2000	61.440	11.034	2000	82.386	8.898	2000	88.669	8.744	2000	89.360	8.706	2000	
12.199	6.500	205	12.169	6.493	205	15.214	8.463	966	18.516	10.155	1829	28.194	12.180	1998	61.580	10.980	2000	82.748	9.153	2000	89.039	8.823	2000	89.755	8.834	2000	
13.501	7.206	185	13.444	7.157	185	15.080	8.453	935	18.232	9.831	1833	27.926	11.747	1999	60.156	10.713	2000	80.757	9.135	2000	86.999	8.896	2000	87.682	8.841	2000	
12.495	7.173	172	12.495	7.173	172	14.595	7.943	941	17.845	10.005	1841	26.140	11.110	1999	57.342	10.247	2000	77.266	8.839	2000	83.166	8.603	2000	83.846	8.594	2000	
11.720	6.305	203	11.678	6.266	203	14.347	8.439	1010	16.592	9.264	1868	24.364	10.442	2000	52.868	9.100	2000	71.430	8.237	2000	77.083	8.314	2000	77.721	8.309	2000	
11.469	6.308	203	11.444	6.295	203	13.504	7.610	1047	14.699	8.432	1880	21.826	9.060	2000	47.990	8.726	2000	64.547	7.821	2000	69.526	8.051	2000	70.150	8.077	2000	
11.514	6.129	227	11.494	6.112	227	12.378	7.264	1093	13.070	7.272	1924	19.074	7.801	2000	41.714	7.561	2000	56.425	7.234	2000	60.866	7.483	2000	61.421	7.523	2000	
10.698	5.774	242	10.690	5.778	242	11.256	6.276	1238	11.179	6.249	1951	16.196	6.689	2000	35.685	6.587	2000	48.314	6.741	2000	52.126	7.068	2000	52.607	7.125	2000	
9.690	5.249	317	9.681	5.258	317	9.917	5.384	1283	9.113	4.992	1960	13.184	5.099	1999	29.357	5.633	2000	39.783	5.960	2000	42.942	6.378	2000	43.332	6.430	2000	
8.953	5.742	11	9.400	6.145	123	11.969	6.768	801	16.112	8.994	1737	26.338	12.302	1999	55.779	10.846	2000	74.177	8.717	2000	79.819	8.426	2000	80.383	8.353	2000	
10.565	6.346	14	10.393	6.112	129	13.078	7.778	748	17.375	9.578	1669	28.515	12.773	1996	60.708	12.302	2000	80.832	9.954	2000	87.011	8.583	2000	87.639	8.566	2000	
7.300	4.904	20	9.463	5.686	126	13.025	7.515	767	18.118	9.777	1688	30.308	13.635	1996	64.206	12.604	2000	85.594	9.943	2000	92.275	8.992	2000	92.969	8.791	2000	
9.266	4.617	14	10.453	5.799	108	13.128	8.066	764	18.819	10.818	1657	32.109	14.350	1998	67.103	12.769	2000	89.366	10.346	2000	96.033	9.206	2000	96.729	9.016	2000	
8.279	3.054	7	9.265	5.372	110	13.313	7.646	725	18.963	10.650	1637	32.205	13.961	1992	67.861	12.868	2000	90.853	10.393	2000	97.516	9.253	2000	98.253	9.128	2000	
9.281	3.928	6	9.654	5.099	132	12.672	7.236	749	18.643	10.188	1663	31.806	13.730	1995	67.164	12.847	2000	89.841	10.470	2000	96.470	9.320	2000	97.285	9.175	2000	
10.940	7.050	3	10.577	6.878	115	13.319	7.950	740	19.204	10.940	1633	31.038	13.722	1993	65.603	12.559	2000	87.447	10.412	2000	94.000	9.201	2000	94.688	9.066	2000	
9.232	4.882	12	9.982	5.592	120	12.637	7.549	774	17.417	9.824	1702	29.166	13.180	1999	61.521	12.137	2000	82.540	10.029	2000	88.768	9.121	2000	89.352	9.054	2000	
8.140	3.836	18	9.612	5.587	147	12.349	7.711	816	16.301	9.238	1732	26.432	11.955	1999	56.282	11.567	2000	75.225	9.220	2000	80.957	8.654	2000	81.526	8.555	2000	
9.481	6.135	14	9.375	5.412	171	11.341	6.667	905	13.911	7.959	1805	21.622	9.892	1997	46.211	9.057	2000	62.138	7.942	2000	66.956	7.916	2000	67.476	7.886	2000	
8.742	3.699	10	8.498	5.075	164	10.587	6.112	963	12.320	6.863	1853	19.071	8.821	2000	40.887	7.913	2000	55.280	7.440	2000	59.447	7.464	2000	59.955	7.462	2000	
6.261	2.879	21	7.829	4.273	176	9.490	5.721	1026	11.082	6.277	1868	16.695	7.417	1998	35.712	6.939	2000	48.065	6.788	2000	51.836	6.980	2000	52.285	6.977	2000	
7.822	4.815	24	7.277	3.799	192	8.618	4.927	1157	8.649	5.077	1932	12.568	5.409	1999	27.526	5.607	2000	37.188	5.850	2000	40.156	6.209	2000	40.520	6.260	2000	
12.921	4.168	2000	12.894	4.157	2000	11.232	3.524	2000	9.276	2.990	2000	14.934	5.791	2000	32.851	6.040	2000	44.602	6.093	2000	47.898	6.736	2000	48.228	6.797	2000	
15.728	5.318	1999	15.692	5.308	1999	13.682	4.759	1999	11.341	4.166	1999	18.171	7.299	2000	39.719	7.028	2000	53.420	6.816	2000	57.714	7.242	2000	58.159	7.338	2000	
16.355	5.326	2000	16.320	5.314	2000	14.159	4.424	2000	11.722	3.716	2000	18.995	7.644	2000	42.016	7.463	2000	56.617	7.038	2000	61.153	7.456	2000	61.633	7.543	2000	
21.217	7.149	1996	21.163	7.113	1996	18.441	6.264	1996	15.284	5.347	1996	24.597	9.846	1998	53.664	9.219	2000	72.536	8.066	2000	78.255	8.373	2000	78.949	8.488	2000	
25.126	9.312	1997	25.063	9.258	1997	21.788	8.120	1997	18.024	6.888	1997	29.019	12.021	1998	62.300	10.562	2000	83.691	8.770	2000	90.060	8.805	2000	90.842	8.828	2000	
26.313	9.606	1995	26.247	9.581	1995	22.804	8.361	1995	18.854	7.046	1995	30.330	12.574	1997	65.909	11.590	2000	88.518	9.115	2000	95.392	9.206	2000	96.225	9.261	2000	
27.217	9.566	1997	27.145	9.495	1997	23.585	8.211	1997	19.496	6.929	1997	31.550	12.951	1999	68.386	11.767	2000	91.535	9.082	2000	98.857	9.122	2000	99.691	9.110	2000	
27.573	9.855	1998	27.505	9.816	1998	23.920	8.592	1998	19.841	7.454	1998	31.822	13.055	1999	70.062	12.119	2000	94.000	9.498	2000	101.282	9.361	2000	102.113	9.352	2000	
28.619	10.638	1998	28.549	10.606	1998	24.853	9.322	1998	20.574	8.124	1998	32.856	13.753	1999	70.439	11.722	2000	94.757	9.508	2000	101.903	9.282	2000	102.764	9.268	2000	
28.121	10.212	1997	28.050	10.165	1997	24.398	8.983	1997	20.270	7.858	1997	32.397	13.382	1999	69.514	12.001	2000	93.752	9.602	2000	100.955	8.985	2000	101.780	8.981	2000	
26.988	9.930	1996	26.914	9.889	1996	23.420	8.636	1996	19.397	7.515	1996	31.155	12.877	1999	67.450	11.743	2000	90.409	9.252	2000	97.337	9.204	2000	98.074	9.184	2000	
25.153	8.720	1999	25.098	8.706	1999	21.844	7.597	1999	18.040	6.401	1999	29.235	11.830	1999	62.888	10.411	2000	84.582	9.100	2000	91.177	9.061	2000	91.970	9.099	2000	
22.090	7.734	2000	22.041	7.705	2000	19.113	6.488	2000	15.780	5.574	2000	25.570	10.731	2000	55.215	9.181	2000	74.139	8.141	2000	79.945	8.357	2000	80.639	8.447	2000	
15.359	4.886	1999	15.324	4.876	1999	13.278	4.021	1999	10.986	3.456	1999	17.770	6.989	1999	39.158	6.357	2000	52.983	6.710	2000	57.275	7.269	2000	57.706	7.333	2000	
11.281	3.310	2000	11.252	3.300	2000	9.800	2.886	2000	8.127	2.486	2000	13.120	4.964	2000	29.212	5.365	2000	39.932	5.781	2000	42.707	6.348	2000	42.999	6.372	2000	
9.491	2.748	2000	9.468	2.739	2000	8.211	2.348	2000	6.818	2.021	2000	11.055	4.255	2000	24.585	4.817	2000	33.912	5.497	2000	35.817	5.958	2000	36.063	5.989	2000	
16.018	3.748	2000	15.982	3.727	2000	13.894	3.057	2000	11.505	2.687	2000	18.703	6.388	2000	42.270	7.175	2000	56.943	6.860	2000	61.399	7.366	2000	61.906	7.448	2000	
18.831	4.320	2000	18.794	4.303	2000	16.315	3.484	2000	13.508	3.103	2000	21.998	7.454	2000	49.738	8.255	2000	67.023	7.626	2000	72.280	8.022	2000	72.905	8.131	2000	
20.491	4.573	2000	20.441	4.552	2000	17.754	3.741	2000	14.690	3.338	2000	23.942	7.975	2000	54.353	8.888	2000	73.028	7.961	2000	78.800	8.383	2000	79.503	8.489	2000	
21.732	4.943	2000	21.685	4.928	2000	18.818	3.949	2000	15.549	3.520	2000	25.389	8.592	2000	57.415	9.337	2000	77.283	8.161	2000	83.281	8.539	2000	84.033	8.680	2000	
23.785	5.460	2000	23.728	5.428	2000	20.585	4.335	2000	17.038	3.845	2000	27.766	9.350	2000	62.871	10.091	2000	84.247	8.401	2000	90.711	8.751	2000	91.546	8.875	2000	
25.036	5.603	2000	24.974	5.567	2000	21.662	4.521	2000	17.931	3.954	2000	29.185	9.557	2000	66.440	10.641	2000	88.950	8.782	2000	95.767	9.051	2000	96.663	9.154	2000	
26.139	5.915	2000	26.073	5.862	2000	22.657	4.817	2000	18.714	4.151	2000	30.522	10.170	2000	69.138	10.972	2000	92.911	8.991	2000	100.145	9.317	2000	101.037	9.360	2000	
26.933	6.089	2000	26.868	6.043	2000	23.335	4.842	2000	19.303	4.302	2000	31.338	10.213	2000	71.278	11.396	2000	95.454	9.002	2000	102.786	9.301	2000	103.714	9.410	2000	
27.131	6.058	2000	27.069	6.019	2000	23.479	4.798	2000	19.423	4.222	2000	31.602	10.374	2000	71.825	11.211	2000	96.471	8.760	2000	103.863	9.069	2000	104.829	9.147	2000	
27.015	5.945	2000	26.952	5.917	2000	23.412	4.776	2000	19.390	4.244	2000	31.502	10.182	2000	71.559	11.039	2000	96.413	9.078	2000	103.985	9.256	2000	104.903	9.343	2000	
26.815	5.891	2000	26.751	5.851	2000	23.220	4.678	2000	19.218	4.224	2000	31.280	10.333	2000	70.794	10.623	2000	95.076	9.111	2000	102.390	9.473	2000	103.284	9.517	2000	
25.757	5.709	2000	25.696	5.668	2000	22.272	4.469	2000	18.451	4.016	2000	29.997	9.740	2000	68.033	10.274	2000	91.477	8.790	2000	98.565	9.160	2000	99.457	9.222	2000	
24.067	5.205	2000	24.009	5.178	2000	20.851	4.257	2000	17.246	3.794	2000	28.088	9.275	2000	63.697	9.607	2000	85.614	8.690	2000	92.251	9.014	2000	93.084	9.070	2000	
21.207	4.764	2000	21.160	4.731	2000	18.355	3.810	2000	15.215	3.393	2000	24.752	8.189	2000	56.074	8.668	2000	75.376	7.796	2000	81.366	8.391	2000	82.091	8.490	2000	
12.431	2.930	2000	12.400	2.918	2000	10.767	2.358	2000	8.910	2.120	2000	14.502	4.902	2000	32.827	5.712	2000	44.660	5.963	2000	47.657	6.626	2000	47.983	6.691	2000	
15.814	3.565	2000	15.775	3.552	2000	13.718	2.937	2000	11.323	2.573	2000	18.485	6.233	2000	41.880	6.831	2000	56.364	7.049	2000	60.623	7.436	2000	61.066	7.517	2000	
19.605	4.333	2000	19.554	4.305	2000	16.996	3.509	2000	14.049	3.092	2000	22.922	7.651	2000	51.893	8.316	2000	69.744	8.014	2000	75.073	8.152	2000	75.696	8.245	2000	
21.331	4.666	2000	21.284	4.642	2000	18.497	3.747	2000	15.279	3.318	2000	24.927	8.257	2000	56.505	8.899	2000	76.031	8.349	2000	81.787	8.570	2000	82.462	8.644	2000	
22.910	4.986	2000	22.858	4.959	2000	19.837	3.967	2000	16.388	3.509	2000	26.722	8.807	2000	60.546	9.296	2000	81.348	8.922	2000	87.403	8.763	2000	88.139	8.837	2000	
24.185	5.277	2000	24.125	5.238	2000	20.945	4.160	2000	17.329	3.717	2000	28.244	9.332	2000	63.984	9.668	2000	86.147	9.064	2000	92.427	8.938	2000	93.198	9.018	2000	
25.327	5.458	2000	25.268	5.432	2000	21.939	4.321	2000	18.136	3.813	2000	29.518	9.550	2000	66.913	9.737	2000	90.055	9.040	2000	96.703	8.878	2000	97.537	8.955	2000	
26.159	5.614	2000	26.098	5.578	2000	22.659	4.456	2000	18.736	3.989	2000	30.443	9.865	2000	69.039	10.194	2000	92.834	9.292	2000	99.850	9.203	2000	100.690	9.182	2000	
26.523	5.600	2000	26.461	5.567	2000	22.971	4.393	2000	18.979	3.931	2000	30.940	9.914	2000	70.209	10.279	2000	94.440	9.227	2000	101.618	9.240	2000	102.428	9.264	2000	
26.808	5.738	2000	26.748	5.693	2000	23.209	4.591	2000	19.166	3.993	2000	31.268	10.155	2000	70.703	10.274	2000	95.231	9.501	2000	102.320	9.350	2000	103.156	9.435	2000	
26.611	5.728	2000	26.544	5.683	2000	23.040	4.434	2000	19.071	3.929	2000	30.956	9.778	2000	70.294	10.105	2000	94.533	9.448	2000	101.535	9.274	2000	102.359	9.279	2000	
25.921	5.607	2000	25.858	5.567	2000	22.445	4.385	2000	18.556	3.870	2000	30.209	9.676	2000	68.472	9.627	2000	92.282	9.219	2000	99.202	9.315	2000	100.054	9.311	2000	
24.967	5.259	2000	24.906	5.209	2000	21.609	4.152	2000	17.906	3.745	2000	29.109	9.289	2000	65.982	9.137	2000	88.853	9.190	2000	95.655	9.200	2000	96.452	9.226	2000	
23.434	4.936	2000	23.374	4.902	2000	20.292	3.935	2000	16.806	3.508	2000	27.319	8.712	2000	62.047	8.837	2000	83.566	8.910	2000	89.839	8.994	2000	90.579	9.069	2000	
20.917	4.464	2000	20.869	4.436	2000	18.085	3.546	2000	14.974	3.135	2000	24.337	7.839	2000	55.228	7.919	2000	74.530	8.084	2000	80.236	8.399	2000	80.898	8.476	2000	
16.198	3.541	2000	16.157	3.516	2000	14.028	2.793	2000	11.612	2.518	2000	18.924	6.241	2000	42.893	6.488	2000	57.847	6.964	2000	62.309	7.462	2000	62.784	7.563	2000	
10.840	2.589	2000	10.814	2.583	2000	9.380	2.128	2000	7.772	1.884	2000	12.682	4.366	2000	28.736	5.157	2000	39.451	5.540	2000	41.949	6.127	2000	42.179	6.179	2000	
14.725	3.303	2000	14.695	3.289	2000	12.786	2.688	2000	10.525	2.385	2000	17.234	5.773	2000	39.063	6.320	2000	52.839	6.600	2000	56.904	6.998	2000	57.282	7.085	2000	
17.518	3.861	2000	17.477	3.843	2000	15.158	3.057	2000	12.554	2.754	2000	20.464	6.827	2000	46.434	7.323	2000	62.690	7.415	2000	67.542	7.717	2000	68.061	7.828	2000	
19.774	4.201	2000	19.724	4.180	2000	17.123	3.361	2000	14.166	2.958	2000	23.130	7.612	2000	52.505	8.083	2000	71.004	8.090	2000	76.325	8.175	2000	76.949	8.254	2000	
21.409	4.574	2000	21.357	4.546	2000	18.533	3.676	2000	15.303	3.219	2000	24.984	8.237	2000	56.691	8.526	2000	76.585	8.497	2000	82.364	8.512	2000	83.041	8.599	2000	
22.552	4.793	2000	22.500	4.772	2000	19.544	3.798	2000	16.135	3.331	2000	26.382	8.644	2000	59.920	8.670	2000	81.260	8.904	2000	87.246	8.742	2000	87.960	8.780	2000	
23.635	4.945	2000	23.581	4.912	2000	20.444	3.955	2000	16.893	3.434	2000	27.540	8.849	2000	62.529	8.945	2000	84.742	8.956	2000	90.999	8.859	2000	91.777	8.874	2000	
24.269	5.078	2000	24.209	5.053	2000	21.010	4.033	2000	17.372	3.551	2000	28.333	9.075	2000	64.308	9.005	2000	87.106	9.213	2000	93.571	8.993	2000	94.342	8.996	2000	
24.657	5.202	2000	24.599	5.167	2000	21.363	4.078	2000	17.672	3.602	2000	28.762	9.202	2000	65.396	9.127	2000	88.550	9.293	2000	95.016	9.033	2000	95.847	9.091	2000	
24.544	5.103	2000	24.482	5.056	2000	21.259	4.013	2000	17.576	3.539	2000	28.647	9.132	2000	65.073	9.011	2000	88.194	9.114	2000	94.790	8.883	2000	95.611	8.944	2000	
24.324	5.096	2000	24.262	5.049	2000	21.058	3.896	2000	17.430	3.628	2000	28.384	9.066	2000	64.552	8.927	2000	87.672	9.032	2000	93.990	8.935	2000	94.734	8.918	2000	
23.761	4.993	2000	23.704	4.960	2000	20.555	3.855	2000	16.984	3.543	2000	27.722	8.842	2000	62.911	8.668	2000	85.332	9.164	2000	91.725	8.983	2000	92.538	9.058	2000	
22.807	4.734	2000	22.753	4.694	2000	19.769	3.705	2000	16.365	3.393	2000	26.603	8.422	2000	60.552	8.303	2000	82.068	8.587	2000	88.168	8.777	2000	88.957	8.869	2000	
21.489	4.510	2000	21.437	4.469	2000	18.603	3.505	2000	15.398	3.214	2000	25.040	7.859	2000	56.889	7.792	2000	77.097	8.415	2000	82.977	8.647	2000	83.691	8.739	2000	
19.575	4.157	2000	19.528	4.126	2000	16.947	3.218	2000	14.017	2.934	2000	22.847	7.372	2000	51.901	7.296	2000	70.375	7.872	2000	75.657	8.073	2000	76.283	8.162	2000	
16.805	3.694	2000	16.764	3.667	2000	14.531	2.885	2000	12.013	2.610	2000	19.582	6.403	2000	44.543	6.598	2000	60.366	7.193	2000	65.066	7.615	2000	65.536	7.712	2000	
10.203	2.443	2000	10.178	2.427	2000	8.813	1.963	2000	7.313	1.713	2000	11.899	4.068	2000	27.021	4.708	2000	37.314	5.421	2000	39.538	5.962	2000	39.757	6.005	2000	
11.625	2.727	2000	11.600	2.721	2000	10.073	2.188	2000	8.307	1.931	2000	13.610	4.718	2000	30.950	5.417	2000	41.981	6.010	2000	45.449	6.443	2000	45.781	6.508	2000	
14.210	3.162	2000	14.176	3.143	2000	12.316	2.548	2000	10.180	2.258	2000	16.615	5.555	2000	37.893	6.184	2000	51.399	6.548	2000	55.660	7.058	2000	56.084	7.074	2000	
16.554	3.606	2000	16.515	3.591	2000	14.312	2.917	2000	11.836	2.568	2000	19.330	6.387	2000	44.073	7.011	2000	59.800	7.209	2000	64.751	7.815	2000	65.225	7.736	2000	
18.290	3.964	2000	18.249	3.942	2000	15.844	3.207	2000	13.090	2.805	2000	21.375	7.062	2000	48.690	7.448	2000	66.091	7.685	2000	71.559	8.309	2000	72.079	8.177	2000	
19.478	4.122	2000	19.431	4.095	2000	16.874	3.267	2000	13.945	2.882	2000	22.814	7.524	2000	52.001	7.799	2000	70.677	7.875	2000	76.465	8.444	2000	76.956	8.291	2000	
20.520	4.360	2000	20.472	4.329	2000	17.750	3.413	2000	14.663	3.029	2000	23.970	7.782	2000	54.635	7.928	2000	74.178	7.906	2000	80.328	8.620	2000	80.958	8.450	2000	
21.084	4.426	2000	21.034	4.395	2000	18.249	3.458	2000	15.084	3.026	2000	24.624	7.958	2000	56.137	7.884	2000	76.305	8.034	2000	82.621	8.734	2000	83.155	8.552	2000	
21.415	4.461	2000	21.364	4.430	2000	18.535	3.512	2000	15.319	3.114	2000	25.034	8.150	2000	57.017	7.991	2000	77.470	8.090	2000	83.788	8.775	2000	84.540	8.638	2000	
21.399	4.494	2000	21.348	4.462	2000	18.513	3.479	2000	15.315	3.092	2000	24.964	8.019	2000	56.955	7.977	2000	77.433	7.891	2000	83.822	8.747	2000	84.464	8.615	2000	
21.188	4.414	2000	21.139	4.389	2000	18.331	3.443	2000	15.156	3.128	2000	24.719	7.925	2000	56.342	7.726	2000	76.629	7.850	2000	82.964	8.705	2000	83.441	8.510	2000	
20.579	4.386	2000	20.533	4.363	2000	17.796	3.383	2000	14.728	3.031	2000	24.035	7.727	2000	54.816	7.736	2000	74.594	7.885	2000	80.710	8.772	2000	81.262	8.651	2000	
19.810	4.144	2000	19.762	4.113	2000	17.123	3.229	2000	14.161	2.947	2000	23.100	7.363	2000	52.747	7.325	2000	71.700	7.581	2000	77.629	8.442	2000	78.169	8.291	2000	
18.666	3.932	2000	18.620	3.896	2000	16.148	3.058	2000	13.352	2.855	2000	21.793	7.015	2000	49.703	7.038	2000	67.575	7.639	2000	73.231	8.317	2000	73.649	8.216	2000	
17.183	3.727	2000	17.139	3.697	2000	14.861	2.882	2000	12.287	2.526	2000	20.028	6.476	2000	45.688	6.574	2000	62.061	7.124	2000	67.217	7.849	2000	67.726	7.809	2000	
15.126	3.333	2000	15.089	3.309	2000	13.084	2.596	2000	10.830	2.380	2000	17.637	5.778	2000	40.203	6.185	2000	54.578	6.854	2000	59.083	7.546	2000	59.500	7.573	2000	
12.038	2.682	2000	12.007	2.666	2000	10.418	2.135	2000	8.610	1.895	2000	14.063	4.698	2000	32.083	5.142	2000	43.597	5.903	2000	47.253	6.450	2000	47.586	6.510	2000	
7.153	1.831	2000	7.135	1.824	2000	6.188	1.492	2000	5.107	1.309	2000	8.339	2.973	2000	19.015	3.777	2000	25.833	4.644	2000	28.032	5.052	2000	28.194	5.091	2000	
10.535	2.673	2000	10.511	2.663	2000	9.121	2.194	2000	7.557	1.985	2000	12.271	4.344	2000	27.972	5.521	2000	37.917	5.872	2000	40.935	6.130	2000	41.155	6.212	2000	
15.665	3.924	2000	15.626	3.900	2000	13.558	3.195	2000	11.226	2.722	2000	18.254	6.378	2000	41.758	8.326	2000	56.327	7.865	2000	60.447	7.465	2000	60.862	7.450	2000	
17.243	4.299	2000	17.206	4.281	2000	14.935	3.496	2000	12.367	3.057	2000	20.109	7.020	2000	45.891	9.175	2000	61.886	8.558	2000	66.380	7.856	2000	66.806	7.807	2000	
18.052	4.509	2000	18.010	4.483	2000	15.629	3.655	2000	12.942	3.146	2000	21.073	7.413	2000	48.032	9.561	2000	64.475	8.654	2000	69.092	8.087	2000	69.617	8.024	2000	
18.263	4.497	2000	18.221	4.481	2000	15.848	3.718	2000	13.119	3.202	2000	21.344	7.504	2000	48.582	9.285	2000	65.538	8.630	2000	70.651	8.022	2000	71.063	7.859	2000	
18.441	4.628	2000	18.399	4.602	2000	15.957	3.689	2000	13.204	3.177	2000	21.516	7.513	2000	49.174	9.698	2000	66.057	8.769	2000	70.859	7.983	2000	71.207	7.854	2000	
18.151	4.444	2000	18.109	4.421	2000	15.720	3.642	2000	13.017	3.239	2000	21.197	7.305	2000	48.373	9.387	2000	64.926	8.398	2000	69.821	7.935	2000	70.296	7.861	2000	
17.701	4.374	2000	17.660	4.352	2000	15.327	3.565	2000	12.663	3.092	2000	20.614	7.049	2000	47.084	9.092	2000	63.397	8.552	2000	68.091	7.934	2000	68.521	7.836	2000	
16.913	4.148	2000	16.873	4.132	2000	14.652	3.334	2000	12.144	2.946	2000	19.732	6.798	2000	44.956	8.440	2000	60.351	8.270	2000	65.095	7.880	2000	65.507	7.802	2000	
15.983	3.941	2000	15.948	3.914	2000	13.844	3.162	2000	11.447	2.861	2000	18.584	6.262	2000	42.439	7.970	2000	57.444	7.903	2000	61.605	7.469	2000	62.042	7.501	2000	
14.820	3.715	2000	14.782	3.684	2000	12.833	3.010	2000	10.623	2.582	2000	17.248	5.836	2000	39.348	7.444	2000	53.136	7.550	2000	56.930	7.189	2000	57.355	7.255	2000	
13.256	3.237	2000	13.223	3.204	2000	11.491	2.627	2000	9.488	2.276	2000	15.428	5.244	2000	35.205	6.413	2000	47.627	6.645	2000	51.272	6.599	2000	51.639	6.695	2000	
11.231	2.728	2000	11.205	2.715	2000	9.734	2.222	2000	8.051	1.967	2000	13.112	4.491	2000	29.857	5.631	2000	40.366	6.109	2000	43.505	6.273	2000	43.769	6.379	2000	
8.537	2.262	2000	8.517	2.248	2000	7.386	1.811	2000	6.116	1.579	2000	9.956	3.537	2000	22.652	4.512	2000	30.865	5.010	2000	33.176	5.577	2000	33.299	5.635	2000	
2.524	0.522	1994	2.524	0.522	1994	2.523	0.520	1994	2.523	0.518	1994	2.599	0.587	1994	4.616	2.018	1994	4.912	2.179	1994	4.944	2.216	1994	4.944	2.216	1994	
2.616	0.465	1985	2.616	0.465	1985	2.614	0.463	1985	2.615	0.462	1985	2.698	0.549	1985	4.971	2.024	1985	5.339	2.186	1985	5.387	2.243	1985	5.387	2.244	1985	
2.528	0.505	1985	2.528	0.505	1985	2.526	0.503	1985	2.527	0.502	1985	2.599	0.568	1985	4.628	1.997	1985	4.912	2.122	1985	4.948	2.163	1985	4.948	2.163	1985	
2.431	0.530	1971	2.431	0.530	1971	2.431	0.529	1971	2.432	0.528	1971	2.519	0.621	1971	4.176	1.859	1971	4.418	1.993	1971	4.438	2.022	1971	4.438	2.022	1971	
2.283	0.583	1948	2.283	0.583	1948	2.283	0.583	1948	2.285	0.582	1948	2.364	0.645	1948	3.637	1.711	1948	3.796	1.833	1948	3.806	1.847	1948	3.806	1.847	1948	
13.566	3.077	2000	13.534	3.061	2000	11.735	2.431	2000	9.678	2.120	2000	15.809	5.236	2000	36.064	5.797	2000	49.004	6.338	2000	53.121	6.895	2000	53.475	6.855	2000	
14.358	3.208	2000	14.322	3.186	2000	12.426	2.537	2000	10.275	2.181	2000	16.778	5.465	2000	38.245	5.973	2000	51.985	6.587	2000	56.290	7.156	2000	56.626	7.090	2000	
14.567	3.233	2000	14.535	3.217	2000	12.599	2.586	2000	10.413	2.261	2000	16.994	5.572	2000	38.769	6.006	2000	52.718	6.553	2000	57.138	7.114	2000	57.531	7.135	2000	
14.478	3.229	2000	14.442	3.206	2000	12.529	2.568	2000	10.362	2.294	2000	16.891	5.514	2000	38.545	5.995	2000	52.411	6.684	2000	56.657	7.238	2000	57.063	7.248	2000	
14.070	3.171	2000	14.036	3.145	2000	12.177	2.502	2000	10.050	2.213	2000	16.404	5.383	2000	37.406	5.880	2000	50.830	6.557	2000	55.024	7.190	2000	55.414	7.210	2000	
13.548	3.051	2000	13.515	3.034	2000	11.698	2.408	2000	9.677	2.136	2000	15.774	5.160	2000	36.023	5.701	2000	48.928	6.304	2000	52.979	6.967	2000	53.328	6.944	2000	
12.785	2.929	2000	12.755	2.912	2000	11.061	2.294	2000	9.145	2.038	2000	14.893	4.881	2000	34.039	5.464	2000	46.300	6.287	2000	50.101	6.871	2000	50.463	6.898	2000	
11.839	2.707	2000	11.811	2.694	2000	10.241	2.138	2000	8.469	1.910	2000	13.837	4.608	2000	31.522	5.091	2000	42.862	5.897	2000	46.436	6.435	2000	46.734	6.480	2000	
10.800	2.545	2000	10.773	2.525	2000	9.344	1.975	2000	7.725	1.750	2000	12.593	4.216	2000	28.738	4.826	2000	39.058	5.537	2000	42.289	6.041	2000	42.596	6.130	2000	
9.501	2.239	2000	9.475	2.221	2000	8.228	1.801	2000	6.805	1.572	2000	11.087	3.768	2000	25.339	4.524	2000	34.452	5.334	2000	37.340	5.823	2000	37.568	5.897	2000	
7.821	1.968	2000	7.801	1.955	2000	6.763	1.607	2000	5.597	1.385	2000	9.113	3.152	2000	20.842	4.035	2000	28.392	4.955	2000	30.780	5.383	2000	30.933	5.441	2000	
5.702	1.563	2000	5.689	1.555	2000	4.940	1.292	2000	4.089	1.100	2000	6.659	2.416	2000	15.178	3.390	2000	20.705	4.219	2000	22.418	4.582	2000	22.511	4.613	2000	
3.372	0.916	2000	3.363	0.908	2000	3.054	0.669	2000	2.832	0.409	2000	3.942	1.359	2000	8.566	2.481	2000	11.743	3.136	2000	12.656	3.457	2000	12.687	3.480	2000	
2.678	0.418	1999	2.676	0.413	1999	2.606	0.269	1999	2.591	0.228	1999	2.881	0.724	1999	5.335	1.857	1999	7.401	2.438	1999	7.840	2.704	1999	7.844	2.711	1999	
2.492	0.337	2000	2.491	0.335	2000	2.478	0.307	2000	2.474	0.296	2000	2.597	0.536	2000	4.294	1.625	2000	5.942	2.256	2000	6.217	2.482	2000	6.218	2.484	2000	
2.363	0.370	1993	2.363	0.370	1993	2.358	0.358	1993	2.357	0.356	1993	2.418	0.479	1993	3.659	1.405	1993	4.976	2.050	1993	5.160	2.235	1993	5.160	2.236	1993	
2.267	0.414	1979	2.267	0.414	1979	2.267	0.414	1979	2.266	0.413	1979	2.292	0.460	1979	3.262	1.232	1979	4.367	1.873	1979	4.494	2.013	1979	4.494	2.013	1979	
2.135	0.461	1955	2.135	0.461	1955	2.135	0.461	1955	2.135	0.461	1955	2.153	0.493	1955	2.872	1.118	1955	3.735	1.741	1955	3.815	1.849	1955	3.815	1.849	1955	
10.554	2.482	2000	10.529	2.468	2000	9.132	2.004	2000	7.555	1.749	2000	12.340	4.206	2000	28.122	4.819	2000	38.186	5.542	2000	41.274	6.133	2000	41.715	6.219	2000	
11.302	2.593	2000	11.276	2.575	2000	9.776	2.079	2000	8.083	1.787	2000	13.190	4.381	2000	30.135	5.008	2000	40.927	5.640	2000	44.236	6.265	2000	44.709	6.358	2000	
11.296	2.598	2000	11.270	2.582	2000	9.778	2.040	2000	8.069	1.785	2000	13.174	4.374	2000	30.100	4.961	2000	40.885	5.590	2000	44.199	6.210	2000	44.674	6.305	2000	
11.100	2.568	2000	11.071	2.552	2000	9.602	2.045	2000	7.922	1.786	2000	12.922	4.280	2000	29.550	4.960	2000	40.147	5.712	2000	43.389	6.316	2000	43.850	6.416	2000	
10.652	2.470	2000	10.626	2.451	2000	9.216	1.960	2000	7.625	1.758	2000	12.440	4.150	2000	28.404	4.828	2000	38.559	5.510	2000	41.670	6.118	2000	42.117	6.212	2000	
10.129	2.394	2000	10.104	2.377	2000	8.763	1.903	2000	7.259	1.712	2000	11.800	3.929	2000	26.986	4.651	2000	36.667	5.505	2000	39.628	6.095	2000	40.052	6.185	2000	
9.497	2.294	2000	9.475	2.284	2000	8.196	1.820	2000	6.776	1.628	2000	11.060	3.722	2000	25.281	4.461	2000	34.350	5.334	2000	37.116	5.897	2000	37.511	5.980	2000	
8.537	2.092	2000	8.517	2.081	2000	7.378	1.653	2000	6.101	1.443	2000	9.961	3.384	2000	22.731	4.145	2000	30.900	5.026	2000	33.396	5.548	2000	33.755	5.627	2000	
7.938	1.980	2000	7.919	1.970	2000	6.873	1.588	2000	5.679	1.408	2000	9.278	3.242	2000	21.163	4.015	2000	28.768	4.939	2000	31.080	5.402	2000	31.414	5.475	2000	
6.846	1.780	2000	6.833	1.773	2000	5.918	1.432	2000	4.878	1.263	2000	7.972	2.836	2000	18.216	3.680	2000	24.750	4.537	2000	26.747	4.981	2000	27.036	5.046	2000	
3.682	1.053	2000	3.674	1.049	2000	3.258	0.844	2000	2.883	0.567	2000	4.317	1.546	2000	9.642	2.620	2000	13.095	3.372	2000	14.172	3.661	2000	14.307	3.727	2000	
2.516	0.400	2000	2.515	0.396	2000	2.471	0.299	2000	2.451	0.247	2000	2.733	0.715	2000	5.037	1.861	2000	6.865	2.406	2000	7.400	2.670	2000	7.425	2.703	2000	
2.379	0.353	1998	2.378	0.349	1998	2.357	0.293	1998	2.352	0.278	1998	2.490	0.550	1998	4.189	1.651	1998	5.720	2.182	1998	6.123	2.447	1998	6.136	2.468	1998	
2.239	0.364	1990	2.239	0.364	1990	2.235	0.353	1990	2.233	0.350	1990	2.287	0.466	1990	3.480	1.406	1990	4.750	1.921	1990	5.031	2.161	1990	5.036	2.170	1990	
2.126	0.403	1980	2.126	0.403	1980	2.124	0.397	1980	2.123	0.396	1980	2.154	0.462	1980	3.041	1.242	1980	4.107	1.770	1980	4.311	1.976	1980	4.313	1.980	1980	
1.894	0.461	1920	1.894	0.461	1920	1.894	0.459	1920	1.894	0.459	1920	1.900	0.474	1920	2.404	0.986	1920	3.108	1.512	1920	3.205	1.647	1920	3.205	1.647	1920	
1.697	0.474	1809	1.697	0.474	1809	1.697	0.474	1809	1.697	0.474	1809	1.699	0.480	1809	2.010	0.815	1809	2.468	1.281	1809	2.513	1.363	1809	2.513	1.363	1809	
1.551	0.466	1654	1.551	0.466	1654	1.551	0.466	1654	1.551	0.466	1654	1.551	0.466	1654	1.763	0.704	1654	2.078	1.087	1654	2.098	1.133	1654	2.099	1.133	1654	
6.737	1.749	2000	6.722	1.741	2000	5.827	1.420	2000	4.821	1.268	2000	7.863	2.786	2000	17.930	3.611	2000	24.357	4.371	2000	26.330	4.830	2000	26.607	4.891	2000	
8.285	2.058	2000	8.265	2.048	2000	7.169	1.674	2000	5.915	1.473	2000	9.680	3.385	2000	22.072	4.184	2000	29.976	4.959	2000	32.400	5.488	2000	32.736	5.556	2000	
8.441	2.060	2000	8.422	2.052	2000	7.289	1.671	2000	6.032	1.480	2000	9.824	3.376	2000	22.496	4.258	2000	30.543	5.009	2000	33.012	5.520	2000	33.354	5.588	2000	
8.275	2.074	2000	8.257	2.060	2000	7.165	1.688	2000	5.912	1.478	2000	9.655	3.334	2000	22.032	4.166	2000	29.923	4.936	2000	32.349	5.504	2000	32.686	5.579	2000	
7.932	1.966	2000	7.913	1.957	2000	6.867	1.611	2000	5.670	1.401	2000	9.259	3.193	2000	21.173	4.087	2000	28.780	4.950	2000	31.112	5.460	2000	31.437	5.531	2000	
7.562	1.895	2000	7.544	1.885	2000	6.544	1.542	2000	5.413	1.373	2000	8.809	3.058	2000	20.128	3.882	2000	27.357	4.731	2000	29.570	5.219	2000	29.878	5.287	2000	
7.325	1.875	2000	7.308	1.866	2000	6.356	1.499	2000	5.244	1.353	2000	8.561	2.976	2000	19.553	3.788	2000	26.581	4.680	2000	28.725	5.127	2000	29.024	5.191	2000	
5.989	1.630	2000	5.974	1.624	2000	5.183	1.355	2000	4.273	1.139	2000	6.993	2.514	2000	15.916	3.446	2000	21.638	4.341	2000	23.387	4.761	2000	23.637	4.824	2000	
4.410	1.265	2000	4.398	1.260	2000	3.851	1.017	2000	3.328	0.781	2000	5.166	1.867	2000	11.645	2.870	2000	15.832	3.670	2000	17.117	4.010	2000	17.300	4.070	2000	
3.102	0.673	2000	3.097	0.668	2000	2.914	0.447	2000	2.823	0.258	2000	3.514	1.078	2000	7.299	2.258	2000	9.932	2.955	2000	10.756	3.225	2000	10.841	3.288	2000	
2.295	0.452	1985	2.295	0.452	1985	2.293	0.448	1985	2.293	0.448	1985	2.311	0.480	1985	3.091	1.204	1985	4.082	1.774	1985	4.266	1.975	1985	4.269	1.981	1985	
1.825	0.551	1790	1.825	0.551	1790	1.825	0.551	1790	1.825	0.551	1790	1.828	0.551	1790	2.103	0.840	1790	2.495	1.279	1790	2.530	1.348	1790	2.530	1.348	1790	
1.811	0.554	1803	1.811	0.554	1803	1.811	0.554	1803	1.811	0.554	1803	1.814	0.555	1803	2.079	0.839	1803	2.464	1.273	1803	2.499	1.342	1803	2.499	1.342	1803	
5.488	1.532	2000	5.474	1.523	2000	4.753	1.255	2000	3.952	1.077	2000	6.411	2.333	2000	14.595	3.282	2000	19.833	4.067	2000	21.444	4.485	2000	21.665	4.538	2000	
6.182	1.680	2000	6.170	1.674	2000	5.327	1.348	2000	4.412	1.199	2000	7.196	2.567	2000	16.431	3.495	2000	22.324	4.290	2000	24.135	4.722	2000	24.383	4.778	2000	
6.200	1.651	2000	6.188	1.646	2000	5.364	1.355	2000	4.436	1.182	2000	7.232	2.587	2000	16.529	3.472	2000	22.468	4.265	2000	24.289	4.695	2000	24.537	4.750	2000	
6.068	1.658	2000	6.055	1.653	2000	5.257	1.351	2000	4.350	1.163	2000	7.073	2.539	2000	16.156	3.522	2000	21.961	4.358	2000	23.738	4.771	2000	23.982	4.829	2000	
5.784	1.598	2000	5.769	1.587	2000	5.018	1.334	2000	4.151	1.138	2000	6.757	2.408	2000	15.393	3.441	2000	20.939	4.311	2000	22.637	4.722	2000	22.870	4.780	2000	
5.891	1.601	2000	5.878	1.595	2000	5.100	1.294	2000	4.219	1.130	2000	6.869	2.447	2000	15.668	3.339	2000	21.316	4.244	2000	23.042	4.649	2000	23.279	4.705	2000	
4.288	1.244	2000	4.280	1.238	2000	3.740	1.009	2000	3.219	0.748	2000	5.003	1.831	2000	11.319	2.857	2000	15.390	3.671	2000	16.639	4.007	2000	16.815	4.059	2000	
3.213	0.802	2000	3.207	0.794	2000	2.941	0.559	2000	2.784	0.307	2000	3.673	1.215	2000	7.920	2.360	2000	10.784	3.061	2000	11.672	3.337	2000	11.785	3.395	2000	
2.638	0.378	1999	2.635	0.375	1999	2.591	0.256	1999	2.579	0.218	1999	2.795	0.645	1999	5.076	1.833	1999	6.913	2.418	1999	7.466	2.680	1999	7.507	2.727	1999	
2.171	0.456	1963	2.171	0.456	1963	2.170	0.454	1963	2.170	0.454	1963	2.181	0.478	1963	2.845	1.171	1963	3.760	1.699	1963	3.934	1.900	1963	3.937	1.907	1963	
1.703	0.531	1709	1.703	0.531	1709	1.703	0.531	1709	1.703	0.531	1709	1.704	0.531	1709	1.919	0.769	1709	2.265	1.174	1709	2.300	1.242	1709	2.300	1.242	1709	
3.783	0.844	2000	3.779	0.840	2000	3.491	0.540	2000	3.362	0.287	2000	4.348	1.347	2000	9.292	2.533	2000	12.628	3.269	2000	13.666	3.567	2000	13.796	3.635	2000	
4.481	1.224	2000	4.470	1.214	2000	3.943	0.915	2000	3.566	0.592	2000	5.215	1.765	2000	11.591	2.902	2000	15.746	3.678	2000	17.029	4.032	2000	17.209	4.091	2000	
4.649	1.265	2000	4.637	1.261	2000	4.110	0.991	2000	3.642	0.660	2000	5.467	1.873	2000	12.189	2.950	2000	16.576	3.737	2000	17.926	4.098	2000	18.116	4.156	2000	
4.871	1.377	2000	4.857	1.371	2000	4.260	1.054	2000	3.723	0.727	2000	5.693	1.949	2000	12.778	3.070	2000	17.377	3.901	2000	18.788	4.259	2000	18.987	4.314	2000	
4.092	1.052	2000	4.083	1.043	2000	3.694	0.741	2000	3.448	0.428	2000	4.751	1.553	2000	10.390	2.717	2000	14.127	3.501	2000	15.286	3.818	2000	15.441	3.883	2000	
3.435	0.567	2000	3.431	0.563	2000	3.307	0.322	2000	3.266	0.187	2000	3.800	0.982	2000	7.667	2.271	2000	10.423	2.956	2000	11.290	3.223	2000	11.378	3.291	2000	
3.093	0.322	1999	3.092	0.318	1999	3.079	0.274	1999	3.077	0.265	1999	3.193	0.539	1999	5.297	1.813	1999	7.222	2.367	1999	7.771	2.667	1999	7.796	2.705	1999	
2.692	0.517	1985	2.692	0.517	1985	2.690	0.512	1985	2.690	0.512	1985	2.706	0.541	1985	3.553	1.362	1985	4.730	1.995	1985	4.949	2.233	1985	4.953	2.243	1985	
2.103	0.652	1852	2.103	0.652	1852	2.103	0.652	1852	2.103	0.652	1852	2.108	0.651	1852	2.399	0.952	1852	2.860	1.452	1852	2.903	1.539	1852	2.903	1.540	1852	
1.612	0.603	1503	1.612	0.603	1503	1.612	0.603	1503	1.612	0.603	1503	1.619	0.607	1503	1.755	0.766	1503	1.877	0.988	1503	1.882	1.000	1503	1.882	1.000	1503	
3.702	0.460	2000	3.702	0.460	2000	3.698	0.450	2000	3.698	0.450	2000	3.738	0.543	2000	5.478	1.838	2000	7.500	2.445	2000	7.980	2.803	2000	7.989	2.821	2000	
3.997	0.363	2000	3.996	0.360	2000	3.964	0.254	2000	3.962	0.243	2000	4.167	0.694	2000	7.375	2.263	2000	10.069	2.863	2000	10.878	3.209	2000	10.921	3.264	2000	
4.142	0.488	2000	4.137	0.480	2000	4.067	0.279	2000	4.050	0.203	2000	4.442	0.953	2000	8.521	2.445	2000	11.607	3.124	2000	12.570	3.457	2000	12.643	3.531	2000	
4.261	0.606	2000	4.256	0.599	2000	4.128	0.336	2000	4.098	0.204	2000	4.661	1.113	2000	9.259	2.551	2000	12.605	3.279	2000	13.657	3.607	2000	13.750	3.684	2000	
3.930	0.355	1999	3.930	0.355	1999	3.912	0.292	1999	3.910	0.284	1999	4.083	0.652	1999	6.889	2.164	1999	9.416	2.777	1999	10.147	3.134	1999	10.178	3.179	1999	
3.598	0.510	1998	3.598	0.510	1998	3.595	0.503	1998	3.595	0.503	1998	3.620	0.559	1998	5.016	1.725	1998	6.847	2.344	1998	7.228	2.660	1998	7.234	2.674	1998	
3.099	0.713	1985	3.099	0.713	1985	3.099	0.713	1985	3.099	0.713	1985	3.104	0.711	1985	3.738	1.313	1985	4.831	2.010	1985	4.963	2.190	1985	4.963	2.192	1985	
2.022	0.789	1760	2.022	0.789	1760	2.022	0.789	1760	2.022	0.789	1760	2.034	0.787	1760	2.236	0.996	1760	2.421	1.301	1760	2.428	1.322	1760	2.428	1.322	1760	
1.298	0.499	906	1.298	0.499	906	1.298	0.499	906	1.298	0.499	906	1.305	0.508	906	1.355	0.614	906	1.359	0.624	906	1.359	0.624	906	1.359	0.624	906	
