1.213	0.472	696	1.213	0.472	696	1.213	0.472	696	1.213	0.472	696	1.213	0.472	696	1.213	0.472	696	1.213	0.472	696	1.213	0.472	696	1.213	0.472	696	
1.396	0.665	979	1.396	0.665	979	1.396	0.665	979	1.396	0.665	979	1.396	0.665	979	1.396	0.665	979	1.396	0.665	979	1.396	0.665	979	1.396	0.665	979	
1.654	0.890	1322	1.654	0.890	1322	1.654	0.890	1322	1.654	0.890	1322	1.654	0.890	1322	1.654	0.890	1322	1.654	0.890	1322	1.654	0.890	1322	1.654	0.890	1322	
2.257	1.302	1698	2.257	1.302	1698	2.257	1.302	1698	2.257	1.302	1698	2.257	1.302	1698	2.257	1.302	1698	2.257	1.302	1698	2.257	1.302	1698	2.257	1.302	1698	
2.377	1.298	1725	2.377	1.298	1725	2.377	1.298	1725	2.377	1.298	1725	2.377	1.298	1725	2.377	1.298	1725	2.377	1.298	1725	2.377	1.298	1725	2.377	1.298	1725	
2.373	1.291	1734	2.373	1.291	1734	2.373	1.291	1734	2.373	1.291	1734	2.373	1.291	1734	2.373	1.291	1734	2.373	1.291	1734	2.373	1.291	1734	2.373	1.291	1734	
2.201	1.205	1695	2.201	1.205	1695	2.201	1.205	1695	2.201	1.205	1695	2.201	1.205	1695	2.201	1.205	1695	2.201	1.205	1695	2.201	1.205	1695	2.201	1.205	1695	
2.039	1.101	1570	2.039	1.101	1570	2.039	1.101	1570	2.039	1.101	1570	2.039	1.101	1570	2.039	1.101	1570	2.039	1.101	1570	2.039	1.101	1570	2.039	1.101	1570	
1.675	0.886	1328	1.675	0.886	1328	1.675	0.886	1328	1.675	0.886	1328	1.675	0.886	1328	1.675	0.886	1328	1.675	0.886	1328	1.675	0.886	1328	1.675	0.886	1328	
1.213	0.459	703	1.213	0.459	703	1.213	0.459	703	1.213	0.459	703	1.213	0.459	703	1.213	0.459	703	1.213	0.459	703	1.213	0.459	703	1.213	0.459	703	
1.411	0.651	989	1.411	0.651	989	1.411	0.651	989	1.411	0.651	989	1.411	0.651	989	1.411	0.651	989	1.411	0.651	989	1.411	0.651	989	1.411	0.651	989	
1.713	0.910	1344	1.713	0.910	1344	1.713	0.910	1344	1.713	0.910	1344	1.713	0.910	1344	1.713	0.910	1344	1.713	0.910	1344	1.713	0.910	1344	1.713	0.910	1344	
2.098	1.156	1630	2.098	1.156	1630	2.098	1.156	1630	2.099	1.159	1630	2.099	1.159	1630	2.099	1.159	1630	2.099	1.159	1630	2.099	1.159	1630	2.099	1.159	1630	
2.924	1.526	1870	2.924	1.526	1870	2.924	1.526	1870	2.928	1.533	1870	2.929	1.533	1870	2.929	1.533	1870	2.929	1.533	1870	2.929	1.533	1870	2.929	1.533	1870	
3.291	1.707	1905	3.291	1.707	1905	3.291	1.707	1905	3.294	1.712	1905	3.294	1.713	1905	3.294	1.713	1905	3.294	1.713	1905	3.294	1.713	1905	3.294	1.713	1905	
3.340	1.723	1906	3.340	1.723	1906	3.340	1.723	1906	3.341	1.724	1906	3.341	1.724	1906	3.341	1.724	1906	3.341	1.724	1906	3.341	1.724	1906	3.341	1.724	1906	
3.145	1.601	1916	3.145	1.601	1916	3.145	1.601	1916	3.149	1.606	1916	3.149	1.606	1916	3.149	1.606	1916	3.149	1.606	1916	3.149	1.606	1916	3.149	1.606	1916	
2.820	1.494	1839	2.820	1.494	1839	2.820	1.494	1839	2.820	1.494	1839	2.820	1.494	1839	2.820	1.494	1839	2.820	1.494	1839	2.820	1.494	1839	2.820	1.494	1839	
2.462	1.355	1755	2.462	1.355	1755	2.462	1.355	1755	2.466	1.359	1755	2.466	1.359	1755	2.466	1.359	1755	2.466	1.359	1755	2.466	1.359	1755	2.466	1.359	1755	
1.405	0.663	996	1.405	0.663	996	1.405	0.663	996	1.405	0.663	996	1.405	0.663	996	1.405	0.663	996	1.405	0.663	996	1.405	0.663	996	1.405	0.663	996	
1.687	0.871	1355	1.687	0.871	1355	1.687	0.871	1355	1.687	0.871	1355	1.687	0.871	1355	1.687	0.871	1355	1.687	0.871	1355	1.687	0.871	1355	1.687	0.871	1355	
2.118	1.156	1625	2.118	1.156	1625	2.118	1.156	1625	2.118	1.156	1625	2.118	1.156	1625	2.118	1.156	1625	2.118	1.156	1625	2.118	1.156	1625	2.118	1.156	1625	
2.671	1.475	1818	2.671	1.475	1818	2.671	1.475	1818	2.671	1.475	1818	2.671	1.475	1818	2.671	1.475	1818	2.671	1.475	1818	2.671	1.475	1818	2.671	1.475	1818	
3.360	1.795	1920	3.360	1.795	1920	3.360	1.795	1920	3.360	1.795	1920	3.360	1.795	1920	3.360	1.795	1920	3.360	1.795	1920	3.360	1.795	1920	3.360	1.795	1920	
4.863	2.185	1980	4.863	2.185	1980	4.863	2.185	1980	4.863	2.185	1980	4.863	2.185	1980	4.863	2.185	1980	4.863	2.185	1980	4.863	2.185	1980	4.863	2.185	1980	
4.883	2.200	1981	4.883	2.200	1981	4.883	2.200	1981	4.883	2.200	1981	4.883	2.200	1981	4.883	2.200	1981	4.883	2.200	1981	4.883	2.200	1981	4.883	2.200	1981	
4.744	2.128	1981	4.744	2.128	1981	4.744	2.128	1981	4.744	2.128	1981	4.744	2.128	1981	4.744	2.128	1981	4.744	2.128	1981	4.744	2.128	1981	4.744	2.128	1981	
4.356	2.096	1978	4.356	2.096	1978	4.356	2.096	1978	4.356	2.096	1978	4.356	2.096	1978	4.356	2.096	1978	4.356	2.096	1978	4.356	2.096	1978	4.356	2.096	1978	
3.712	1.850	1949	3.712	1.850	1949	3.712	1.850	1949	3.712	1.850	1949	3.712	1.850	1949	3.712	1.850	1949	3.712	1.850	1949	3.712	1.850	1949	3.712	1.850	1949	
2.953	1.572	1888	2.953	1.572	1888	2.953	1.572	1888	2.953	1.572	1888	2.953	1.572	1888	2.953	1.572	1888	2.953	1.572	1888	2.953	1.572	1888	2.953	1.572	1888	
1.325	0.579	922	1.325	0.579	922	1.364	0.639	932	1.367	0.644	932	1.367	0.644	932	1.367	0.644	932	1.367	0.644	932	1.367	0.644	932	1.367	0.644	932	
1.578	0.775	1340	1.578	0.775	1340	1.654	0.830	1359	1.677	0.867	1359	1.680	0.875	1359	1.680	0.875	1359	1.680	0.875	1359	1.680	0.875	1359	1.680	0.875	1359	
1.944	1.010	1665	1.944	1.010	1665	2.115	1.134	1692	2.160	1.199	1694	2.164	1.209	1694	2.164	1.209	1694	2.164	1.209	1694	2.164	1.209	1694	2.164	1.209	1694	
2.392	1.167	1835	2.392	1.167	1835	2.718	1.357	1854	2.824	1.469	1855	2.833	1.489	1855	2.834	1.490	1855	2.834	1.490	1855	2.834	1.490	1855	2.834	1.490	1855	
2.904	1.341	1927	2.904	1.341	1927	3.474	1.532	1954	3.722	1.757	1954	3.762	1.832	1954	3.763	1.834	1954	3.763	1.834	1954	3.763	1.834	1954	3.763	1.834	1954	
3.406	1.473	1954	3.406	1.473	1954	4.272	1.731	1980	4.809	2.061	1981	4.918	2.209	1981	4.927	2.227	1981	4.927	2.227	1981	4.927	2.227	1981	4.927	2.227	1981	
4.002	1.703	1965	4.002	1.703	1965	5.281	1.903	1998	6.219	2.307	1998	6.488	2.558	1998	6.512	2.593	1998	6.512	2.595	1998	6.512	2.595	1998	6.512	2.595	1998	
4.154	1.772	1959	4.154	1.772	1959	5.575	1.936	1998	6.676	2.302	1998	6.997	2.575	1998	7.032	2.630	1998	7.032	2.630	1998	7.032	2.630	1998	7.032	2.630	1998	
4.170	1.774	1965	4.170	1.774	1965	5.657	1.928	1997	6.849	2.352	1997	7.225	2.656	1997	7.258	2.709	1997	7.261	2.713	1997	7.261	2.713	1997	7.261	2.713	1997	
4.002	1.743	1968	4.002	1.743	1968	5.315	1.846	1996	6.279	2.227	1997	6.572	2.500	1997	6.603	2.552	1997	6.604	2.554	1997	6.604	2.554	1997	6.604	2.554	1997	
3.796	1.683	1959	3.796	1.683	1959	4.859	1.864	1994	5.561	2.215	1994	5.730	2.407	1994	5.745	2.436	1994	5.745	2.436	1994	5.745	2.436	1994	5.745	2.436	1994	
3.318	1.507	1960	3.318	1.507	1960	4.133	1.735	1980	4.567	1.988	1982	4.650	2.085	1982	4.655	2.092	1982	4.655	2.092	1982	4.655	2.092	1982	4.655	2.092	1982	
2.724	1.288	1889	2.724	1.288	1889	3.139	1.487	1923	3.321	1.648	1923	3.346	1.687	1923	3.346	1.687	1923	3.346	1.687	1923	3.346	1.687	1923	3.346	1.687	1923	
1.538	0.786	1261	1.538	0.786	1261	1.556	0.808	1267	1.566	0.824	1267	1.567	0.829	1267	1.567	0.829	1267	1.567	0.829	1267	1.567	0.829	1267	1.567	0.829	1267	
2.035	1.059	1668	2.035	1.059	1668	2.115	1.115	1672	2.164	1.178	1674	2.170	1.189	1674	2.170	1.189	1674	2.170	1.189	1674	2.170	1.189	1674	2.170	1.189	1674	
2.759	1.330	1889	2.759	1.330	1889	2.924	1.426	1895	3.073	1.564	1895	3.090	1.598	1895	3.090	1.598	1895	3.090	1.598	1895	3.090	1.598	1895	3.090	1.598	1895	
3.521	1.570	1961	3.521	1.570	1961	3.840	1.705	1967	4.202	1.953	1967	4.272	2.054	1967	4.276	2.061	1967	4.276	2.061	1967	4.276	2.061	1967	4.276	2.061	1967	
4.319	1.753	1989	4.319	1.753	1989	4.874	1.878	1994	5.514	2.205	1995	5.675	2.401	1995	5.687	2.425	1995	5.687	2.425	1995	5.687	2.425	1995	5.687	2.425	1995	
4.828	1.886	1995	4.828	1.886	1995	5.620	1.974	1999	6.735	2.320	1999	7.073	2.622	1999	7.106	2.671	1999	7.106	2.671	1999	7.106	2.671	1999	7.106	2.671	1999	
5.252	2.061	1995	5.252	2.061	1995	6.153	2.114	1998	7.556	2.456	2000	8.025	2.776	2000	8.076	2.840	2000	8.076	2.840	2000	8.076	2.840	2000	8.076	2.840	2000	
5.667	2.180	1989	5.667	2.180	1989	6.764	2.220	1998	8.497	2.515	1999	9.220	2.959	1999	9.324	3.069	1999	9.326	3.071	1999	9.326	3.071	1999	9.326	3.071	1999	
6.112	2.334	1991	6.112	2.334	1991	7.465	2.375	1999	9.839	2.520	2000	11.018	3.092	2000	11.230	3.306	2000	11.240	3.320	2000	11.240	3.320	2000	11.240	3.320	2000	
5.881	2.253	1997	5.881	2.253	1997	7.091	2.290	2000	9.084	2.567	2000	9.981	3.050	2000	10.108	3.195	2000	10.112	3.205	2000	10.112	3.205	2000	10.112	3.205	2000	
5.439	2.068	1994	5.439	2.068	1994	6.431	2.153	1999	8.023	2.450	2000	8.632	2.869	2000	8.698	2.960	2000	8.701	2.967	2000	8.701	2.967	2000	8.701	2.967	2000	
5.003	1.943	1988	5.003	1.943	1988	5.788	1.994	1996	6.938	2.371	1996	7.282	2.652	1996	7.313	2.698	1996	7.313	2.698	1996	7.313	2.698	1996	7.313	2.698	1996	
4.212	1.673	1988	4.212	1.673	1988	4.756	1.796	1992	5.380	2.109	1993	5.531	2.275	1993	5.540	2.292	1993	5.540	2.292	1993	5.540	2.292	1993	5.540	2.292	1993	
1.771	0.910	1491	1.771	0.910	1491	1.779	0.920	1496	1.817	0.977	1498	1.822	0.991	1498	1.823	0.993	1498	1.823	0.993	1498	1.823	0.993	1498	1.823	0.993	1498	
2.855	1.350	1871	2.855	1.350	1871	2.910	1.389	1875	3.123	1.574	1877	3.159	1.633	1877	3.161	1.638	1877	3.161	1.638	1877	3.161	1.638	1877	3.161	1.638	1877	
3.960	1.600	1982	3.960	1.600	1982	4.084	1.634	1982	4.685	1.976	1982	4.835	2.155	1982	4.849	2.178	1982	4.849	2.178	1982	4.849	2.178	1982	4.849	2.178	1982	
4.997	1.754	1995	4.997	1.754	1995	5.205	1.788	1996	6.391	2.168	1997	6.864	2.552	1997	6.923	2.639	1997	6.925	2.643	1997	6.925	2.643	1997	6.925	2.643	1997	
5.710	1.932	1999	5.710	1.932	1999	6.005	1.955	2000	7.856	2.264	2000	8.790	2.783	2000	8.963	2.957	2000	8.975	2.978	2000	8.975	2.978	2000	8.975	2.978	2000	
6.188	2.092	1998	6.188	2.092	1998	6.551	2.122	1999	9.042	2.440	2000	10.423	3.016	2000	10.773	3.344	2000	10.796	3.378	2000	10.796	3.378	2000	10.796	3.378	2000	
6.445	2.155	1997	6.445	2.155	1997	6.855	2.206	1999	9.773	2.373	2000	11.619	3.001	2000	12.126	3.392	2000	12.160	3.442	2000	12.161	3.444	2000	12.161	3.444	2000	
6.701	2.359	1995	6.701	2.359	1995	7.143	2.372	1998	10.246	2.448	2000	12.493	3.113	2000	13.155	3.599	2000	13.210	3.673	2000	13.210	3.673	2000	13.210	3.673	2000	
6.786	2.302	1999	6.786	2.302	1999	7.218	2.293	2000	10.502	2.483	2000	12.808	3.115	2000	13.530	3.604	2000	13.603	3.705	2000	13.603	3.705	2000	13.603	3.705	2000	
7.038	2.425	1999	7.038	2.425	1999	7.474	2.477	2000	11.166	2.567	2000	13.923	3.124	2000	14.970	3.729	2000	15.084	3.851	2000	15.086	3.854	2000	15.086	3.854	2000	
6.671	2.273	1998	6.671	2.273	1998	7.056	2.288	2000	10.059	2.397	2000	12.166	3.072	2000	12.792	3.520	2000	12.833	3.574	2000	12.834	3.576	2000	12.834	3.576	2000	
6.260	2.173	1999	6.260	2.173	1999	6.627	2.172	2000	9.219	2.423	2000	10.787	3.003	2000	11.169	3.340	2000	11.194	3.375	2000	11.194	3.375	2000	11.194	3.375	2000	
5.641	1.913	1999	5.641	1.913	1999	5.904	1.933	2000	7.710	2.313	2000	8.530	2.803	2000	8.678	2.971	2000	8.685	2.986	2000	8.685	2.986	2000	8.685	2.986	2000	
4.467	1.657	1993	4.467	1.657	1993	4.625	1.695	1996	5.538	2.073	1996	5.823	2.326	1996	5.854	2.377	1996	5.854	2.377	1996	5.854	2.377	1996	5.854	2.377	1996	
2.570	1.368	1784	2.570	1.368	1784	2.570	1.368	1784	2.570	1.368	1784	2.584	1.392	1784	2.584	1.392	1784	2.584	1.392	1784	2.584	1.392	1784	2.584	1.392	1784	
4.768	2.011	1987	4.768	2.011	1987	4.768	2.011	1987	4.768	2.011	1987	4.934	2.198	1987	4.954	2.230	1987	4.955	2.234	1987	4.955	2.234	1987	4.955	2.234	1987	
7.088	2.247	2000	7.088	2.247	2000	7.088	2.247	2000	7.088	2.247	2000	7.714	2.646	2000	7.843	2.805	2000	7.849	2.818	2000	7.849	2.818	2000	7.849	2.818	2000	
9.298	2.358	2000	9.298	2.358	2000	9.298	2.358	2000	9.298	2.358	2000	10.721	2.824	2000	11.182	3.195	2000	11.222	3.252	2000	11.222	3.253	2000	11.222	3.253	2000	
10.984	2.552	2000	10.984	2.552	2000	10.984	2.552	2000	10.984	2.552	2000	13.227	3.043	2000	14.202	3.642	2000	14.305	3.765	2000	14.306	3.766	2000	14.306	3.766	2000	
11.753	2.654	2000	11.753	2.654	2000	11.753	2.654	2000	11.753	2.654	2000	14.696	3.079	2000	16.174	3.859	2000	16.384	4.045	2000	16.389	4.051	2000	16.389	4.051	2000	
12.178	2.735	2000	12.178	2.735	2000	12.178	2.735	2000	12.178	2.735	2000	15.529	3.110	2000	17.389	3.873	2000	17.695	4.131	2000	17.704	4.144	2000	17.704	4.144	2000	
12.548	2.845	2000	12.548	2.845	2000	12.548	2.845	2000	12.548	2.845	2000	16.092	3.228	2000	18.086	3.999	2000	18.441	4.301	2000	18.450	4.313	2000	18.450	4.313	2000	
12.664	2.822	2000	12.664	2.822	2000	12.664	2.822	2000	12.664	2.822	2000	16.224	3.181	2000	18.275	3.897	2000	18.658	4.216	2000	18.675	4.246	2000	18.675	4.246	2000	
12.350	2.781	2000	12.350	2.781	2000	12.350	2.781	2000	12.350	2.781	2000	15.849	3.076	2000	17.740	3.863	2000	18.048	4.124	2000	18.059	4.141	2000	18.059	4.141	2000	
12.218	2.826	2000	12.218	2.826	2000	12.218	2.826	2000	12.218	2.826	2000	15.502	3.196	2000	17.280	3.974	2000	17.592	4.269	2000	17.606	4.297	2000	17.606	4.297	2000	
11.629	2.665	2000	11.629	2.665	2000	11.629	2.665	2000	11.629	2.665	2000	14.434	3.131	2000	15.834	3.832	2000	16.013	4.003	2000	16.016	4.007	2000	16.016	4.007	2000	
10.717	2.466	2000	10.717	2.466	2000	10.717	2.466	2000	10.717	2.466	2000	12.925	3.031	2000	13.824	3.567	2000	13.927	3.685	2000	13.931	3.693	2000	13.931	3.693	2000	
7.598	2.285	1999	7.598	2.285	1999	7.598	2.285	1999	7.598	2.285	1999	8.290	2.695	1999	8.448	2.853	1999	8.453	2.861	1999	8.453	2.861	1999	8.453	2.861	1999	
6.245	2.291	1995	6.245	2.291	1995	6.339	2.288	1995	7.403	2.523	1998	7.694	2.718	1998	7.719	2.761	1998	7.719	2.761	1998	7.719	2.761	1998	7.719	2.761	1998	
8.531	2.893	1999	8.531	2.893	1999	8.715	2.877	1999	11.421	2.769	2000	12.685	3.268	2000	12.912	3.502	2000	12.923	3.520	2000	12.923	3.520	2000	12.923	3.520	2000	
9.721	3.556	2000	9.721	3.556	2000	9.964	3.533	2000	14.438	3.235	2000	17.420	3.643	2000	18.258	4.090	2000	18.304	4.145	2000	18.305	4.147	2000	18.305	4.147	2000	
10.371	3.928	1998	10.371	3.928	1998	10.646	3.903	1998	15.916	3.561	2000	20.213	3.722	2000	21.770	4.456	2000	21.930	4.610	2000	21.932	4.613	2000	21.932	4.613	2000	
10.582	4.088	2000	10.582	4.088	2000	10.892	4.086	2000	16.761	3.871	2000	21.806	3.894	2000	23.924	4.597	2000	24.173	4.800	2000	24.180	4.809	2000	24.180	4.809	2000	
10.972	4.190	2000	10.972	4.190	2000	11.304	4.188	2000	17.362	3.995	2000	22.596	4.004	2000	24.865	4.734	2000	25.193	5.016	2000	25.197	5.024	2000	25.197	5.024	2000	
10.890	4.182	1999	10.890	4.182	1999	11.182	4.187	2000	17.270	3.974	2000	22.579	3.929	2000	25.047	4.785	2000	25.395	5.092	2000	25.405	5.106	2000	25.405	5.106	2000	
10.751	4.216	2000	10.751	4.216	2000	11.089	4.220	2000	17.046	3.975	2000	22.312	3.998	2000	24.628	4.773	2000	24.947	5.040	2000	24.952	5.049	2000	24.952	5.049	2000	
10.568	4.172	1999	10.568	4.172	1999	10.868	4.181	2000	16.741	3.886	2000	21.637	3.980	2000	23.592	4.731	2000	23.836	4.941	2000	23.840	4.950	2000	23.840	4.950	2000	
10.444	3.965	1998	10.444	3.965	1998	10.720	3.978	1998	16.181	3.696	2000	20.512	3.887	2000	22.141	4.570	2000	22.325	4.740	2000	22.327	4.743	2000	22.327	4.743	2000	
10.077	3.723	1999	10.077	3.723	1999	10.341	3.727	2000	15.112	3.466	2000	18.699	3.743	2000	19.868	4.363	2000	19.963	4.474	2000	19.964	4.475	2000	19.964	4.475	2000	
9.463	3.369	2000	9.463	3.369	2000	9.690	3.347	2000	13.569	3.037	2000	15.937	3.554	2000	16.505	3.952	2000	16.540	3.999	2000	16.540	4.000	2000	16.540	4.000	2000	
7.577	2.608	1999	7.577	2.608	1999	7.725	2.607	2000	9.681	2.696	2000	10.381	3.102	2000	10.473	3.215	2000	10.474	3.220	2000	10.474	3.220	2000	10.474	3.220	2000	
10.982	3.275	2000	10.982	3.275	2000	10.982	3.275	2000	10.982	3.275	2000	10.982	3.275	2000	10.982	3.275	2000	10.982	3.275	2000	10.982	3.275	2000	10.982	3.275	2000	
21.710	4.427	2000	21.710	4.427	2000	21.710	4.427	2000	21.710	4.427	2000	21.710	4.427	2000	21.710	4.427	2000	21.765	4.494	2000	21.765	4.495	2000	21.765	4.495	2000	
28.430	5.061	2000	28.430	5.061	2000	28.430	5.061	2000	28.430	5.061	2000	28.430	5.061	2000	28.430	5.061	2000	28.650	5.234	2000	28.653	5.238	2000	28.653	5.238	2000	
31.852	5.212	2000	31.852	5.212	2000	31.852	5.212	2000	31.852	5.212	2000	31.852	5.212	2000	31.852	5.212	2000	32.215	5.453	2000	32.228	5.473	2000	32.228	5.473	2000	
33.459	5.408	2000	33.459	5.408	2000	33.459	5.408	2000	33.459	5.408	2000	33.459	5.408	2000	33.459	5.408	2000	33.944	5.765	2000	33.964	5.790	2000	33.964	5.790	2000	
33.575	5.482	2000	33.575	5.482	2000	33.575	5.482	2000	33.575	5.482	2000	33.575	5.482	2000	33.575	5.482	2000	34.115	5.842	2000	34.136	5.869	2000	34.138	5.871	2000	
33.191	5.473	2000	33.191	5.473	2000	33.191	5.473	2000	33.191	5.473	2000	33.191	5.473	2000	33.191	5.473	2000	33.687	5.857	2000	33.714	5.886	2000	33.714	5.886	2000	
32.007	5.373	2000	32.007	5.373	2000	32.007	5.373	2000	32.007	5.373	2000	32.007	5.373	2000	32.007	5.373	2000	32.419	5.650	2000	32.429	5.664	2000	32.429	5.664	2000	
29.892	5.277	2000	29.892	5.277	2000	29.892	5.277	2000	29.892	5.277	2000	29.892	5.277	2000	29.892	5.277	2000	30.184	5.501	2000	30.193	5.512	2000	30.193	5.512	2000	
27.264	4.993	2000	27.264	4.993	2000	27.264	4.993	2000	27.264	4.993	2000	27.264	4.993	2000	27.264	4.993	2000	27.430	5.139	2000	27.435	5.149	2000	27.435	5.149	2000	
23.345	4.622	2000	23.345	4.622	2000	23.345	4.622	2000	23.345	4.622	2000	23.345	4.622	2000	23.345	4.622	2000	23.417	4.711	2000	23.419	4.715	2000	23.419	4.715	2000	
17.999	4.164	2000	17.999	4.164	2000	17.999	4.164	2000	17.999	4.164	2000	17.999	4.164	2000	17.999	4.164	2000	18.016	4.186	2000	18.016	4.186	2000	18.016	4.186	2000	
13.153	3.509	2000	13.153	3.509	2000	13.498	3.498	2000	17.102	3.509	2000	18.475	4.089	2000	18.613	4.252	2000	18.615	4.255	2000	18.615	4.255	2000	18.615	4.255	2000	
17.495	5.345	2000	17.495	5.345	2000	18.128	5.363	2000	27.060	4.811	2000	33.749	4.863	2000	36.177	5.755	2000	36.384	5.923	2000	36.387	5.928	2000	36.387	5.928	2000	
17.895	5.833	2000	17.895	5.833	2000	18.550	5.802	2000	28.945	5.244	2000	37.596	4.944	2000	41.338	5.823	2000	41.812	6.148	2000	41.819	6.157	2000	41.819	6.157	2000	
18.312	5.893	1998	18.312	5.893	1998	19.005	5.902	1998	29.717	5.515	2000	39.451	5.131	2000	43.833	6.151	2000	44.445	6.507	2000	44.458	6.521	2000	44.458	6.521	2000	
18.432	5.877	2000	18.432	5.877	2000	19.108	5.965	2000	30.018	5.540	2000	39.977	5.257	2000	44.597	6.300	2000	45.269	6.685	2000	45.281	6.700	2000	45.281	6.700	2000	
18.216	5.997	2000	18.216	5.997	2000	18.949	5.981	2000	29.731	5.603	2000	39.427	5.229	2000	43.774	6.282	2000	44.388	6.680	2000	44.399	6.694	2000	44.399	6.694	2000	
18.145	5.778	2000	18.145	5.778	2000	18.813	5.822	2000	29.130	5.230	2000	38.236	4.962	2000	42.128	5.961	2000	42.611	6.260	2000	42.618	6.269	2000	42.618	6.269	2000	
17.637	5.729	2000	17.637	5.729	2000	18.267	5.767	2000	28.190	5.209	2000	36.423	5.029	2000	39.651	6.065	2000	40.031	6.349	2000	40.039	6.357	2000	40.039	6.357	2000	
17.269	5.345	2000	17.269	5.345	2000	17.947	5.313	2000	26.899	4.791	2000	33.820	4.973	2000	36.215	5.847	2000	36.434	6.016	2000	36.435	6.019	2000	36.435	6.019	2000	
16.544	5.012	2000	16.544	5.012	2000	17.127	4.956	2000	24.927	4.506	2000	30.337	4.883	2000	31.794	5.563	2000	31.886	5.649	2000	31.887	5.650	2000	31.887	5.650	2000	
15.448	4.338	2000	15.448	4.338	2000	15.933	4.233	2000	21.990	3.947	2000	25.428	4.572	2000	26.146	5.009	2000	26.176	5.047	2000	26.176	5.049	2000	26.176	5.049	2000	
10.813	4.017	2000	10.813	4.017	2000	12.364	4.151	2000	21.180	4.434	2000	31.533	4.294	2000	39.189	5.199	2000	41.572	6.111	2000	41.753	6.250	2000	41.754	6.252	2000	
11.326	4.302	2000	11.326	4.302	2000	13.075	4.496	2000	22.913	5.002	2000	35.908	4.758	2000	47.501	5.204	2000	52.698	6.555	2000	53.385	6.953	2000	53.395	6.960	2000	
11.367	4.357	1998	11.367	4.357	1998	13.140	4.613	2000	23.358	5.302	2000	37.046	5.199	2000	49.944	5.415	2000	56.090	6.756	2000	57.031	7.282	2000	57.053	7.307	2000	
11.399	4.344	2000	11.399	4.344	2000	13.208	4.579	2000	23.310	5.283	2000	37.289	5.190	2000	50.398	5.332	2000	56.853	6.744	2000	57.869	7.191	2000	57.893	7.217	2000	
11.426	4.255	1999	11.426	4.255	1999	13.115	4.506	1999	23.208	5.046	2000	36.989	5.014	2000	49.797	5.337	2000	56.041	6.760	2000	57.001	7.301	2000	57.018	7.324	2000	
11.646	4.345	2000	11.646	4.345	2000	13.406	4.545	2000	23.270	5.164	2000	36.280	4.975	2000	48.283	5.266	2000	53.896	6.618	2000	54.672	7.060	2000	54.685	7.070	2000	
11.060	4.245	2000	11.060	4.245	2000	12.732	4.448	2000	22.289	4.956	2000	34.935	4.792	2000	45.881	5.296	2000	50.569	6.607	2000	51.160	6.986	2000	51.167	6.993	2000	
11.110	4.178	2000	11.110	4.178	2000	12.736	4.388	2000	21.846	4.696	2000	33.509	4.520	2000	42.757	5.267	2000	46.331	6.484	2000	46.687	6.757	2000	46.692	6.764	2000	
10.967	4.101	2000	10.967	4.101	2000	12.520	4.220	2000	21.311	4.545	2000	31.464	4.414	2000	38.921	5.314	2000	41.208	6.274	2000	41.403	6.441	2000	41.404	6.444	2000	
10.709	3.785	2000	10.709	3.785	2000	12.218	3.901	2000	20.024	3.978	2000	28.385	4.100	2000	33.500	5.135	2000	34.737	5.819	2000	34.794	5.867	2000	34.794	5.867	2000	
10.215	3.517	2000	10.215	3.517	2000	11.571	3.566	2000	17.978	3.532	2000	23.604	3.854	2000	26.167	4.742	2000	26.540	5.035	2000	26.550	5.053	2000	26.550	5.053	2000	
10.179	3.941	2000	10.179	3.941	2000	13.941	4.433	2000	24.785	5.223	2000	40.520	5.330	2000	56.713	5.548	2000	65.978	7.155	2000	67.788	7.903	2000	67.854	7.953	2000	
10.108	3.796	1997	10.108	3.796	1997	13.857	4.399	2000	25.170	5.278	2000	41.571	5.667	2000	58.865	5.719	2000	69.385	7.118	2000	71.710	8.053	2000	71.795	8.128	2000	
10.388	4.046	1999	10.388	4.046	1999	14.180	4.490	2000	25.301	5.282	2000	41.574	5.507	2000	59.216	5.757	2000	69.942	7.145	2000	72.384	8.066	2000	72.476	8.140	2000	
10.212	3.927	1997	10.212	3.927	1997	13.969	4.507	2000	25.142	5.345	2000	41.371	5.495	2000	58.720	5.633	2000	69.082	7.148	2000	71.309	7.933	2000	71.392	7.993	2000	
10.253	4.016	1998	10.253	4.016	1998	13.960	4.511	2000	24.979	5.227	2000	40.737	5.318	2000	57.133	5.654	2000	66.389	7.189	2000	68.266	8.015	2000	68.337	8.078	2000	
9.927	3.867	1999	9.927	3.867	1999	13.620	4.354	2000	24.534	4.979	2000	39.440	5.127	2000	54.262	5.487	2000	62.167	6.983	2000	63.608	7.707	2000	63.648	7.747	2000	
10.181	3.846	1999	10.181	3.846	1999	13.786	4.306	2000	24.198	4.763	2000	38.008	4.859	2000	50.811	5.440	2000	56.875	6.934	2000	57.758	7.447	2000	57.776	7.463	2000	
10.066	3.789	1999	10.066	3.789	1999	13.473	4.160	2000	23.221	4.676	2000	35.793	4.608	2000	46.441	5.432	2000	50.634	6.700	2000	51.100	6.993	2000	51.105	7.000	2000	
9.663	3.549	1999	9.663	3.549	1999	12.876	3.965	2000	22.082	4.299	2000	32.887	4.265	2000	41.058	5.319	2000	43.614	6.325	2000	43.806	6.465	2000	43.808	6.468	2000	
9.368	3.469	2000	9.368	3.469	2000	12.436	3.735	2000	20.344	3.860	2000	28.574	4.001	2000	33.531	5.168	2000	34.609	5.800	2000	34.658	5.851	2000	34.658	5.851	2000	
6.324	3.379	1973	6.324	3.379	1973	11.418	4.285	1999	20.828	5.207	2000	34.719	5.418	2000	50.109	5.323	2000	60.157	6.518	2000	62.761	7.462	2000	62.890	7.553	2000	
6.473	3.473	1971	6.473	3.473	1971	11.715	4.571	2000	21.420	5.480	2000	36.651	5.943	2000	55.121	5.685	2000	69.343	6.489	2000	74.134	7.806	2000	74.539	8.045	2000	
6.618	3.485	1972	6.618	3.485	1972	11.898	4.655	1999	21.967	5.567	2000	37.827	6.182	2000	57.561	5.919	2000	74.112	6.497	2000	80.389	7.930	2000	81.027	8.247	2000	
6.386	3.430	1968	6.386	3.430	1968	11.763	4.607	1999	21.826	5.775	2000	38.119	6.374	2000	59.407	6.223	2000	78.117	6.722	2000	85.899	8.297	2000	86.818	8.736	2000	
6.507	3.419	1980	6.507	3.419	1980	11.872	4.600	2000	22.148	5.810	2000	38.793	6.397	2000	60.644	6.265	2000	79.997	6.665	2000	88.369	8.236	2000	89.408	8.699	2000	
6.463	3.414	1966	6.463	3.414	1966	11.829	4.553	2000	22.026	5.707	2000	38.439	6.449	2000	60.570	6.354	2000	80.266	6.813	2000	88.735	8.349	2000	89.801	8.819	2000	
6.446	3.499	1970	6.446	3.499	1970	11.667	4.599	2000	21.795	5.738	2000	38.317	6.239	2000	59.860	6.183	2000	78.587	6.751	2000	86.798	8.412	2000	87.732	8.834	2000	
6.347	3.336	1971	6.347	3.336	1971	11.674	4.432	1999	21.786	5.678	2000	37.876	6.213	2000	58.643	6.190	2000	76.238	6.789	2000	83.165	8.252	2000	83.899	8.590	2000	
6.370	3.446	1970	6.370	3.446	1970	11.733	4.555	2000	21.456	5.595	2000	37.070	6.066	2000	56.277	5.673	2000	71.655	6.592	2000	77.287	8.031	2000	77.780	8.314	2000	
6.316	3.369	1975	6.316	3.369	1975	11.523	4.345	1999	21.126	5.275	2000	35.980	5.665	2000	53.446	5.570	2000	66.073	6.675	2000	69.930	7.913	2000	70.207	8.083	2000	
6.292	3.336	1969	6.292	3.336	1969	11.344	4.366	1999	20.729	5.125	2000	34.401	5.350	2000	49.405	5.321	2000	59.016	6.543	2000	61.362	7.451	2000	61.472	7.531	2000	
6.131	3.189	1966	6.131	3.189	1966	11.180	4.143	2000	20.054	4.772	2000	32.397	4.841	2000	44.687	5.174	2000	51.386	6.487	2000	52.606	7.089	2000	52.651	7.132	2000	
6.189	3.153	1967	6.189	3.153	1967	10.909	4.017	1998	18.986	4.456	2000	29.549	4.442	2000	38.862	4.994	2000	42.848	6.105	2000	43.361	6.427	2000	43.368	6.437	2000	
3.322	2.132	1774	5.113	2.803	1959	9.711	3.828	2000	18.398	4.819	2000	32.667	5.755	2000	52.177	5.647	2000	70.316	6.104	2000	79.113	7.762	2000	80.400	8.330	2000	
3.291	2.161	1810	5.241	2.915	1953	9.970	4.069	1998	18.761	5.098	2000	33.305	5.954	2000	54.056	6.045	2000	74.595	6.379	2000	85.655	7.757	2000	87.605	8.512	2000	
3.368	2.212	1790	5.215	2.960	1961	9.999	3.979	1998	18.914	5.115	2000	33.894	5.892	2000	55.414	6.169	2000	77.654	6.332	2000	90.327	7.784	2000	92.874	8.688	2000	
3.432	2.253	1795	5.320	2.970	1965	10.134	4.113	2000	19.019	5.368	2000	34.307	6.122	2000	56.351	6.114	2000	79.583	6.378	2000	93.616	7.943	2000	96.601	8.905	2000	
3.288	2.078	1779	5.128	2.813	1958	9.981	3.957	1998	18.859	5.203	2000	34.197	6.114	2000	56.317	6.251	2000	80.183	6.328	2000	94.881	7.980	2000	98.089	8.995	2000	
3.356	2.116	1771	5.285	2.915	1957	10.015	3.894	1999	18.913	5.120	2000	34.141	5.943	2000	56.235	6.235	2000	79.994	6.386	2000	94.084	8.011	2000	97.152	9.065	2000	
3.367	2.258	1792	5.226	3.030	1970	10.076	4.069	1999	19.017	5.203	2000	34.076	6.206	2000	55.911	6.249	2000	78.539	6.436	2000	91.845	7.985	2000	94.576	8.955	2000	
3.432	2.216	1782	5.294	2.872	1946	9.976	3.857	1998	18.716	5.069	2000	33.510	5.829	2000	54.364	6.170	2000	75.549	6.444	2000	87.165	8.094	2000	89.290	8.971	2000	
3.438	2.251	1805	5.259	2.934	1961	9.913	4.056	1998	18.563	5.008	2000	32.909	5.712	2000	52.476	5.922	2000	71.009	6.296	2000	80.114	7.890	2000	81.533	8.515	2000	
3.334	2.151	1791	5.239	2.922	1957	9.814	3.928	1999	18.133	4.952	2000	31.392	5.511	2000	47.990	5.299	2000	61.733	6.116	2000	66.993	7.579	2000	67.521	7.884	2000	
3.314	2.190	1796	5.194	2.860	1959	9.712	3.790	1999	17.863	4.696	2000	30.210	5.098	2000	45.085	4.977	2000	56.244	6.068	2000	59.733	7.275	2000	60.001	7.462	2000	
3.343	2.158	1826	5.022	2.775	1968	9.396	3.672	2000	17.354	4.479	2000	28.924	4.723	2000	41.651	4.841	2000	50.033	5.998	2000	52.217	6.900	2000	52.328	6.981	2000	
3.278	2.078	1778	4.951	2.723	1958	9.201	3.568	2000	16.424	4.088	2000	26.155	4.086	2000	35.223	4.505	2000	39.769	5.774	2000	40.534	6.244	2000	40.554	6.266	2000	
32.593	5.441	2000	32.593	5.441	2000	32.593	5.441	2000	32.593	5.441	2000	33.351	5.416	2000	43.435	5.372	2000	47.734	6.502	2000	48.249	6.802	2000	48.255	6.809	2000	
35.277	5.993	2000	35.277	5.993	2000	35.277	5.993	2000	35.277	5.993	2000	36.122	5.924	2000	49.721	5.539	2000	56.818	6.711	2000	58.155	7.315	2000	58.195	7.353	2000	
35.930	6.486	2000	35.930	6.486	2000	35.930	6.486	2000	35.930	6.486	2000	36.885	6.427	2000	51.585	5.801	2000	59.941	6.759	2000	61.612	7.520	2000	61.671	7.557	2000	
38.874	7.167	2000	38.874	7.167	2000	38.874	7.167	2000	38.874	7.167	2000	40.042	7.148	2000	59.608	6.607	2000	74.218	7.086	2000	78.688	8.322	2000	78.996	8.504	2000	
40.638	7.874	2000	40.638	7.874	2000	40.638	7.874	2000	40.638	7.874	2000	42.062	7.839	2000	64.606	7.285	2000	83.128	7.077	2000	90.198	8.509	2000	90.888	8.837	2000	
41.336	8.210	2000	41.336	8.210	2000	41.336	8.210	2000	41.336	8.210	2000	42.618	8.204	2000	66.415	7.491	2000	86.988	7.278	2000	95.331	8.808	2000	96.268	9.261	2000	
41.958	8.069	2000	41.958	8.069	2000	41.958	8.069	2000	41.958	8.069	2000	43.389	8.121	2000	67.809	7.582	2000	89.268	7.228	2000	98.586	8.648	2000	99.727	9.107	2000	
42.001	8.215	2000	42.001	8.215	2000	42.001	8.215	2000	42.001	8.215	2000	43.376	8.176	2000	68.400	7.601	2000	90.818	7.220	2000	100.831	8.757	2000	102.141	9.337	2000	
42.252	8.249	2000	42.252	8.249	2000	42.252	8.249	2000	42.252	8.249	2000	43.653	8.179	2000	68.408	7.626	2000	91.308	7.135	2000	101.472	8.764	2000	102.797	9.258	2000	
41.879	8.209	2000	41.879	8.209	2000	41.879	8.209	2000	41.879	8.209	2000	43.274	8.306	2000	68.097	7.651	2000	90.559	7.083	2000	100.549	8.466	2000	101.813	8.969	2000	
41.608	8.206	2000	41.608	8.206	2000	41.608	8.206	2000	41.608	8.206	2000	42.972	8.201	2000	67.061	7.636	2000	88.259	7.229	2000	97.105	8.694	2000	98.108	9.167	2000	
41.098	7.836	2000	41.098	7.836	2000	41.098	7.836	2000	41.098	7.836	2000	42.420	7.803	2000	65.292	7.198	2000	84.018	7.341	2000	91.293	8.776	2000	92.012	9.093	2000	
39.352	7.292	2000	39.352	7.292	2000	39.352	7.292	2000	39.352	7.292	2000	40.534	7.280	2000	60.600	6.521	2000	75.511	6.979	2000	80.341	8.244	2000	80.684	8.450	2000	
34.895	6.113	2000	34.895	6.113	2000	34.895	6.113	2000	34.895	6.113	2000	35.869	6.075	2000	49.310	5.494	2000	56.429	6.673	2000	57.707	7.315	2000	57.741	7.339	2000	
30.597	5.083	2000	30.597	5.083	2000	30.597	5.083	2000	30.597	5.083	2000	31.221	5.050	2000	39.650	5.171	2000	42.713	6.150	2000	43.015	6.375	2000	43.018	6.379	2000	
27.897	4.482	2000	27.897	4.482	2000	27.897	4.482	2000	27.897	4.482	2000	28.392	4.471	2000	34.299	5.136	2000	35.962	5.888	2000	36.073	5.993	2000	36.074	5.996	2000	
53.950	6.141	2000	53.950	6.141	2000	53.950	6.141	2000	53.950	6.141	2000	53.950	6.141	2000	55.214	6.186	2000	61.159	7.034	2000	61.941	7.453	2000	61.951	7.464	2000	
59.959	6.727	2000	59.959	6.727	2000	59.959	6.727	2000	59.959	6.727	2000	59.959	6.727	2000	61.724	6.626	2000	71.187	7.392	2000	72.912	8.111	2000	72.959	8.149	2000	
63.501	6.990	2000	63.501	6.990	2000	63.501	6.990	2000	63.501	6.990	2000	63.501	6.990	2000	65.561	6.932	2000	76.972	7.577	2000	79.463	8.438	2000	79.562	8.508	2000	
65.502	7.247	2000	65.502	7.247	2000	65.502	7.247	2000	65.502	7.247	2000	65.502	7.247	2000	67.695	7.149	2000	80.847	7.627	2000	83.945	8.608	2000	84.094	8.701	2000	
68.685	7.740	2000	68.685	7.740	2000	68.685	7.740	2000	68.685	7.740	2000	68.685	7.740	2000	71.259	7.593	2000	87.096	7.691	2000	91.353	8.744	2000	91.611	8.898	2000	
70.808	8.482	2000	70.808	8.482	2000	70.808	8.482	2000	70.808	8.482	2000	70.808	8.482	2000	73.525	8.283	2000	91.029	7.860	2000	96.358	8.976	2000	96.731	9.175	2000	
72.360	8.458	2000	72.360	8.458	2000	72.360	8.458	2000	72.360	8.458	2000	72.360	8.458	2000	75.363	8.203	2000	94.463	8.001	2000	100.653	9.167	2000	101.108	9.382	2000	
73.744	8.405	2000	73.744	8.405	2000	73.744	8.405	2000	73.744	8.405	2000	73.744	8.405	2000	76.704	8.169	2000	96.485	7.762	2000	103.243	9.173	2000	103.784	9.433	2000	
73.705	8.817	2000	73.705	8.817	2000	73.705	8.817	2000	73.705	8.817	2000	73.705	8.817	2000	76.858	8.605	2000	97.252	7.625	2000	104.298	8.900	2000	104.899	9.162	2000	
73.572	8.811	2000	73.572	8.811	2000	73.572	8.811	2000	73.572	8.811	2000	73.572	8.811	2000	76.575	8.580	2000	97.162	7.883	2000	104.407	9.107	2000	104.973	9.356	2000	
73.227	8.266	2000	73.227	8.266	2000	73.227	8.266	2000	73.227	8.266	2000	73.227	8.266	2000	76.253	8.121	2000	96.197	7.921	2000	102.855	9.288	2000	103.352	9.526	2000	
71.372	8.270	2000	71.372	8.270	2000	71.372	8.270	2000	71.372	8.270	2000	71.372	8.270	2000	74.231	8.096	2000	93.113	7.728	2000	99.090	9.017	2000	99.527	9.233	2000	
69.488	7.730	2000	69.488	7.730	2000	69.488	7.730	2000	69.488	7.730	2000	69.488	7.730	2000	72.128	7.550	2000	88.285	7.826	2000	92.876	8.938	2000	93.150	9.082	2000	
64.679	7.223	2000	64.679	7.223	2000	64.679	7.223	2000	64.679	7.223	2000	64.679	7.223	2000	66.822	7.033	2000	79.183	7.508	2000	82.041	8.419	2000	82.151	8.500	2000	
46.378	6.002	2000	46.378	6.002	2000	46.378	6.002	2000	46.378	6.002	2000	46.378	6.002	2000	46.378	6.002	2000	47.597	6.425	2000	48.001	6.695	2000	48.008	6.704	2000	
57.052	6.348	2000	57.052	6.348	2000	57.052	6.348	2000	57.052	6.348	2000	57.052	6.348	2000	57.052	6.348	2000	59.807	6.923	2000	61.068	7.497	2000	61.103	7.531	2000	
67.405	7.064	2000	67.405	7.064	2000	67.405	7.064	2000	67.405	7.064	2000	67.405	7.064	2000	67.405	7.064	2000	72.370	7.287	2000	75.572	8.144	2000	75.741	8.262	2000	
71.635	7.362	2000	71.635	7.362	2000	71.635	7.362	2000	71.635	7.362	2000	71.635	7.362	2000	71.635	7.362	2000	77.796	7.459	2000	82.230	8.486	2000	82.510	8.660	2000	
74.808	7.735	2000	74.808	7.735	2000	74.808	7.735	2000	74.808	7.735	2000	74.808	7.735	2000	74.808	7.735	2000	82.142	7.617	2000	87.757	8.623	2000	88.189	8.855	2000	
77.661	8.092	2000	77.661	8.092	2000	77.661	8.092	2000	77.661	8.092	2000	77.661	8.092	2000	77.661	8.092	2000	85.984	7.600	2000	92.656	8.733	2000	93.247	9.035	2000	
79.825	8.298	2000	79.825	8.298	2000	79.825	8.298	2000	79.825	8.298	2000	79.825	8.298	2000	79.825	8.298	2000	88.898	7.647	2000	96.781	8.621	2000	97.581	8.968	2000	
81.581	8.421	2000	81.581	8.421	2000	81.581	8.421	2000	81.581	8.421	2000	81.581	8.421	2000	81.581	8.421	2000	91.234	7.721	2000	99.807	8.798	2000	100.732	9.194	2000	
82.565	8.584	2000	82.565	8.584	2000	82.565	8.584	2000	82.565	8.584	2000	82.565	8.584	2000	82.565	8.584	2000	92.438	7.928	2000	101.469	8.849	2000	102.472	9.273	2000	
82.979	8.550	2000	82.979	8.550	2000	82.979	8.550	2000	82.979	8.550	2000	82.979	8.550	2000	82.979	8.550	2000	93.013	8.029	2000	102.190	9.010	2000	103.196	9.434	2000	
82.614	8.597	2000	82.614	8.597	2000	82.614	8.597	2000	82.614	8.597	2000	82.614	8.597	2000	82.614	8.597	2000	92.577	8.078	2000	101.403	8.903	2000	102.400	9.279	2000	
81.256	8.427	2000	81.256	8.427	2000	81.256	8.427	2000	81.256	8.427	2000	81.256	8.427	2000	81.256	8.427	2000	90.751	7.832	2000	99.183	8.928	2000	100.100	9.315	2000	
79.558	8.094	2000	79.558	8.094	2000	79.558	8.094	2000	79.558	8.094	2000	79.558	8.094	2000	79.558	8.094	2000	88.239	7.757	2000	95.783	8.896	2000	96.500	9.228	2000	
76.238	7.952	2000	76.238	7.952	2000	76.238	7.952	2000	76.238	7.952	2000	76.238	7.952	2000	76.238	7.952	2000	83.933	7.739	2000	90.117	8.792	2000	90.626	9.074	2000	
70.553	7.347	2000	70.553	7.347	2000	70.553	7.347	2000	70.553	7.347	2000	70.553	7.347	2000	70.553	7.347	2000	76.578	7.339	2000	80.691	8.336	2000	80.944	8.482	2000	
58.261	6.427	2000	58.261	6.427	2000	58.261	6.427	2000	58.261	6.427	2000	58.261	6.427	2000	58.261	6.427	2000	61.269	6.924	2000	62.774	7.544	2000	62.821	7.572	2000	
41.816	5.925	2000	41.816	5.925	2000	41.816	5.925	2000	41.816	5.925	2000	41.816	5.925	2000	41.816	5.925	2000	41.904	5.975	2000	42.189	6.186	2000	42.192	6.189	2000	
55.645	6.414	2000	55.645	6.414	2000	55.645	6.414	2000	55.645	6.414	2000	55.645	6.414	2000	55.645	6.414	2000	56.024	6.526	2000	57.273	7.061	2000	57.307	7.095	2000	
64.686	6.844	2000	64.686	6.844	2000	64.686	6.844	2000	64.686	6.844	2000	64.686	6.844	2000	64.686	6.844	2000	65.365	6.941	2000	67.966	7.759	2000	68.092	7.840	2000	
71.647	6.891	2000	71.647	6.891	2000	71.647	6.891	2000	71.647	6.891	2000	71.647	6.891	2000	71.647	6.891	2000	72.635	7.035	2000	76.717	8.114	2000	76.982	8.265	2000	
76.026	7.243	2000	76.026	7.243	2000	76.026	7.243	2000	76.026	7.243	2000	76.026	7.243	2000	76.026	7.243	2000	77.176	7.294	2000	82.638	8.354	2000	83.074	8.606	2000	
79.324	7.332	2000	79.324	7.332	2000	79.324	7.332	2000	79.324	7.332	2000	79.324	7.332	2000	79.324	7.332	2000	80.734	7.392	2000	87.376	8.506	2000	87.994	8.791	2000	
81.988	7.367	2000	81.988	7.367	2000	81.988	7.367	2000	81.988	7.367	2000	81.988	7.367	2000	81.988	7.367	2000	83.507	7.339	2000	91.016	8.509	2000	91.807	8.880	2000	
83.646	7.534	2000	83.646	7.534	2000	83.646	7.534	2000	83.646	7.534	2000	83.646	7.534	2000	83.646	7.534	2000	85.285	7.542	2000	93.451	8.626	2000	94.370	9.003	2000	
84.617	7.729	2000	84.617	7.729	2000	84.617	7.729	2000	84.617	7.729	2000	84.617	7.729	2000	84.617	7.729	2000	86.275	7.660	2000	94.844	8.607	2000	95.874	9.090	2000	
84.439	7.463	2000	84.439	7.463	2000	84.439	7.463	2000	84.439	7.463	2000	84.439	7.463	2000	84.439	7.463	2000	86.139	7.393	2000	94.649	8.511	2000	95.643	8.951	2000	
83.928	7.495	2000	83.928	7.495	2000	83.928	7.495	2000	83.928	7.495	2000	83.928	7.495	2000	83.928	7.495	2000	85.558	7.442	2000	93.837	8.515	2000	94.763	8.923	2000	
82.544	7.670	2000	82.544	7.670	2000	82.544	7.670	2000	82.544	7.670	2000	82.544	7.670	2000	82.544	7.670	2000	84.114	7.673	2000	91.747	8.662	2000	92.570	9.060	2000	
80.248	7.444	2000	80.248	7.444	2000	80.248	7.444	2000	80.248	7.444	2000	80.248	7.444	2000	80.248	7.444	2000	81.620	7.427	2000	88.326	8.549	2000	88.990	8.872	2000	
76.391	7.145	2000	76.391	7.145	2000	76.391	7.145	2000	76.391	7.145	2000	76.391	7.145	2000	76.391	7.145	2000	77.659	7.249	2000	83.241	8.459	2000	83.726	8.745	2000	
71.111	7.005	2000	71.111	7.005	2000	71.111	7.005	2000	71.111	7.005	2000	71.111	7.005	2000	71.111	7.005	2000	72.075	7.105	2000	76.066	8.024	2000	76.318	8.169	2000	
62.609	6.790	2000	62.609	6.790	2000	62.609	6.790	2000	62.609	6.790	2000	62.609	6.790	2000	62.609	6.790	2000	63.253	6.893	2000	65.474	7.656	2000	65.566	7.718	2000	
39.489	5.818	2000	39.489	5.818	2000	39.489	5.818	2000	39.489	5.818	2000	39.489	5.818	2000	39.489	5.818	2000	39.572	5.858	2000	39.767	6.011	2000	39.767	6.011	2000	
45.530	6.321	2000	45.530	6.321	2000	45.530	6.321	2000	45.530	6.321	2000	45.530	6.321	2000	45.530	6.321	2000	45.530	6.321	2000	45.691	6.429	2000	45.802	6.515	2000	
55.317	6.679	2000	55.317	6.679	2000	55.317	6.679	2000	55.317	6.679	2000	55.317	6.679	2000	55.317	6.679	2000	55.317	6.679	2000	55.734	6.866	2000	56.104	7.077	2000	
63.624	7.048	2000	63.624	7.048	2000	63.624	7.048	2000	63.624	7.048	2000	63.624	7.048	2000	63.624	7.048	2000	63.624	7.048	2000	64.412	7.320	2000	65.232	7.724	2000	
69.521	7.224	2000	69.521	7.224	2000	69.521	7.224	2000	69.521	7.224	2000	69.521	7.224	2000	69.521	7.224	2000	69.521	7.224	2000	70.731	7.573	2000	72.059	8.133	2000	
73.658	7.131	2000	73.658	7.131	2000	73.658	7.131	2000	73.658	7.131	2000	73.658	7.131	2000	73.658	7.131	2000	73.658	7.131	2000	75.106	7.500	2000	76.900	8.228	2000	
76.850	7.165	2000	76.850	7.165	2000	76.850	7.165	2000	76.850	7.165	2000	76.850	7.165	2000	76.850	7.165	2000	76.850	7.165	2000	78.584	7.575	2000	80.857	8.359	2000	
78.645	7.080	2000	78.645	7.080	2000	78.645	7.080	2000	78.645	7.080	2000	78.645	7.080	2000	78.645	7.080	2000	78.645	7.080	2000	80.508	7.505	2000	83.031	8.438	2000	
79.700	7.166	2000	79.700	7.166	2000	79.700	7.166	2000	79.700	7.166	2000	79.700	7.166	2000	79.700	7.166	2000	79.700	7.166	2000	81.626	7.537	2000	84.393	8.514	2000	
79.588	7.126	2000	79.588	7.126	2000	79.588	7.126	2000	79.588	7.126	2000	79.588	7.126	2000	79.588	7.126	2000	79.588	7.126	2000	81.573	7.540	2000	84.306	8.509	2000	
78.974	7.096	2000	78.974	7.096	2000	78.974	7.096	2000	78.974	7.096	2000	78.974	7.096	2000	78.974	7.096	2000	78.974	7.096	2000	80.834	7.485	2000	83.308	8.412	2000	
77.201	7.284	2000	77.201	7.284	2000	77.201	7.284	2000	77.201	7.284	2000	77.201	7.284	2000	77.201	7.284	2000	77.201	7.284	2000	78.885	7.692	2000	81.156	8.552	2000	
74.687	7.064	2000	74.687	7.064	2000	74.687	7.064	2000	74.687	7.064	2000	74.687	7.064	2000	74.687	7.064	2000	74.687	7.064	2000	76.206	7.497	2000	78.091	8.209	2000	
70.977	7.124	2000	70.977	7.124	2000	70.977	7.124	2000	70.977	7.124	2000	70.977	7.124	2000	70.977	7.124	2000	70.977	7.124	2000	72.222	7.513	2000	73.629	8.181	2000	
65.804	6.937	2000	65.804	6.937	2000	65.804	6.937	2000	65.804	6.937	2000	65.804	6.937	2000	65.804	6.937	2000	65.804	6.937	2000	66.739	7.294	2000	67.724	7.787	2000	
58.469	6.991	2000	58.469	6.991	2000	58.469	6.991	2000	58.469	6.991	2000	58.469	6.991	2000	58.469	6.991	2000	58.469	6.991	2000	59.016	7.239	2000	59.519	7.569	2000	
47.257	6.276	2000	47.257	6.276	2000	47.257	6.276	2000	47.257	6.276	2000	47.257	6.276	2000	47.257	6.276	2000	47.257	6.276	2000	47.468	6.394	2000	47.608	6.515	2000	
28.193	5.084	2000	28.193	5.084	2000	28.193	5.084	2000	28.193	5.084	2000	28.193	5.084	2000	28.193	5.084	2000	28.193	5.084	2000	28.199	5.092	2000	28.203	5.097	2000	
36.108	4.770	2000	36.108	4.770	2000	36.108	4.770	2000	36.108	4.770	2000	36.108	4.770	2000	36.108	4.770	2000	39.656	5.478	2000	41.099	6.162	2000	41.161	6.215	2000	
46.211	5.609	2000	46.211	5.609	2000	46.211	5.609	2000	46.211	5.609	2000	46.211	5.609	2000	46.211	5.609	2000	54.493	5.874	2000	60.145	7.054	2000	60.859	7.440	2000	
48.476	5.723	2000	48.476	5.723	2000	48.476	5.723	2000	48.476	5.723	2000	48.476	5.723	2000	48.476	5.723	2000	58.288	5.910	2000	65.679	7.235	2000	66.776	7.769	2000	
49.692	5.920	2000	49.692	5.920	2000	49.692	5.920	2000	49.692	5.920	2000	49.692	5.920	2000	49.692	5.920	2000	60.010	6.032	2000	68.194	7.358	2000	69.579	7.976	2000	
49.957	5.829	2000	49.957	5.829	2000	49.957	5.829	2000	49.957	5.829	2000	49.957	5.829	2000	49.957	5.829	2000	60.622	5.867	2000	69.511	7.192	2000	71.010	7.811	2000	
50.203	5.800	2000	50.203	5.800	2000	50.203	5.800	2000	50.203	5.800	2000	50.203	5.800	2000	50.203	5.800	2000	60.898	5.858	2000	69.681	7.147	2000	71.157	7.794	2000	
49.943	5.878	2000	49.943	5.878	2000	49.943	5.878	2000	49.943	5.878	2000	49.943	5.878	2000	49.943	5.878	2000	60.410	5.923	2000	68.805	7.168	2000	70.259	7.820	2000	
49.161	5.778	2000	49.161	5.778	2000	49.161	5.778	2000	49.161	5.778	2000	49.161	5.778	2000	49.161	5.778	2000	59.321	5.898	2000	67.284	7.255	2000	68.489	7.796	2000	
48.261	5.761	2000	48.261	5.761	2000	48.261	5.761	2000	48.261	5.761	2000	48.261	5.761	2000	48.261	5.761	2000	57.577	6.018	2000	64.516	7.300	2000	65.491	7.775	2000	
46.621	5.388	2000	46.621	5.388	2000	46.621	5.388	2000	46.621	5.388	2000	46.621	5.388	2000	46.621	5.388	2000	55.264	5.726	2000	61.255	7.044	2000	62.033	7.478	2000	
44.739	5.094	2000	44.739	5.094	2000	44.739	5.094	2000	44.739	5.094	2000	44.739	5.094	2000	44.739	5.094	2000	52.153	5.653	2000	56.836	6.908	2000	57.359	7.253	2000	
41.948	4.988	2000	41.948	4.988	2000	41.948	4.988	2000	41.948	4.988	2000	41.948	4.988	2000	41.948	4.988	2000	48.018	5.489	2000	51.358	6.491	2000	51.644	6.694	2000	
37.650	4.561	2000	37.650	4.561	2000	37.650	4.561	2000	37.650	4.561	2000	37.650	4.561	2000	37.650	4.561	2000	41.777	5.459	2000	43.665	6.277	2000	43.774	6.378	2000	
30.674	4.478	2000	30.674	4.478	2000	30.674	4.478	2000	30.674	4.478	2000	30.674	4.478	2000	30.674	4.478	2000	32.683	5.222	2000	33.294	5.626	2000	33.303	5.637	2000	
4.944	2.216	1994	4.944	2.216	1994	4.944	2.216	1994	4.944	2.216	1994	4.944	2.216	1994	4.944	2.216	1994	4.944	2.216	1994	4.944	2.216	1994	4.944	2.216	1994	
5.386	2.241	1985	5.386	2.241	1985	5.386	2.241	1985	5.386	2.241	1985	5.386	2.241	1985	5.386	2.241	1985	5.387	2.244	1985	5.387	2.244	1985	5.387	2.244	1985	
4.948	2.163	1985	4.948	2.163	1985	4.948	2.163	1985	4.948	2.163	1985	4.948	2.163	1985	4.948	2.163	1985	4.948	2.163	1985	4.948	2.163	1985	4.948	2.163	1985	
4.438	2.022	1971	4.438	2.022	1971	4.438	2.022	1971	4.438	2.022	1971	4.438	2.022	1971	4.438	2.022	1971	4.438	2.022	1971	4.438	2.022	1971	4.438	2.022	1971	
3.806	1.847	1948	3.806	1.847	1948	3.806	1.847	1948	3.806	1.847	1948	3.806	1.847	1948	3.806	1.847	1948	3.806	1.847	1948	3.806	1.847	1948	3.806	1.847	1948	
51.891	6.157	2000	51.891	6.157	2000	51.891	6.157	2000	51.891	6.157	2000	51.891	6.157	2000	51.891	6.157	2000	51.891	6.157	2000	52.998	6.579	2000	53.481	6.848	2000	
54.653	6.234	2000	54.653	6.234	2000	54.653	6.234	2000	54.653	6.234	2000	54.653	6.234	2000	54.653	6.234	2000	54.653	6.234	2000	55.994	6.744	2000	56.630	7.085	2000	
55.335	6.243	2000	55.335	6.243	2000	55.335	6.243	2000	55.335	6.243	2000	55.335	6.243	2000	55.335	6.243	2000	55.335	6.243	2000	56.785	6.719	2000	57.529	7.118	2000	
55.014	6.363	2000	55.014	6.363	2000	55.014	6.363	2000	55.014	6.363	2000	55.014	6.363	2000	55.014	6.363	2000	55.014	6.363	2000	56.358	6.833	2000	57.062	7.230	2000	
53.588	6.371	2000	53.588	6.371	2000	53.588	6.371	2000	53.588	6.371	2000	53.588	6.371	2000	53.588	6.371	2000	53.588	6.371	2000	54.813	6.849	2000	55.414	7.196	2000	
51.794	6.201	2000	51.794	6.201	2000	51.794	6.201	2000	51.794	6.201	2000	51.794	6.201	2000	51.794	6.201	2000	51.794	6.201	2000	52.849	6.659	2000	53.334	6.938	2000	
49.278	6.275	2000	49.278	6.275	2000	49.278	6.275	2000	49.278	6.275	2000	49.278	6.275	2000	49.278	6.275	2000	49.278	6.275	2000	50.105	6.648	2000	50.472	6.897	2000	
45.911	6.017	2000	45.911	6.017	2000	45.911	6.017	2000	45.911	6.017	2000	45.911	6.017	2000	45.911	6.017	2000	45.911	6.017	2000	46.525	6.308	2000	46.746	6.482	2000	
42.071	5.787	2000	42.071	5.787	2000	42.071	5.787	2000	42.071	5.787	2000	42.071	5.787	2000	42.071	5.787	2000	42.071	5.787	2000	42.466	6.013	2000	42.608	6.133	2000	
37.296	5.662	2000	37.296	5.662	2000	37.296	5.662	2000	37.296	5.662	2000	37.296	5.662	2000	37.296	5.662	2000	37.296	5.662	2000	37.511	5.827	2000	37.578	5.901	2000	
30.846	5.357	2000	30.846	5.357	2000	30.846	5.357	2000	30.846	5.357	2000	30.846	5.357	2000	30.846	5.357	2000	30.846	5.357	2000	30.923	5.428	2000	30.940	5.446	2000	
22.504	4.605	2000	22.504	4.605	2000	22.504	4.605	2000	22.504	4.605	2000	22.504	4.605	2000	22.504	4.605	2000	22.504	4.605	2000	22.513	4.615	2000	22.514	4.616	2000	
12.687	3.480	2000	12.687	3.480	2000	12.687	3.480	2000	12.687	3.480	2000	12.687	3.480	2000	12.687	3.480	2000	12.687	3.480	2000	12.687	3.480	2000	12.687	3.480	2000	
7.844	2.711	1999	7.844	2.711	1999	7.844	2.711	1999	7.844	2.711	1999	7.844	2.711	1999	7.844	2.711	1999	7.844	2.711	1999	7.844	2.711	1999	7.844	2.711	1999	
6.218	2.484	2000	6.218	2.484	2000	6.218	2.484	2000	6.218	2.484	2000	6.218	2.484	2000	6.218	2.484	2000	6.218	2.484	2000	6.218	2.484	2000	6.218	2.484	2000	
5.160	2.236	1993	5.160	2.236	1993	5.160	2.236	1993	5.160	2.236	1993	5.160	2.236	1993	5.160	2.236	1993	5.160	2.236	1993	5.160	2.236	1993	5.160	2.236	1993	
4.494	2.013	1979	4.494	2.013	1979	4.494	2.013	1979	4.494	2.013	1979	4.494	2.013	1979	4.494	2.013	1979	4.494	2.013	1979	4.494	2.013	1979	4.494	2.013	1979	
3.815	1.849	1955	3.815	1.849	1955	3.815	1.849	1955	3.815	1.849	1955	3.815	1.849	1955	3.815	1.849	1955	3.815	1.849	1955	3.815	1.849	1955	3.815	1.849	1955	
41.724	6.222	2000	41.724	6.222	2000	41.724	6.222	2000	41.724	6.222	2000	41.724	6.222	2000	41.724	6.222	2000	41.724	6.222	2000	41.724	6.222	2000	41.725	6.224	2000	
44.711	6.353	2000	44.711	6.353	2000	44.711	6.353	2000	44.711	6.353	2000	44.711	6.353	2000	44.711	6.353	2000	44.711	6.353	2000	44.711	6.353	2000	44.719	6.362	2000	
44.681	6.303	2000	44.681	6.303	2000	44.681	6.303	2000	44.681	6.303	2000	44.681	6.303	2000	44.681	6.303	2000	44.681	6.303	2000	44.681	6.303	2000	44.685	6.309	2000	
43.856	6.411	2000	43.856	6.411	2000	43.856	6.411	2000	43.856	6.411	2000	43.856	6.411	2000	43.856	6.411	2000	43.856	6.411	2000	43.856	6.411	2000	43.861	6.419	2000	
42.122	6.207	2000	42.122	6.207	2000	42.122	6.207	2000	42.122	6.207	2000	42.122	6.207	2000	42.122	6.207	2000	42.122	6.207	2000	42.122	6.207	2000	42.127	6.214	2000	
40.061	6.185	2000	40.061	6.185	2000	40.061	6.185	2000	40.061	6.185	2000	40.061	6.185	2000	40.061	6.185	2000	40.061	6.185	2000	40.061	6.185	2000	40.062	6.188	2000	
37.519	5.982	2000	37.519	5.982	2000	37.519	5.982	2000	37.519	5.982	2000	37.519	5.982	2000	37.519	5.982	2000	37.519	5.982	2000	37.519	5.982	2000	37.521	5.985	2000	
33.763	5.629	2000	33.763	5.629	2000	33.763	5.629	2000	33.763	5.629	2000	33.763	5.629	2000	33.763	5.629	2000	33.763	5.629	2000	33.763	5.629	2000	33.764	5.631	2000	
31.421	5.479	2000	31.421	5.479	2000	31.421	5.479	2000	31.421	5.479	2000	31.421	5.479	2000	31.421	5.479	2000	31.421	5.479	2000	31.421	5.479	2000	31.422	5.479	2000	
27.041	5.050	2000	27.041	5.050	2000	27.041	5.050	2000	27.041	5.050	2000	27.041	5.050	2000	27.041	5.050	2000	27.041	5.050	2000	27.041	5.050	2000	27.041	5.050	2000	
14.307	3.728	2000	14.307	3.728	2000	14.307	3.728	2000	14.307	3.728	2000	14.307	3.728	2000	14.307	3.728	2000	14.307	3.728	2000	14.307	3.728	2000	14.307	3.728	2000	
7.425	2.703	2000	7.425	2.703	2000	7.425	2.703	2000	7.425	2.703	2000	7.425	2.703	2000	7.425	2.703	2000	7.425	2.703	2000	7.425	2.703	2000	7.425	2.703	2000	
6.136	2.468	1998	6.136	2.468	1998	6.136	2.468	1998	6.136	2.468	1998	6.136	2.468	1998	6.136	2.468	1998	6.136	2.468	1998	6.136	2.468	1998	6.136	2.468	1998	
5.036	2.170	1990	5.036	2.170	1990	5.036	2.170	1990	5.036	2.170	1990	5.036	2.170	1990	5.036	2.170	1990	5.036	2.170	1990	5.036	2.170	1990	5.036	2.170	1990	
4.313	1.980	1980	4.313	1.980	1980	4.313	1.980	1980	4.313	1.980	1980	4.313	1.980	1980	4.313	1.980	1980	4.313	1.980	1980	4.313	1.980	1980	4.313	1.980	1980	
3.205	1.647	1920	3.205	1.647	1920	3.205	1.647	1920	3.205	1.647	1920	3.205	1.647	1920	3.205	1.647	1920	3.205	1.647	1920	3.205	1.647	1920	3.205	1.647	1920	
2.513	1.363	1809	2.513	1.363	1809	2.513	1.363	1809	2.513	1.363	1809	2.513	1.363	1809	2.513	1.363	1809	2.513	1.363	1809	2.513	1.363	1809	2.513	1.363	1809	
2.099	1.133	1654	2.099	1.133	1654	2.099	1.133	1654	2.099	1.133	1654	2.099	1.133	1654	2.099	1.133	1654	2.099	1.133	1654	2.099	1.133	1654	2.099	1.133	1654	
26.625	4.902	2000	26.625	4.902	2000	26.625	4.902	2000	26.625	4.902	2000	26.625	4.902	2000	26.625	4.902	2000	26.625	4.902	2000	26.625	4.902	2000	26.625	4.902	2000	
32.761	5.569	2000	32.761	5.569	2000	32.761	5.569	2000	32.761	5.569	2000	32.761	5.569	2000	32.761	5.569	2000	32.761	5.569	2000	32.761	5.569	2000	32.761	5.569	2000	
33.380	5.600	2000	33.380	5.600	2000	33.380	5.600	2000	33.380	5.600	2000	33.380	5.600	2000	33.380	5.600	2000	33.380	5.600	2000	33.380	5.600	2000	33.380	5.600	2000	
32.711	5.591	2000	32.711	5.591	2000	32.711	5.591	2000	32.711	5.591	2000	32.711	5.591	2000	32.711	5.591	2000	32.711	5.591	2000	32.711	5.591	2000	32.711	5.591	2000	
31.461	5.542	2000	31.461	5.542	2000	31.461	5.542	2000	31.461	5.542	2000	31.461	5.542	2000	31.461	5.542	2000	31.461	5.542	2000	31.461	5.542	2000	31.461	5.542	2000	
29.900	5.297	2000	29.900	5.297	2000	29.900	5.297	2000	29.900	5.297	2000	29.900	5.297	2000	29.900	5.297	2000	29.900	5.297	2000	29.900	5.297	2000	29.900	5.297	2000	
29.045	5.201	2000	29.045	5.201	2000	29.045	5.201	2000	29.045	5.201	2000	29.045	5.201	2000	29.045	5.201	2000	29.045	5.201	2000	29.045	5.201	2000	29.045	5.201	2000	
23.650	4.834	2000	23.650	4.834	2000	23.650	4.834	2000	23.650	4.834	2000	23.650	4.834	2000	23.650	4.834	2000	23.650	4.834	2000	23.650	4.834	2000	23.650	4.834	2000	
17.304	4.075	2000	17.304	4.075	2000	17.304	4.075	2000	17.304	4.075	2000	17.304	4.075	2000	17.304	4.075	2000	17.304	4.075	2000	17.304	4.075	2000	17.304	4.075	2000	
10.842	3.288	2000	10.842	3.288	2000	10.842	3.288	2000	10.842	3.288	2000	10.842	3.288	2000	10.842	3.288	2000	10.842	3.288	2000	10.842	3.288	2000	10.842	3.288	2000	
4.269	1.981	1985	4.269	1.981	1985	4.269	1.981	1985	4.269	1.981	1985	4.269	1.981	1985	4.269	1.981	1985	4.269	1.981	1985	4.269	1.981	1985	4.269	1.981	1985	
2.530	1.348	1790	2.530	1.348	1790	2.530	1.348	1790	2.530	1.348	1790	2.530	1.348	1790	2.530	1.348	1790	2.530	1.348	1790	2.530	1.348	1790	2.530	1.348	1790	
2.499	1.342	1803	2.499	1.342	1803	2.499	1.342	1803	2.499	1.342	1803	2.499	1.342	1803	2.499	1.342	1803	2.499	1.342	1803	2.499	1.342	1803	2.499	1.342	1803	
21.685	4.549	2000	21.685	4.549	2000	21.685	4.549	2000	21.685	4.549	2000	21.685	4.549	2000	21.685	4.549	2000	21.685	4.549	2000	21.685	4.549	2000	21.685	4.549	2000	
24.407	4.789	2000	24.407	4.789	2000	24.407	4.789	2000	24.407	4.789	2000	24.407	4.789	2000	24.407	4.789	2000	24.407	4.789	2000	24.407	4.789	2000	24.407	4.789	2000	
24.562	4.762	2000	24.562	4.762	2000	24.562	4.762	2000	24.562	4.762	2000	24.562	4.762	2000	24.562	4.762	2000	24.562	4.762	2000	24.562	4.762	2000	24.562	4.762	2000	
24.005	4.840	2000	24.005	4.840	2000	24.005	4.840	2000	24.005	4.840	2000	24.005	4.840	2000	24.005	4.840	2000	24.005	4.840	2000	24.005	4.840	2000	24.005	4.840	2000	
22.892	4.792	2000	22.892	4.792	2000	22.892	4.792	2000	22.892	4.792	2000	22.892	4.792	2000	22.892	4.792	2000	22.892	4.792	2000	22.892	4.792	2000	22.892	4.792	2000	
23.301	4.715	2000	23.301	4.715	2000	23.301	4.715	2000	23.301	4.715	2000	23.301	4.715	2000	23.301	4.715	2000	23.301	4.715	2000	23.301	4.715	2000	23.301	4.715	2000	
16.825	4.068	2000	16.825	4.068	2000	16.825	4.068	2000	16.825	4.068	2000	16.825	4.068	2000	16.825	4.068	2000	16.825	4.068	2000	16.825	4.068	2000	16.825	4.068	2000	
11.788	3.398	2000	11.788	3.398	2000	11.788	3.398	2000	11.788	3.398	2000	11.788	3.398	2000	11.788	3.398	2000	11.788	3.398	2000	11.788	3.398	2000	11.788	3.398	2000	
7.507	2.728	1999	7.507	2.728	1999	7.507	2.728	1999	7.507	2.728	1999	7.507	2.728	1999	7.507	2.728	1999	7.507	2.728	1999	7.507	2.728	1999	7.507	2.728	1999	
3.937	1.907	1963	3.937	1.907	1963	3.937	1.907	1963	3.937	1.907	1963	3.937	1.907	1963	3.937	1.907	1963	3.937	1.907	1963	3.937	1.907	1963	3.937	1.907	1963	
2.300	1.242	1709	2.300	1.242	1709	2.300	1.242	1709	2.300	1.242	1709	2.300	1.242	1709	2.300	1.242	1709	2.300	1.242	1709	2.300	1.242	1709	2.300	1.242	1709	
13.798	3.638	2000	13.798	3.638	2000	13.798	3.638	2000	13.798	3.638	2000	13.798	3.638	2000	13.798	3.638	2000	13.798	3.638	2000	13.798	3.638	2000	13.798	3.638	2000	
17.215	4.098	2000	17.215	4.098	2000	17.215	4.098	2000	17.215	4.098	2000	17.215	4.098	2000	17.215	4.098	2000	17.215	4.098	2000	17.215	4.098	2000	17.215	4.098	2000	
18.123	4.164	2000	18.123	4.164	2000	18.123	4.164	2000	18.123	4.164	2000	18.123	4.164	2000	18.123	4.164	2000	18.123	4.164	2000	18.123	4.164	2000	18.123	4.164	2000	
18.996	4.323	2000	18.996	4.323	2000	18.996	4.323	2000	18.996	4.323	2000	18.996	4.323	2000	18.996	4.323	2000	18.996	4.323	2000	18.996	4.323	2000	18.996	4.323	2000	
15.444	3.887	2000	15.444	3.887	2000	15.444	3.887	2000	15.444	3.887	2000	15.444	3.887	2000	15.444	3.887	2000	15.444	3.887	2000	15.444	3.887	2000	15.444	3.887	2000	
11.379	3.291	2000	11.379	3.291	2000	11.379	3.291	2000	11.379	3.291	2000	11.379	3.291	2000	11.379	3.291	2000	11.379	3.291	2000	11.379	3.291	2000	11.379	3.291	2000	
7.796	2.705	1999	7.796	2.705	1999	7.796	2.705	1999	7.796	2.705	1999	7.796	2.705	1999	7.796	2.705	1999	7.796	2.705	1999	7.796	2.705	1999	7.796	2.705	1999	
4.953	2.243	1985	4.953	2.243	1985	4.953	2.243	1985	4.953	2.243	1985	4.953	2.243	1985	4.953	2.243	1985	4.953	2.243	1985	4.953	2.243	1985	4.953	2.243	1985	
2.903	1.540	1852	2.903	1.540	1852	2.903	1.540	1852	2.903	1.540	1852	2.903	1.540	1852	2.903	1.540	1852	2.903	1.540	1852	2.903	1.540	1852	2.903	1.540	1852	
1.882	1.000	1503	1.882	1.000	1503	1.882	1.000	1503	1.882	1.000	1503	1.882	1.000	1503	1.882	1.000	1503	1.882	1.000	1503	1.882	1.000	1503	1.882	1.000	1503	
7.989	2.821	2000	7.989	2.821	2000	7.989	2.821	2000	7.989	2.821	2000	7.989	2.821	2000	7.989	2.821	2000	7.989	2.821	2000	7.989	2.821	2000	7.989	2.821	2000	
10.921	3.264	2000	10.921	3.264	2000	10.921	3.264	2000	10.921	3.264	2000	10.921	3.264	2000	10.921	3.264	2000	10.921	3.264	2000	10.921	3.264	2000	10.921	3.264	2000	
12.644	3.531	2000	12.644	3.531	2000	12.644	3.531	2000	12.644	3.531	2000	12.644	3.531	2000	12.644	3.531	2000	12.644	3.531	2000	12.644	3.531	2000	12.644	3.531	2000	
13.750	3.684	2000	13.750	3.684	2000	13.750	3.684	2000	13.750	3.684	2000	13.750	3.684	2000	13.750	3.684	2000	13.750	3.684	2000	13.750	3.684	2000	13.750	3.684	2000	
10.178	3.179	1999	10.178	3.179	1999	10.178	3.179	1999	10.178	3.179	1999	10.178	3.179	1999	10.178	3.179	1999	10.178	3.179	1999	10.178	3.179	1999	10.178	3.179	1999	
7.234	2.674	1998	7.234	2.674	1998	7.234	2.674	1998	7.234	2.674	1998	7.234	2.674	1998	7.234	2.674	1998	7.234	2.674	1998	7.234	2.674	1998	7.234	2.674	1998	
4.963	2.192	1985	4.963	2.192	1985	4.963	2.192	1985	4.963	2.192	1985	4.963	2.192	1985	4.963	2.192	1985	4.963	2.192	1985	4.963	2.192	1985	4.963	2.192	1985	
2.428	1.322	1760	2.428	1.322	1760	2.428	1.322	1760	2.428	1.322	1760	2.428	1.322	1760	2.428	1.322	1760	2.428	1.322	1760	2.428	1.322	1760	2.428	1.322	1760	
1.359	0.624	906	1.359	0.624	906	1.359	0.624	906	1.359	0.624	906	1.359	0.624	906	1.359	0.624	906	1.359	0.624	906	1.359	0.624	906	1.359	0.624	906	
