-1	-1	-1	-1	-1	-1	-1	-1	-1	-1	-1	-1	-1	-1	-1	-1	-1	-1	-1	-1	-1	-1	-1	-1	-1	-1	-1	
13.300	7.236	480	13.300	7.236	480	13.300	7.236	480	13.300	7.236	480	13.300	7.236	480	13.300	7.236	480	13.300	7.236	480	13.300	7.236	480	13.300	7.236	480	
13.997	3.735	2000	13.997	3.735	2000	13.997	3.735	2000	13.997	3.735	2000	13.997	3.735	2000	13.997	3.735	2000	13.997	3.735	2000	13.997	3.735	2000	13.997	3.735	2000	
15.580	3.871	2000	15.580	3.871	2000	15.580	3.871	2000	15.580	3.871	2000	15.580	3.871	2000	15.580	3.871	2000	15.580	3.871	2000	15.580	3.871	2000	15.580	3.871	2000	
17.158	3.987	2000	17.158	3.987	2000	17.158	3.987	2000	17.158	3.987	2000	17.158	3.987	2000	17.158	3.987	2000	17.158	3.987	2000	17.158	3.987	2000	17.158	3.987	2000	
17.380	3.995	2000	17.380	3.995	2000	17.380	3.995	2000	17.380	3.995	2000	17.380	3.995	2000	17.380	3.995	2000	17.380	3.995	2000	17.380	3.995	2000	17.380	3.995	2000	
17.245	4.026	2000	17.245	4.026	2000	17.245	4.026	2000	17.245	4.026	2000	17.245	4.026	2000	17.245	4.026	2000	17.245	4.026	2000	17.245	4.026	2000	17.245	4.026	2000	
16.609	3.882	2000	16.609	3.882	2000	16.609	3.882	2000	16.609	3.882	2000	16.609	3.882	2000	16.609	3.882	2000	16.609	3.882	2000	16.609	3.882	2000	16.609	3.882	2000	
15.892	3.873	2000	15.892	3.873	2000	15.892	3.873	2000	15.892	3.873	2000	15.892	3.873	2000	15.892	3.873	2000	15.892	3.873	2000	15.892	3.873	2000	15.892	3.873	2000	
14.709	3.743	2000	14.709	3.743	2000	14.709	3.743	2000	14.709	3.743	2000	14.709	3.743	2000	14.709	3.743	2000	14.709	3.743	2000	14.709	3.743	2000	14.709	3.743	2000	
13.211	3.555	2000	13.211	3.555	2000	13.211	3.555	2000	13.211	3.555	2000	13.211	3.555	2000	13.211	3.555	2000	13.211	3.555	2000	13.211	3.555	2000	13.211	3.555	2000	
11.558	3.287	2000	11.558	3.287	2000	11.558	3.287	2000	11.558	3.287	2000	11.558	3.287	2000	11.558	3.287	2000	11.558	3.287	2000	11.558	3.287	2000	11.558	3.287	2000	
9.635	3.064	2000	9.635	3.064	2000	9.635	3.064	2000	9.635	3.064	2000	9.635	3.064	2000	9.635	3.064	2000	9.635	3.064	2000	9.635	3.064	2000	9.635	3.064	2000	
8.528	5.176	455	8.528	5.176	455	8.528	5.176	455	8.528	5.176	455	8.528	5.176	455	8.528	5.176	455	8.528	5.176	455	8.528	5.176	455	8.528	5.176	455	
-1	-1	-1	-1	-1	-1	-1	-1	-1	-1	-1	-1	-1	-1	-1	-1	-1	-1	-1	-1	-1	-1	-1	-1	-1	-1	-1	
-1	-1	-1	-1	-1	-1	-1	-1	-1	-1	-1	-1	-1	-1	-1	-1	-1	-1	-1	-1	-1	-1	-1	-1	-1	-1	-1	
-1	-1	-1	-1	-1	-1	-1	-1	-1	-1	-1	-1	-1	-1	-1	-1	-1	-1	-1	-1	-1	-1	-1	-1	-1	-1	-1	
26.468	14.614	1987	26.468	14.614	1987	26.468	14.614	1987	26.468	14.614	1987	26.468	14.614	1987	26.468	14.614	1987	26.468	14.614	1987	26.468	14.614	1987	26.468	14.614	1987	
23.873	4.845	2000	23.873	4.845	2000	23.873	4.845	2000	23.873	4.845	2000	23.873	4.845	2000	23.873	4.845	2000	23.873	4.845	2000	23.873	4.845	2000	23.873	4.845	2000	
23.695	4.694	2000	23.695	4.694	2000	23.695	4.694	2000	23.695	4.694	2000	23.695	4.694	2000	23.695	4.694	2000	23.695	4.694	2000	23.695	4.694	2000	23.695	4.694	2000	
23.653	4.766	2000	23.653	4.766	2000	23.653	4.766	2000	23.653	4.766	2000	23.653	4.766	2000	23.653	4.766	2000	23.653	4.766	2000	23.653	4.766	2000	23.653	4.766	2000	
23.252	4.557	2000	23.252	4.557	2000	23.252	4.557	2000	23.252	4.557	2000	23.252	4.557	2000	23.252	4.557	2000	23.252	4.557	2000	23.252	4.557	2000	23.252	4.557	2000	
22.392	4.577	2000	22.392	4.577	2000	22.392	4.577	2000	22.392	4.577	2000	22.392	4.577	2000	22.392	4.577	2000	22.392	4.577	2000	22.392	4.577	2000	22.392	4.577	2000	
21.203	4.511	2000	21.203	4.511	2000	21.203	4.511	2000	21.203	4.511	2000	21.203	4.511	2000	21.203	4.511	2000	21.203	4.511	2000	21.203	4.511	2000	21.203	4.511	2000	
19.777	4.370	2000	19.777	4.370	2000	19.777	4.370	2000	19.777	4.370	2000	19.777	4.370	2000	19.777	4.370	2000	19.777	4.370	2000	19.777	4.370	2000	19.777	4.370	2000	
17.681	4.173	2000	17.681	4.173	2000	17.681	4.173	2000	17.681	4.173	2000	17.681	4.173	2000	17.681	4.173	2000	17.681	4.173	2000	17.681	4.173	2000	17.681	4.173	2000	
15.212	3.756	2000	15.212	3.756	2000	15.212	3.756	2000	15.212	3.756	2000	15.212	3.756	2000	15.212	3.756	2000	15.212	3.756	2000	15.212	3.756	2000	15.212	3.756	2000	
12.269	3.410	2000	12.269	3.410	2000	12.269	3.410	2000	12.269	3.410	2000	12.269	3.410	2000	12.269	3.410	2000	12.269	3.410	2000	12.269	3.410	2000	12.269	3.410	2000	
9.008	2.934	1999	9.008	2.934	1999	9.008	2.934	1999	9.008	2.934	1999	9.008	2.934	1999	9.008	2.934	1999	9.008	2.934	1999	9.008	2.934	1999	9.008	2.934	1999	
6.084	2.430	1995	6.084	2.430	1995	6.084	2.430	1995	6.084	2.430	1995	6.084	2.430	1995	6.084	2.430	1995	6.084	2.430	1995	6.084	2.430	1995	6.084	2.430	1995	
2.955	1.568	1860	2.955	1.568	1860	2.955	1.568	1860	2.955	1.568	1860	2.955	1.568	1860	2.955	1.568	1860	2.955	1.568	1860	2.955	1.568	1860	2.955	1.568	1860	
-1	-1	-1	-1	-1	-1	-1	-1	-1	-1	-1	-1	-1	-1	-1	-1	-1	-1	-1	-1	-1	-1	-1	-1	-1	-1	-1	
-1	-1	-1	-1	-1	-1	-1	-1	-1	-1	-1	-1	-1	-1	-1	-1	-1	-1	-1	-1	-1	-1	-1	-1	-1	-1	-1	
32.390	19.875	1501	32.390	19.875	1501	32.390	19.875	1501	32.390	19.875	1501	32.390	19.875	1501	32.390	19.875	1501	32.390	19.875	1501	32.390	19.875	1501	32.390	19.875	1501	
30.797	5.394	2000	30.797	5.394	2000	30.797	5.394	2000	30.797	5.394	2000	30.797	5.394	2000	30.797	5.394	2000	30.797	5.394	2000	30.797	5.394	2000	30.797	5.394	2000	
31.310	5.460	2000	31.310	5.460	2000	31.310	5.460	2000	31.310	5.460	2000	31.310	5.460	2000	31.310	5.460	2000	31.310	5.460	2000	31.310	5.460	2000	31.310	5.460	2000	
31.526	5.538	2000	31.526	5.538	2000	31.526	5.538	2000	31.526	5.538	2000	31.526	5.538	2000	31.526	5.538	2000	31.526	5.538	2000	31.526	5.538	2000	31.526	5.538	2000	
31.100	5.376	2000	31.100	5.376	2000	31.100	5.376	2000	31.100	5.376	2000	31.100	5.376	2000	31.100	5.376	2000	31.100	5.376	2000	31.100	5.376	2000	31.100	5.376	2000	
30.266	5.240	2000	30.266	5.240	2000	30.266	5.240	2000	30.266	5.240	2000	30.266	5.240	2000	30.266	5.240	2000	30.266	5.240	2000	30.266	5.240	2000	30.266	5.240	2000	
29.284	5.195	2000	29.284	5.195	2000	29.284	5.195	2000	29.284	5.195	2000	29.284	5.195	2000	29.284	5.195	2000	29.284	5.195	2000	29.284	5.195	2000	29.284	5.195	2000	
27.623	5.056	2000	27.623	5.056	2000	27.623	5.056	2000	27.623	5.056	2000	27.623	5.056	2000	27.623	5.056	2000	27.623	5.056	2000	27.623	5.056	2000	27.623	5.056	2000	
25.796	4.873	2000	25.796	4.873	2000	25.796	4.873	2000	25.796	4.873	2000	25.796	4.873	2000	25.796	4.873	2000	25.796	4.873	2000	25.796	4.873	2000	25.796	4.873	2000	
23.207	4.646	2000	23.207	4.646	2000	23.207	4.646	2000	23.207	4.646	2000	23.207	4.646	2000	23.207	4.646	2000	23.207	4.646	2000	23.207	4.646	2000	23.207	4.646	2000	
19.418	4.309	2000	19.418	4.309	2000	19.418	4.309	2000	19.418	4.309	2000	19.418	4.309	2000	19.418	4.309	2000	19.418	4.309	2000	19.418	4.309	2000	19.418	4.309	2000	
15.012	3.719	2000	15.012	3.719	2000	15.012	3.719	2000	15.012	3.719	2000	15.012	3.719	2000	15.012	3.719	2000	15.012	3.719	2000	15.012	3.719	2000	15.012	3.719	2000	
9.681	5.635	1671	9.681	5.635	1671	9.681	5.635	1671	9.681	5.635	1671	9.681	5.635	1671	9.681	5.635	1671	9.681	5.635	1671	9.681	5.635	1671	9.681	5.635	1671	
-1	-1	-1	-1	-1	-1	-1	-1	-1	-1	-1	-1	-1	-1	-1	-1	-1	-1	-1	-1	-1	-1	-1	-1	-1	-1	-1	
-1	-1	-1	-1	-1	-1	-1	-1	-1	-1	-1	-1	-1	-1	-1	-1	-1	-1	-1	-1	-1	-1	-1	-1	-1	-1	-1	
44.091	22.452	2000	44.091	22.452	2000	44.091	22.452	2000	44.091	22.452	2000	44.091	22.452	2000	44.091	22.452	2000	44.091	22.452	2000	44.091	22.452	2000	43.687	22.663	2000	
40.132	6.303	2000	40.132	6.303	2000	40.132	6.303	2000	40.132	6.303	2000	40.132	6.303	2000	40.132	6.303	2000	40.132	6.303	2000	40.132	6.303	2000	40.085	6.231	2000	
40.599	6.188	2000	40.599	6.188	2000	40.599	6.188	2000	40.599	6.188	2000	40.599	6.188	2000	40.599	6.188	2000	40.599	6.188	2000	40.599	6.188	2000	40.599	6.188	2000	
40.664	6.128	2000	40.664	6.128	2000	40.664	6.128	2000	40.664	6.128	2000	40.664	6.128	2000	40.664	6.128	2000	40.664	6.128	2000	40.664	6.128	2000	40.664	6.128	2000	
40.306	6.243	2000	40.306	6.243	2000	40.306	6.243	2000	40.306	6.243	2000	40.306	6.243	2000	40.306	6.243	2000	40.306	6.243	2000	40.306	6.243	2000	40.306	6.243	2000	
39.185	6.058	2000	39.185	6.058	2000	39.185	6.058	2000	39.185	6.058	2000	39.185	6.058	2000	39.185	6.058	2000	39.185	6.058	2000	39.185	6.058	2000	39.185	6.058	2000	
37.638	5.955	2000	37.638	5.955	2000	37.638	5.955	2000	37.638	5.955	2000	37.638	5.955	2000	37.638	5.955	2000	37.638	5.955	2000	37.638	5.955	2000	37.638	5.955	2000	
35.514	5.811	2000	35.514	5.811	2000	35.514	5.811	2000	35.514	5.811	2000	35.514	5.811	2000	35.514	5.811	2000	35.514	5.811	2000	35.514	5.811	2000	35.489	5.781	2000	
36.610	17.238	1998	36.610	17.238	1998	36.610	17.238	1998	36.610	17.238	1998	36.610	17.238	1998	36.610	17.238	1998	36.610	17.238	1998	36.610	17.238	1998	35.925	15.778	2000	
-1	-1	-1	-1	-1	-1	-1	-1	-1	-1	-1	-1	-1	-1	-1	-1	-1	-1	-1	-1	-1	-1	-1	-1	-1	-1	-1	
-1	-1	-1	-1	-1	-1	-1	-1	-1	-1	-1	-1	-1	-1	-1	-1	-1	-1	-1	-1	-1	-1	-1	-1	-1	-1	-1	
-1	-1	-1	-1	-1	-1	-1	-1	-1	-1	-1	-1	-1	-1	-1	-1	-1	-1	-1	-1	-1	-1	-1	-1	-1	-1	-1	
41.648	27.237	1170	41.648	27.237	1170	41.648	27.237	1170	41.648	27.237	1170	41.648	27.237	1170	41.648	27.237	1170	41.648	27.237	1170	41.648	27.237	1170	45.192	30.683	1427	
50.661	18.163	2000	50.661	18.163	2000	50.661	18.163	2000	50.661	18.163	2000	50.661	18.163	2000	50.661	18.163	2000	50.661	18.163	2000	50.661	18.163	2000	49.878	14.237	2000	
49.677	8.071	2000	49.677	8.071	2000	49.677	8.071	2000	49.677	8.071	2000	49.677	8.071	2000	49.677	8.071	2000	49.677	8.071	2000	49.677	8.071	2000	49.647	7.681	2000	
51.073	7.184	2000	51.073	7.184	2000	51.073	7.184	2000	51.073	7.184	2000	51.073	7.184	2000	51.073	7.184	2000	51.073	7.184	2000	51.073	7.184	2000	50.898	7.026	2000	
51.597	6.909	2000	51.597	6.909	2000	51.597	6.909	2000	51.597	6.909	2000	51.597	6.909	2000	51.597	6.909	2000	51.597	6.909	2000	51.597	6.909	2000	51.562	6.875	2000	
51.455	6.892	2000	51.455	6.892	2000	51.455	6.892	2000	51.455	6.892	2000	51.455	6.892	2000	51.455	6.892	2000	51.455	6.892	2000	51.455	6.892	2000	51.457	6.892	2000	
50.673	6.742	2000	50.673	6.742	2000	50.673	6.742	2000	50.673	6.742	2000	50.673	6.742	2000	50.673	6.742	2000	50.673	6.742	2000	50.673	6.742	2000	50.673	6.742	2000	
49.524	6.710	2000	49.524	6.710	2000	49.524	6.710	2000	49.524	6.710	2000	49.524	6.710	2000	49.524	6.710	2000	49.524	6.710	2000	49.524	6.710	2000	49.524	6.710	2000	
47.379	6.538	2000	47.379	6.538	2000	47.379	6.538	2000	47.379	6.538	2000	47.379	6.538	2000	47.379	6.538	2000	47.379	6.538	2000	47.379	6.538	2000	47.379	6.539	2000	
44.214	6.472	2000	44.214	6.472	2000	44.214	6.472	2000	44.214	6.472	2000	44.214	6.472	2000	44.214	6.472	2000	44.214	6.472	2000	44.214	6.472	2000	44.214	6.472	2000	
40.477	6.210	2000	40.477	6.210	2000	40.477	6.210	2000	40.477	6.210	2000	40.477	6.210	2000	40.477	6.210	2000	40.477	6.210	2000	40.477	6.210	2000	40.477	6.210	2000	
36.129	5.792	2000	36.129	5.792	2000	36.129	5.792	2000	36.129	5.792	2000	36.129	5.792	2000	36.129	5.792	2000	36.129	5.792	2000	36.129	5.792	2000	36.129	5.792	2000	
31.944	5.671	2000	31.944	5.671	2000	31.944	5.671	2000	31.944	5.671	2000	31.944	5.671	2000	31.944	5.671	2000	31.944	5.671	2000	31.944	5.671	2000	31.944	5.671	2000	
19.600	4.455	2000	19.600	4.455	2000	19.600	4.455	2000	19.600	4.455	2000	19.600	4.455	2000	19.600	4.455	2000	19.600	4.455	2000	19.600	4.455	2000	19.600	4.455	2000	
17.960	4.174	2000	17.960	4.174	2000	17.960	4.174	2000	17.960	4.174	2000	17.960	4.174	2000	17.960	4.174	2000	17.960	4.174	2000	17.960	4.174	2000	17.960	4.174	2000	
16.826	4.004	2000	16.826	4.004	2000	16.826	4.004	2000	16.826	4.004	2000	16.826	4.004	2000	16.826	4.004	2000	16.826	4.004	2000	16.826	4.004	2000	16.815	3.980	2000	
14.453	4.477	2000	14.453	4.477	2000	14.453	4.477	2000	14.453	4.477	2000	14.453	4.477	2000	14.453	4.477	2000	14.453	4.477	2000	14.453	4.477	2000	14.320	4.270	2000	
14.924	9.070	1545	14.924	9.070	1545	14.924	9.070	1545	14.924	9.070	1545	14.924	9.070	1545	14.924	9.070	1545	14.924	9.070	1545	14.924	9.070	1545	15.094	9.232	1769	
-1	-1	-1	-1	-1	-1	-1	-1	-1	-1	-1	-1	-1	-1	-1	-1	-1	-1	-1	-1	-1	-1	-1	-1	-1	-1	-1	
-1	-1	-1	-1	-1	-1	-1	-1	-1	-1	-1	-1	-1	-1	-1	-1	-1	-1	-1	-1	-1	22	-1	1	32.882	13.509	23	
45.293	29.781	1102	45.293	29.781	1102	45.293	29.781	1102	45.293	29.781	1102	45.293	29.781	1102	45.293	29.781	1102	45.293	29.781	1102	54.719	35.539	1539	61.123	35.990	1986	
64.872	36.294	1994	64.872	36.294	1994	64.872	36.294	1994	64.872	36.294	1994	64.872	36.294	1994	64.872	36.294	1994	64.872	36.294	1994	60.848	26.617	1999	56.538	10.950	2000	
60.910	15.264	2000	60.910	15.264	2000	60.910	15.264	2000	60.910	15.264	2000	60.910	15.264	2000	60.910	15.264	2000	60.910	15.264	2000	59.946	11.874	2000	58.660	7.884	2000	
62.248	10.758	2000	62.248	10.758	2000	62.248	10.758	2000	62.248	10.758	2000	62.248	10.758	2000	62.248	10.758	2000	62.248	10.758	2000	61.611	8.954	2000	61.221	7.519	2000	
63.234	8.935	2000	63.234	8.935	2000	63.234	8.935	2000	63.234	8.935	2000	63.234	8.935	2000	63.234	8.935	2000	63.234	8.935	2000	63.065	8.236	2000	62.756	7.843	2000	
64.162	8.239	2000	64.162	8.239	2000	64.162	8.239	2000	64.162	8.239	2000	64.162	8.239	2000	64.162	8.239	2000	64.162	8.239	2000	64.010	7.788	2000	63.607	7.580	2000	
64.457	7.893	2000	64.457	7.893	2000	64.457	7.893	2000	64.457	7.893	2000	64.457	7.893	2000	64.457	7.893	2000	64.457	7.893	2000	64.365	7.788	2000	64.053	7.558	2000	
63.384	7.773	2000	63.384	7.773	2000	63.384	7.773	2000	63.384	7.773	2000	63.384	7.773	2000	63.384	7.773	2000	63.384	7.773	2000	63.217	7.658	2000	62.963	7.536	2000	
61.853	7.669	2000	61.853	7.669	2000	61.853	7.669	2000	61.853	7.669	2000	61.853	7.669	2000	61.853	7.669	2000	61.853	7.669	2000	61.688	7.609	2000	61.522	7.462	2000	
58.887	7.476	2000	58.887	7.476	2000	58.887	7.476	2000	58.887	7.476	2000	58.887	7.476	2000	58.887	7.476	2000	58.887	7.476	2000	58.673	7.367	2000	58.588	7.285	2000	
54.492	7.051	2000	54.492	7.051	2000	54.492	7.051	2000	54.492	7.051	2000	54.492	7.051	2000	54.492	7.051	2000	54.492	7.051	2000	54.297	6.921	2000	54.263	6.883	2000	
48.890	6.870	2000	48.890	6.870	2000	48.890	6.870	2000	48.890	6.870	2000	48.890	6.870	2000	48.890	6.870	2000	48.890	6.870	2000	48.730	6.743	2000	48.704	6.711	2000	
42.109	6.289	2000	42.109	6.289	2000	42.109	6.289	2000	42.109	6.289	2000	42.109	6.289	2000	42.109	6.289	2000	42.109	6.289	2000	42.012	6.170	2000	42.002	6.149	2000	
35.392	5.948	2000	35.392	5.948	2000	35.392	5.948	2000	35.392	5.948	2000	35.392	5.948	2000	35.392	5.948	2000	35.392	5.948	2000	35.311	5.839	2000	35.309	5.831	2000	
27.950	5.388	2000	27.950	5.388	2000	27.950	5.388	2000	27.950	5.388	2000	27.950	5.388	2000	27.950	5.388	2000	27.950	5.388	2000	27.897	5.312	2000	27.893	5.298	2000	
20.129	4.567	2000	20.129	4.567	2000	20.129	4.567	2000	20.129	4.567	2000	20.129	4.567	2000	20.129	4.567	2000	20.129	4.567	2000	20.095	4.500	2000	20.097	4.500	2000	
19.300	4.529	2000	19.300	4.529	2000	19.300	4.529	2000	19.300	4.529	2000	19.300	4.529	2000	19.300	4.529	2000	19.300	4.529	2000	19.210	4.442	2000	19.180	4.381	2000	
18.716	4.904	2000	18.716	4.904	2000	18.716	4.904	2000	18.716	4.904	2000	18.716	4.904	2000	18.716	4.904	2000	18.716	4.904	2000	18.441	4.546	2000	18.237	4.150	2000	
19.544	7.462	2000	19.544	7.462	2000	19.544	7.462	2000	19.544	7.462	2000	19.544	7.462	2000	19.544	7.462	2000	19.544	7.462	2000	18.896	5.747	2000	18.317	4.454	2000	
19.428	11.006	1473	19.428	11.006	1473	19.428	11.006	1473	19.428	11.006	1473	19.428	11.006	1473	19.428	11.006	1473	19.428	11.006	1473	20.111	11.784	1837	19.157	8.918	2000	
-1	-1	-1	-1	-1	-1	-1	-1	-1	-1	-1	-1	-1	-1	-1	-1	-1	-1	-1	-1	-1	-1	-1	-1	18.246	9.809	45	
-1	-1	-1	-1	-1	-1	-1	-1	-1	-1	-1	-1	-1	-1	-1	-1	-1	-1	-1	-1	-1	-1	-1	-1	-1	-1	-1	
-1	-1	-1	-1	-1	-1	-1	-1	-1	-1	-1	-1	-1	-1	-1	-1	-1	-1	-1	-1	-1	-1	-1	-1	-1	-1	-1	
-1	-1	-1	-1	-1	-1	-1	-1	-1	-1	-1	-1	-1	-1	-1	-1	-1	-1	-1	-1	-1	-1	-1	-1	42.652	12.613	4	
38.597	25.202	10	38.597	25.202	10	38.597	25.202	10	38.597	25.202	10	38.597	25.202	10	38.597	25.202	10	49.989	34.033	68	55.593	36.196	619	77.563	49.576	1641	
67.393	43.196	1242	67.393	43.196	1242	67.393	43.196	1242	67.393	43.196	1242	67.393	43.196	1242	67.393	43.196	1242	82.988	53.025	1792	79.165	38.240	1996	71.449	14.637	2000	
83.667	41.869	1992	83.667	41.869	1992	83.667	41.869	1992	83.667	41.869	1992	83.667	41.869	1992	83.667	41.869	1992	77.211	21.755	2000	73.944	10.939	2000	73.179	8.418	2000	
77.778	15.487	2000	77.778	15.487	2000	77.778	15.487	2000	77.778	15.487	2000	77.778	15.487	2000	77.778	15.487	2000	76.197	10.593	2000	75.567	8.399	2000	75.204	8.162	2000	
77.215	10.201	2000	77.215	10.201	2000	77.215	10.201	2000	77.215	10.201	2000	77.215	10.201	2000	77.215	10.201	2000	77.069	8.832	2000	76.760	8.414	2000	76.618	8.334	2000	
77.534	9.179	2000	77.534	9.179	2000	77.534	9.179	2000	77.534	9.179	2000	77.534	9.179	2000	77.534	9.179	2000	77.467	8.669	2000	77.058	8.475	2000	77.053	8.468	2000	
76.746	8.407	2000	76.746	8.407	2000	76.746	8.407	2000	76.746	8.407	2000	76.746	8.407	2000	76.746	8.407	2000	76.560	8.160	2000	76.291	8.011	2000	76.292	8.010	2000	
74.514	8.367	2000	74.514	8.367	2000	74.514	8.367	2000	74.514	8.367	2000	74.514	8.367	2000	74.514	8.367	2000	74.297	8.159	2000	74.034	8.010	2000	74.035	8.010	2000	
70.924	8.601	2000	70.924	8.601	2000	70.924	8.601	2000	70.924	8.601	2000	70.924	8.601	2000	70.924	8.601	2000	70.686	8.075	2000	70.396	7.918	2000	70.394	7.912	2000	
65.431	8.974	2000	65.431	8.974	2000	65.431	8.974	2000	65.431	8.974	2000	65.431	8.974	2000	65.431	8.974	2000	65.112	7.759	2000	64.709	7.592	2000	64.659	7.536	2000	
57.798	10.882	2000	57.798	10.882	2000	57.798	10.882	2000	57.798	10.882	2000	57.798	10.882	2000	57.798	10.882	2000	56.862	8.322	2000	56.466	7.267	2000	56.191	7.110	2000	
51.418	19.982	1999	51.418	19.982	1999	51.418	19.982	1999	51.418	19.982	1999	51.418	19.982	1999	51.418	19.982	1999	48.577	11.807	2000	47.017	7.220	2000	46.663	6.691	2000	
21.897	12.977	1634	21.897	12.977	1634	21.897	12.977	1634	21.897	12.977	1634	21.897	12.977	1634	21.897	12.977	1634	21.003	11.347	1977	19.135	6.732	2000	18.148	4.396	2000	
22.436	18.486	17	22.436	18.486	17	22.436	18.486	17	22.436	18.486	17	22.436	18.486	17	22.436	18.486	17	19.152	10.580	144	21.319	12.949	1013	21.028	12.030	1919	
-1	-1	-1	-1	-1	-1	-1	-1	-1	-1	-1	-1	-1	-1	-1	-1	-1	-1	-1	-1	-1	-1	-1	-1	21.229	2.858	2	
-1	-1	-1	-1	-1	-1	-1	-1	-1	-1	-1	-1	-1	-1	-1	-1	-1	-1	-1	-1	-1	-1	-1	-1	-1	-1	-1	
-1	-1	-1	-1	-1	-1	-1	-1	-1	-1	-1	-1	-1	-1	-1	-1	-1	-1	-1	-1	-1	-1	-1	-1	-1	-1	-1	
-1	-1	-1	-1	-1	-1	-1	-1	-1	-1	-1	-1	-1	-1	-1	-1	-1	-1	-1	-1	-1	-1	-1	-1	-1	-1	-1	
-1	-1	-1	-1	-1	-1	-1	-1	-1	-1	-1	-1	-1	-1	-1	-1	-1	-1	-1	-1	-1	-1	-1	-1	-1	-1	-1	
-1	-1	-1	-1	-1	-1	-1	-1	-1	-1	-1	-1	-1	-1	-1	-1	-1	-1	-1	-1	-1	-1	-1	-1	-1	-1	-1	
-1	-1	-1	-1	-1	-1	-1	-1	-1	-1	-1	-1	-1	-1	-1	-1	-1	-1	-1	-1	-1	-1	-1	-1	24.086	8.522	5	
67.106	44.280	1507	67.106	44.280	1507	67.106	44.280	1507	67.106	44.280	1507	67.106	44.280	1507	67.106	44.280	1507	67.106	44.280	1507	72.093	46.506	1706	73.696	37.872	1998	
71.055	11.640	2000	71.055	11.640	2000	71.055	11.640	2000	71.055	11.640	2000	71.055	11.640	2000	71.055	11.640	2000	71.055	11.640	2000	70.756	10.458	2000	70.161	8.427	2000	
75.386	8.516	2000	75.386	8.516	2000	75.386	8.516	2000	75.386	8.516	2000	75.386	8.516	2000	75.386	8.516	2000	75.386	8.516	2000	75.263	8.448	2000	75.112	8.351	2000	
79.695	8.318	2000	79.695	8.318	2000	79.695	8.318	2000	79.695	8.318	2000	79.695	8.318	2000	79.695	8.318	2000	79.695	8.318	2000	79.694	8.313	2000	79.694	8.313	2000	
83.654	8.610	2000	83.654	8.610	2000	83.654	8.610	2000	83.654	8.610	2000	83.654	8.610	2000	83.654	8.610	2000	83.654	8.610	2000	83.654	8.610	2000	83.654	8.610	2000	
86.512	8.527	2000	86.512	8.527	2000	86.512	8.527	2000	86.512	8.527	2000	86.512	8.527	2000	86.512	8.527	2000	86.512	8.527	2000	86.510	8.523	2000	86.511	8.524	2000	
88.594	8.847	2000	88.594	8.847	2000	88.594	8.847	2000	88.594	8.847	2000	88.594	8.847	2000	88.594	8.847	2000	88.594	8.847	2000	88.576	8.842	2000	88.322	8.724	2000	
90.801	14.680	2000	90.801	14.680	2000	90.801	14.680	2000	90.801	14.680	2000	90.801	14.680	2000	90.801	14.680	2000	90.801	14.680	2000	90.297	13.080	2000	89.674	9.406	2000	
85.093	57.434	1325	85.093	57.434	1325	85.093	57.434	1325	85.093	57.434	1325	85.093	57.434	1325	85.093	57.434	1325	85.093	57.434	1325	93.186	61.561	1538	105.514	63.008	1984	
-1	-1	-1	-1	-1	-1	-1	-1	-1	-1	-1	-1	-1	-1	-1	-1	-1	-1	-1	-1	-1	-1	-1	-1	-1	-1	-1	
-1	-1	-1	-1	-1	-1	-1	-1	-1	-1	-1	-1	-1	-1	-1	-1	-1	-1	-1	-1	-1	-1	-1	-1	-1	-1	-1	
-1	-1	-1	-1	-1	-1	-1	-1	-1	-1	-1	-1	-1	-1	-1	-1	-1	-1	-1	-1	-1	-1	-1	-1	-1	-1	-1	
-1	-1	-1	-1	-1	-1	-1	-1	-1	-1	-1	-1	-1	-1	-1	-1	-1	-1	-1	-1	-1	-1	-1	-1	-1	-1	-1	
-1	-1	-1	-1	-1	-1	-1	-1	-1	-1	-1	-1	-1	-1	-1	-1	-1	-1	-1	-1	-1	-1	-1	-1	-1	-1	-1	
-1	-1	-1	-1	-1	-1	-1	-1	-1	-1	-1	-1	-1	-1	-1	-1	-1	-1	-1	-1	-1	-1	-1	-1	-1	-1	-1	
-1	-1	-1	-1	-1	-1	-1	-1	-1	-1	-1	-1	-1	-1	-1	-1	-1	-1	-1	-1	-1	-1	-1	-1	-1	-1	-1	
59.804	36.785	66	59.804	36.785	66	59.804	36.785	66	59.804	36.785	66	59.804	36.785	66	59.804	36.785	66	59.130	34.645	92	70.510	47.123	737	75.305	47.547	1788	
79.432	40.113	1985	79.432	40.113	1985	79.432	40.113	1985	79.432	40.113	1985	79.432	40.113	1985	79.432	40.113	1985	78.544	39.733	1992	70.850	16.961	2000	68.444	8.747	2000	
75.627	9.909	2000	75.627	9.909	2000	75.627	9.909	2000	75.627	9.909	2000	75.627	9.909	2000	75.627	9.909	2000	75.551	9.560	2000	75.097	8.331	2000	74.744	8.162	2000	
81.302	8.499	2000	81.302	8.499	2000	81.302	8.499	2000	81.302	8.499	2000	81.302	8.499	2000	81.302	8.499	2000	81.216	8.407	2000	80.978	8.293	2000	80.977	8.290	2000	
86.393	8.685	2000	86.393	8.685	2000	86.393	8.685	2000	86.393	8.685	2000	86.393	8.685	2000	86.393	8.685	2000	86.361	8.662	2000	86.321	8.615	2000	86.321	8.615	2000	
90.888	8.772	2000	90.888	8.772	2000	90.888	8.772	2000	90.888	8.772	2000	90.888	8.772	2000	90.888	8.772	2000	90.869	8.753	2000	90.865	8.752	2000	90.865	8.752	2000	
94.530	9.004	2000	94.530	9.004	2000	94.530	9.004	2000	94.530	9.004	2000	94.530	9.004	2000	94.530	9.004	2000	94.487	8.970	2000	94.418	8.917	2000	94.418	8.917	2000	
96.971	9.050	2000	96.971	9.050	2000	96.971	9.050	2000	96.971	9.050	2000	96.971	9.050	2000	96.971	9.050	2000	96.957	8.998	2000	96.715	8.870	2000	96.702	8.857	2000	
98.995	12.884	2000	98.995	12.884	2000	98.995	12.884	2000	98.995	12.884	2000	98.995	12.884	2000	98.995	12.884	2000	98.872	12.326	2000	98.376	9.669	2000	97.984	9.223	2000	
118.799	64.939	1965	118.799	64.939	1965	118.799	64.939	1965	118.799	64.939	1965	118.799	64.939	1965	118.799	64.939	1965	117.329	63.489	1975	102.194	23.010	2000	98.629	12.595	2000	
74.780	53.158	48	74.780	53.158	48	74.780	53.158	48	74.780	53.158	48	74.780	53.158	48	74.780	53.158	48	79.616	47.254	78	98.582	67.799	646	115.442	72.345	1642	
-1	-1	-1	-1	-1	-1	-1	-1	-1	-1	-1	-1	-1	-1	-1	-1	-1	-1	-1	-1	-1	-1	-1	-1	-1	-1	-1	
-1	-1	-1	-1	-1	-1	-1	-1	-1	-1	-1	-1	-1	-1	-1	-1	-1	-1	-1	-1	-1	-1	-1	-1	-1	-1	-1	
-1	-1	-1	-1	-1	-1	-1	-1	-1	-1	-1	-1	-1	-1	-1	-1	-1	-1	-1	-1	-1	-1	-1	-1	-1	-1	-1	
-1	-1	-1	-1	-1	-1	-1	-1	-1	-1	-1	-1	-1	-1	-1	-1	-1	-1	-1	-1	-1	-1	-1	-1	-1	-1	-1	
-1	-1	-1	-1	-1	-1	-1	-1	-1	-1	-1	-1	-1	-1	-1	-1	-1	-1	-1	-1	-1	-1	-1	-1	-1	-1	-1	
69.228	49.659	71	69.228	49.659	71	69.228	49.659	71	69.228	49.659	71	69.228	49.659	71	69.228	49.659	71	69.305	46.989	270	79.155	51.937	1279	82.741	48.123	1938	
91.294	50.558	1976	91.294	50.558	1976	91.294	50.558	1976	91.294	50.558	1976	91.294	50.558	1976	91.294	50.558	1976	84.155	33.179	1999	76.996	12.165	2000	75.319	8.626	2000	
82.959	11.882	2000	82.959	11.882	2000	82.959	11.882	2000	82.959	11.882	2000	82.959	11.882	2000	82.959	11.882	2000	82.481	9.579	2000	82.101	8.570	2000	81.815	8.425	2000	
88.413	8.967	2000	88.413	8.967	2000	88.413	8.967	2000	88.413	8.967	2000	88.413	8.967	2000	88.413	8.967	2000	88.197	8.662	2000	87.920	8.518	2000	87.915	8.509	2000	
93.792	9.178	2000	93.792	9.178	2000	93.792	9.178	2000	93.792	9.178	2000	93.792	9.178	2000	93.792	9.178	2000	93.513	9.075	2000	93.433	8.995	2000	93.433	8.995	2000	
98.083	9.321	2000	98.083	9.321	2000	98.083	9.321	2000	98.083	9.321	2000	98.083	9.321	2000	98.083	9.321	2000	97.892	9.230	2000	97.855	9.184	2000	97.855	9.184	2000	
101.592	9.124	2000	101.592	9.124	2000	101.592	9.124	2000	101.592	9.124	2000	101.592	9.124	2000	101.592	9.124	2000	101.445	9.101	2000	101.287	8.982	2000	101.287	8.982	2000	
103.193	10.141	2000	103.193	10.141	2000	103.193	10.141	2000	103.193	10.141	2000	103.193	10.141	2000	103.193	10.141	2000	103.044	9.666	2000	102.727	9.449	2000	102.710	9.424	2000	
104.996	15.571	2000	104.996	15.571	2000	104.996	15.571	2000	104.996	15.571	2000	104.996	15.571	2000	104.996	15.571	2000	103.674	11.550	2000	102.840	9.527	2000	102.561	9.250	2000	
123.572	68.085	1949	123.572	68.085	1949	123.572	68.085	1949	123.572	68.085	1949	123.572	68.085	1949	123.572	68.085	1949	114.394	48.161	1999	103.315	17.643	2000	101.305	10.918	2000	
105.036	82.133	75	105.036	82.133	75	105.036	82.133	75	105.036	82.133	75	105.036	82.133	75	105.036	82.133	75	100.588	72.231	247	106.935	70.724	1126	121.597	75.083	1895	
-1	-1	-1	-1	-1	-1	-1	-1	-1	-1	-1	-1	-1	-1	-1	-1	-1	-1	-1	-1	-1	-1	-1	-1	-1	-1	-1	
-1	-1	-1	-1	-1	-1	-1	-1	-1	-1	-1	-1	-1	-1	-1	-1	-1	-1	-1	-1	-1	-1	-1	-1	-1	-1	-1	
-1	-1	-1	-1	-1	-1	-1	-1	-1	-1	-1	-1	-1	-1	-1	-1	-1	-1	-1	-1	-1	-1	-1	-1	-1	-1	-1	
-1	-1	-1	-1	-1	-1	-1	-1	-1	-1	-1	-1	-1	-1	-1	-1	-1	-1	61.174	57.500	6	65.759	42.931	119	68.463	44.882	875	
75.842	49.857	1158	75.842	49.857	1158	75.842	49.857	1158	75.842	49.857	1158	75.842	49.857	1158	77.143	50.245	1286	80.146	47.437	1958	70.078	18.941	2000	67.602	9.648	2000	
82.129	24.303	2000	82.129	24.303	2000	82.129	24.303	2000	82.129	24.303	2000	82.129	24.303	2000	81.562	23.692	2000	77.587	11.001	2000	76.795	8.576	2000	76.426	8.256	2000	
84.836	11.745	2000	84.836	11.745	2000	84.836	11.745	2000	84.836	11.745	2000	84.836	11.745	2000	84.662	10.920	2000	83.802	8.870	2000	83.440	8.583	2000	83.409	8.544	2000	
91.309	9.511	2000	91.309	9.511	2000	91.309	9.511	2000	91.309	9.511	2000	91.309	9.511	2000	91.203	9.221	2000	90.978	8.844	2000	90.785	8.744	2000	90.785	8.744	2000	
96.989	9.430	2000	96.989	9.430	2000	96.989	9.430	2000	96.989	9.430	2000	96.989	9.430	2000	96.894	9.231	2000	96.473	9.015	2000	96.415	8.963	2000	96.415	8.963	2000	
101.004	9.757	2000	101.004	9.757	2000	101.004	9.757	2000	101.004	9.757	2000	101.004	9.757	2000	100.926	9.500	2000	100.584	9.221	2000	100.508	9.157	2000	100.508	9.157	2000	
103.461	10.453	2000	103.461	10.453	2000	103.461	10.453	2000	103.461	10.453	2000	103.461	10.453	2000	103.210	10.133	2000	103.043	9.333	2000	102.801	9.203	2000	102.800	9.200	2000	
105.364	14.285	2000	105.364	14.285	2000	105.364	14.285	2000	105.364	14.285	2000	105.364	14.285	2000	105.141	13.485	2000	104.374	9.823	2000	104.054	9.376	2000	103.880	9.292	2000	
112.860	38.222	1997	112.860	38.222	1997	112.860	38.222	1997	112.860	38.222	1997	112.860	38.222	1997	110.230	31.717	1999	104.340	15.446	2000	102.878	10.166	2000	102.396	9.367	2000	
103.614	65.291	987	103.614	65.291	987	103.614	65.291	987	103.614	65.291	987	103.614	65.291	987	104.695	65.703	1131	118.561	72.512	1925	105.306	32.055	2000	99.522	14.349	2000	
-1	-1	-1	-1	-1	-1	-1	-1	-1	-1	-1	-1	-1	-1	-1	-1	-1	-1	134.786	138.642	3	81.229	55.477	98	93.349	61.731	752	
-1	-1	-1	-1	-1	-1	-1	-1	-1	-1	-1	-1	-1	-1	-1	-1	-1	-1	-1	-1	-1	-1	-1	-1	-1	-1	-1	
-1	-1	-1	-1	-1	-1	-1	-1	-1	-1	-1	-1	-1	-1	-1	-1	-1	-1	-1	-1	-1	-1	-1	-1	-1	-1	-1	
-1	-1	-1	-1	-1	-1	-1	-1	-1	-1	-1	-1	-1	-1	-1	56.222	34.003	8	74.897	44.814	143	84.482	52.880	930	100.898	63.173	1865	
106.434	65.276	1865	106.434	65.276	1865	106.434	65.276	1865	106.434	65.276	1865	106.530	64.321	1888	97.063	36.484	2000	91.404	15.796	2000	89.935	10.094	2000	89.285	9.024	2000	
97.308	15.917	2000	97.308	15.917	2000	97.308	15.917	2000	97.308	15.917	2000	96.951	14.651	2000	95.740	9.967	2000	95.331	9.026	2000	95.105	8.945	2000	95.108	8.948	2000	
99.847	10.542	2000	99.847	10.542	2000	99.847	10.542	2000	99.847	10.542	2000	99.793	10.316	2000	99.459	9.248	2000	99.145	9.141	2000	99.146	9.143	2000	99.146	9.143	2000	
101.528	10.447	2000	101.528	10.447	2000	101.528	10.447	2000	101.528	10.447	2000	101.477	10.397	2000	100.835	9.178	2000	100.591	9.093	2000	100.591	9.093	2000	100.591	9.093	2000	
102.319	16.143	2000	102.319	16.143	2000	102.319	16.143	2000	102.319	16.143	2000	102.099	15.467	2000	101.019	10.230	2000	100.708	9.315	2000	100.391	9.175	2000	100.390	9.172	2000	
121.439	81.938	1861	121.439	81.938	1861	121.439	81.938	1861	121.439	81.938	1861	121.593	81.274	1892	106.733	40.707	2000	99.033	16.939	2000	97.512	10.788	2000	97.071	9.406	2000	
-1	-1	-1	-1	-1	-1	-1	-1	-1	-1	-1	-1	-1	-1	-1	39.618	4.045	3	67.752	37.752	124	87.645	51.515	906	106.055	63.687	1834	
-1	-1	-1	-1	-1	-1	-1	-1	-1	-1	-1	-1	-1	-1	-1	-1	-1	-1	-1	-1	-1	-1	-1	-1	-1	-1	-1	
-1	-1	-1	-1	-1	-1	-1	-1	-1	36.179	15.944	6	36.133	21.430	91	50.660	34.756	630	84.265	53.345	1609	93.172	53.952	1986	81.086	21.437	2000	
-1	-1	-1	16.633	11.074	5	32.315	20.467	101	51.325	33.987	638	88.351	55.055	1537	101.910	60.720	1982	89.356	23.805	2000	86.800	12.125	2000	85.778	9.182	2000	
22.393	11.763	7	38.457	22.933	74	50.016	32.692	504	90.100	56.404	1472	113.503	72.776	1981	97.670	29.561	2000	92.726	14.028	2000	91.955	9.887	2000	91.690	9.088	2000	
36.228	25.324	24	41.124	25.356	204	67.392	44.162	957	115.473	73.725	1815	107.904	54.242	1998	97.495	19.675	2000	95.290	11.402	2000	94.777	9.302	2000	94.466	9.133	2000	
32.090	20.283	81	46.751	27.673	396	84.738	53.143	1277	120.600	79.296	1943	102.362	35.291	1999	96.896	15.883	2000	95.906	10.650	2000	95.563	9.453	2000	95.177	9.257	2000	
42.251	29.293	96	52.123	30.266	490	92.079	57.715	1433	116.491	75.999	1974	98.844	29.233	2000	94.451	14.111	2000	93.692	9.752	2000	93.459	8.926	2000	93.184	8.842	2000	
37.666	21.298	98	49.413	32.137	536	90.298	58.696	1506	107.483	67.055	1990	93.291	26.266	2000	89.964	12.947	2000	88.980	9.577	2000	88.657	8.868	2000	88.410	8.719	2000	
33.257	18.114	105	44.913	28.111	537	80.480	50.465	1539	96.165	59.888	1979	84.909	23.695	2000	81.283	12.400	2000	80.562	9.095	2000	80.159	8.677	2000	79.980	8.538	2000	
33.906	16.738	85	39.705	24.042	439	69.203	44.746	1390	87.504	54.130	1976	75.215	26.940	2000	71.449	11.122	2000	70.812	8.428	2000	70.493	8.163	2000	70.357	8.042	2000	
26.379	15.109	43	33.127	20.238	295	51.914	34.320	1271	67.132	41.123	1941	59.217	22.238	2000	56.400	10.314	2000	55.746	7.733	2000	55.284	7.235	2000	55.200	7.132	2000	
24.424	15.370	6	30.139	20.933	86	37.331	24.148	769	54.880	35.520	1774	52.330	26.799	1998	47.641	10.723	2000	46.998	7.368	2000	46.490	6.805	2000	46.292	6.589	2000	
30.083	19.328	2	27.460	12.991	10	25.979	14.357	144	34.506	21.187	1004	45.463	29.365	1885	42.930	20.542	2000	39.557	8.555	2000	38.783	6.486	2000	38.391	6.107	2000	
-1	-1	-1	-1	-1	-1	-1	-1	-1	21.259	10.602	7	24.127	14.523	167	28.871	17.808	994	35.797	22.076	1892	33.620	15.250	1999	31.314	6.876	2000	
-1	-1	-1	-1	-1	-1	-1	-1	-1	-1	-1	-1	-1	-1	-1	-1	-1	-1	-1	-1	-1	-1	-1	-1	-1	-1	-1	
-1	-1	-1	-1	-1	-1	-1	-1	-1	-1	-1	-1	-1	-1	-1	-1	-1	-1	16.833	7.307	2	45.760	27.880	74	56.665	34.805	590	
-1	-1	-1	-1	-1	-1	19.500	-1	1	43.312	22.415	52	56.913	38.237	478	86.163	54.608	1481	102.676	62.907	1981	89.010	24.968	2000	86.002	12.561	2000	
45.810	29.562	115	45.810	29.562	115	63.131	41.034	776	98.140	61.440	1738	102.449	56.972	1995	90.867	20.115	2000	88.516	11.657	2000	87.929	9.299	2000	87.558	9.008	2000	
75.084	49.676	1170	75.084	49.676	1170	104.515	65.796	1890	94.124	34.221	2000	88.219	16.146	2000	87.103	10.031	2000	86.799	8.814	2000	86.478	8.655	2000	86.475	8.649	2000	
94.303	58.268	1742	94.303	58.268	1742	97.699	52.955	1996	86.666	20.542	2000	84.212	11.256	2000	83.693	8.920	2000	83.319	8.583	2000	83.257	8.510	2000	83.257	8.510	2000	
90.436	57.921	1748	90.436	57.921	1748	89.373	46.295	1997	81.103	19.752	2000	78.964	10.822	2000	78.280	8.644	2000	77.960	8.434	2000	77.918	8.385	2000	77.918	8.385	2000	
65.608	40.840	1319	65.608	40.840	1319	87.599	57.353	1937	77.158	31.112	2000	71.959	12.771	2000	71.095	8.670	2000	70.785	8.207	2000	70.567	8.072	2000	70.567	8.071	2000	
43.077	22.627	140	43.077	22.627	140	52.679	32.238	898	73.095	46.186	1830	70.305	35.588	2000	63.827	14.041	2000	62.374	8.416	2000	61.967	7.633	2000	61.705	7.462	2000	
-1	-1	-1	-1	-1	-1	32.101	9.299	5	36.907	19.890	75	46.102	27.357	678	60.344	37.626	1709	59.871	31.111	1997	54.138	12.984	2000	52.809	7.955	2000	
-1	-1	-1	-1	-1	-1	-1	-1	-1	-1	-1	-1	-1	-1	-1	-1	-1	-1	31.319	4.105	2	35.584	17.694	101	40.847	24.512	812	
-1	-1	-1	-1	-1	-1	-1	-1	-1	-1	-1	-1	-1	-1	-1	-1	-1	-1	-1	-1	-1	-1	-1	-1	-1	-1	-1	
-1	-1	-1	-1	-1	-1	-1	-1	-1	-1	-1	-1	-1	-1	-1	-1	-1	-1	-1	-1	-1	-1	-1	-1	-1	-1	-1	
-1	-1	-1	-1	-1	-1	-1	-1	-1	-1	-1	-1	-1	-1	-1	-1	-1	-1	-1	-1	-1	-1	-1	-1	-1	-1	-1	
-1	-1	-1	-1	-1	-1	-1	-1	-1	-1	-1	-1	-1	-1	-1	-1	-1	-1	-1	-1	-1	22	-1	1	39.774	19.461	32	
39.854	21.981	127	39.854	21.981	127	46.418	27.502	408	77.371	50.434	1430	95.799	63.150	1966	80.879	24.058	2000	77.654	12.266	2000	76.703	8.739	2000	76.392	8.412	2000	
79.503	35.756	2000	79.503	35.756	2000	75.270	19.508	2000	73.436	11.018	2000	72.722	8.414	2000	72.390	8.290	2000	72.323	8.204	2000	72.323	8.204	2000	72.323	8.204	2000	
72.144	26.564	2000	72.144	26.564	2000	69.824	17.480	2000	68.121	10.024	2000	67.383	8.171	2000	67.009	7.911	2000	66.972	7.849	2000	66.972	7.849	2000	66.972	7.849	2000	
39.880	24.632	170	39.880	24.632	170	43.950	27.856	512	65.806	42.930	1570	71.009	40.595	1990	63.398	19.088	2000	61.257	9.614	2000	60.637	7.720	2000	60.289	7.505	2000	
-1	-1	-1	-1	-1	-1	-1	-1	-1	-1	-1	-1	-1	-1	-1	-1	-1	-1	-1	-1	-1	53.538	35.593	5	32.776	19.265	60	
-1	-1	-1	-1	-1	-1	-1	-1	-1	-1	-1	-1	-1	-1	-1	-1	-1	-1	-1	-1	-1	-1	-1	-1	-1	-1	-1	
-1	-1	-1	-1	-1	-1	-1	-1	-1	-1	-1	-1	-1	-1	-1	-1	-1	-1	-1	-1	-1	-1	-1	-1	-1	-1	-1	
-1	-1	-1	-1	-1	-1	-1	-1	-1	-1	-1	-1	-1	-1	-1	-1	-1	-1	-1	-1	-1	-1	-1	-1	-1	-1	-1	
-1	-1	-1	-1	-1	-1	-1	-1	-1	-1	-1	-1	-1	-1	-1	-1	-1	-1	-1	-1	-1	-1	-1	-1	-1	-1	-1	
-1	-1	-1	-1	-1	-1	-1	-1	-1	-1	-1	-1	-1	-1	-1	-1	-1	-1	-1	-1	-1	-1	-1	-1	-1	-1	-1	
32.810	22.103	9	32.810	22.103	9	41.301	26.182	22	50.508	31.501	277	64.081	39.677	1218	81.409	51.736	1937	72.382	26.733	2000	68.614	11.892	2000	67.673	8.300	2000	
68.224	19.534	2000	68.224	19.534	2000	67.162	14.839	2000	65.584	9.291	2000	65.077	8.004	2000	64.761	7.791	2000	64.754	7.774	2000	64.754	7.774	2000	64.754	7.774	2000	
63.861	16.969	2000	63.861	16.969	2000	62.786	13.665	2000	61.305	8.783	2000	61.009	7.722	2000	60.671	7.553	2000	60.667	7.542	2000	60.667	7.542	2000	60.667	7.542	2000	
27.819	12.970	6	27.819	12.970	6	29.152	13.242	13	41.656	21.974	269	56.674	36.685	1292	67.220	42.090	1944	59.455	19.473	2000	56.354	9.515	2000	55.842	7.622	2000	
-1	-1	-1	-1	-1	-1	-1	-1	-1	-1	-1	-1	-1	-1	-1	-1	-1	-1	-1	-1	-1	-1	-1	-1	-1	-1	-1	
-1	-1	-1	-1	-1	-1	-1	-1	-1	-1	-1	-1	-1	-1	-1	-1	-1	-1	-1	-1	-1	-1	-1	-1	-1	-1	-1	
-1	-1	-1	-1	-1	-1	-1	-1	-1	-1	-1	-1	-1	-1	-1	-1	-1	-1	-1	-1	-1	-1	-1	-1	-1	-1	-1	
-1	-1	-1	-1	-1	-1	-1	-1	-1	-1	-1	-1	-1	-1	-1	-1	-1	-1	-1	-1	-1	-1	-1	-1	-1	-1	-1	
-1	-1	-1	-1	-1	-1	-1	-1	-1	-1	-1	-1	-1	-1	-1	-1	-1	-1	-1	-1	-1	-1	-1	-1	-1	-1	-1	
-1	-1	-1	-1	-1	-1	-1	-1	-1	-1	-1	-1	-1	-1	-1	-1	-1	-1	-1	-1	-1	-1	-1	-1	-1	-1	-1	
-1	-1	-1	-1	-1	-1	-1	-1	-1	91.375	25.986	2	62.638	39.729	119	68.339	42.492	915	67.605	38.007	1906	59.836	17.530	2000	58.038	9.282	2000	
62.985	25.961	2000	62.985	25.961	2000	62.255	24.210	2000	58.727	10.102	2000	57.891	7.852	2000	57.517	7.514	2000	57.454	7.424	2000	57.454	7.424	2000	57.454	7.424	2000	
56.503	8.288	2000	56.503	8.288	2000	56.479	8.186	2000	56.054	7.313	2000	55.823	7.152	2000	55.823	7.151	2000	55.823	7.151	2000	55.823	7.151	2000	55.823	7.151	2000	
57.098	19.752	2000	57.098	19.752	2000	56.692	18.237	2000	54.077	9.019	2000	53.363	7.257	2000	52.967	6.955	2000	52.939	6.909	2000	52.939	6.909	2000	52.939	6.909	2000	
-1	-1	-1	-1	-1	-1	-1	-1	-1	38.502	26.766	6	49.808	28.694	132	57.925	37.542	956	57.283	30.654	1916	51.768	15.007	2000	49.512	8.350	2000	
-1	-1	-1	-1	-1	-1	-1	-1	-1	-1	-1	-1	-1	-1	-1	-1	-1	-1	-1	-1	-1	-1	-1	-1	-1	-1	-1	
-1	-1	-1	-1	-1	-1	-1	-1	-1	-1	-1	-1	-1	-1	-1	-1	-1	-1	-1	-1	-1	-1	-1	-1	-1	-1	-1	
-1	-1	-1	-1	-1	-1	-1	-1	-1	-1	-1	-1	-1	-1	-1	-1	-1	-1	-1	-1	-1	-1	-1	-1	-1	-1	-1	
-1	-1	-1	-1	-1	-1	-1	-1	-1	-1	-1	-1	-1	-1	-1	-1	-1	-1	-1	-1	-1	-1	-1	-1	-1	-1	-1	
-1	-1	-1	-1	-1	-1	-1	-1	-1	-1	-1	-1	-1	-1	-1	-1	-1	-1	-1	-1	-1	-1	-1	-1	-1	-1	-1	
-1	-1	-1	-1	-1	-1	-1	-1	-1	-1	-1	-1	-1	-1	-1	-1	-1	-1	-1	-1	-1	-1	-1	-1	-1	-1	-1	
-1	-1	-1	-1	-1	-1	-1	-1	-1	-1	-1	-1	-1	-1	-1	-1	-1	-1	24.917	7.204	4	40.512	23.693	75	48.094	29.771	803	
49.067	14.202	2000	49.067	14.202	2000	49.067	14.202	2000	49.067	14.202	2000	49.067	14.202	2000	49.067	14.202	2000	47.228	8.538	2000	46.749	7.028	2000	46.358	6.738	2000	
47.384	6.556	2000	47.384	6.556	2000	47.384	6.556	2000	47.384	6.556	2000	47.384	6.556	2000	47.384	6.556	2000	47.372	6.538	2000	47.372	6.538	2000	47.372	6.538	2000	
46.441	6.605	2000	46.441	6.605	2000	46.441	6.605	2000	46.441	6.605	2000	46.441	6.605	2000	46.441	6.605	2000	46.441	6.605	2000	46.441	6.605	2000	46.441	6.605	2000	
44.556	6.446	2000	44.556	6.446	2000	44.556	6.446	2000	44.556	6.446	2000	44.556	6.446	2000	44.556	6.446	2000	44.550	6.434	2000	44.550	6.434	2000	44.550	6.434	2000	
43.186	11.606	2000	43.186	11.606	2000	43.186	11.606	2000	43.186	11.606	2000	43.186	11.606	2000	43.186	11.606	2000	42.163	7.798	2000	41.555	6.632	2000	41.290	6.343	2000	
-1	-1	-1	-1	-1	-1	-1	-1	-1	-1	-1	-1	-1	-1	-1	-1	-1	-1	47.800	35.212	7	40.798	27.366	101	42.691	28.629	809	
-1	-1	-1	-1	-1	-1	-1	-1	-1	-1	-1	-1	-1	-1	-1	-1	-1	-1	-1	-1	-1	-1	-1	-1	-1	-1	-1	
-1	-1	-1	-1	-1	-1	-1	-1	-1	-1	-1	-1	-1	-1	-1	-1	-1	-1	-1	-1	-1	-1	-1	-1	-1	-1	-1	
-1	-1	-1	-1	-1	-1	-1	-1	-1	-1	-1	-1	-1	-1	-1	-1	-1	-1	-1	-1	-1	-1	-1	-1	-1	-1	-1	
-1	-1	-1	-1	-1	-1	-1	-1	-1	-1	-1	-1	-1	-1	-1	-1	-1	-1	-1	-1	-1	-1	-1	-1	-1	-1	-1	
-1	-1	-1	-1	-1	-1	-1	-1	-1	-1	-1	-1	-1	-1	-1	-1	-1	-1	-1	-1	-1	-1	-1	-1	-1	-1	-1	
-1	-1	-1	-1	-1	-1	-1	-1	-1	-1	-1	-1	-1	-1	-1	-1	-1	-1	-1	-1	-1	-1	-1	-1	-1	-1	-1	
-1	-1	-1	-1	-1	-1	-1	-1	-1	-1	-1	-1	-1	-1	-1	16.417	-1	1	14.042	3.359	2	46.734	25.374	16	37.406	24.806	237	
33.294	19.690	80	33.294	19.690	80	34.638	18.559	89	39.078	24.234	766	45.528	29.263	1819	40.896	16.244	2000	38.119	8.131	2000	37.374	6.373	2000	37.001	6.043	2000	
41.837	17.015	2000	41.837	17.015	2000	41.628	16.136	2000	38.812	7.612	2000	38.159	6.257	2000	37.909	6.057	2000	37.901	6.041	2000	37.901	6.041	2000	37.901	6.041	2000	
38.271	7.595	2000	38.271	7.595	2000	38.254	7.515	2000	37.639	6.292	2000	37.273	5.955	2000	37.270	5.947	2000	37.270	5.947	2000	37.270	5.947	2000	37.270	5.947	2000	
39.303	14.863	2000	39.303	14.863	2000	38.930	13.941	2000	36.667	7.332	2000	36.258	6.168	2000	35.916	5.776	2000	35.912	5.766	2000	35.912	5.766	2000	35.912	5.766	2000	
31.792	18.774	75	31.792	18.774	75	32.821	19.308	96	38.507	23.849	785	39.557	21.881	1854	37.122	15.500	2000	34.340	6.980	2000	33.813	5.963	2000	33.548	5.735	2000	
-1	-1	-1	-1	-1	-1	-1	-1	-1	-1	-1	-1	-1	-1	-1	-1	-1	-1	89.583	70.475	2	33.491	26.951	16	34.925	20.724	212	
-1	-1	-1	-1	-1	-1	-1	-1	-1	-1	-1	-1	-1	-1	-1	-1	-1	-1	-1	-1	-1	-1	-1	-1	-1	-1	-1	
-1	-1	-1	-1	-1	-1	-1	-1	-1	-1	-1	-1	-1	-1	-1	-1	-1	-1	-1	-1	-1	-1	-1	-1	-1	-1	-1	
-1	-1	-1	-1	-1	-1	-1	-1	-1	-1	-1	-1	-1	-1	-1	-1	-1	-1	-1	-1	-1	-1	-1	-1	-1	-1	-1	
-1	-1	-1	-1	-1	-1	-1	-1	-1	-1	-1	-1	-1	-1	-1	-1	-1	-1	-1	-1	-1	-1	-1	-1	-1	-1	-1	
-1	-1	-1	-1	-1	-1	-1	-1	-1	-1	-1	-1	-1	-1	-1	-1	-1	-1	-1	-1	-1	-1	-1	-1	-1	-1	-1	
-1	-1	-1	-1	-1	-1	-1	-1	-1	-1	-1	-1	-1	-1	-1	-1	-1	-1	-1	-1	-1	-1	-1	-1	-1	-1	-1	
-1	-1	-1	-1	-1	-1	-1	-1	-1	-1	-1	-1	-1	-1	-1	-1	-1	-1	-1	-1	-1	-1	-1	-1	-1	-1	-1	
-1	-1	-1	-1	-1	-1	-1	-1	-1	-1	-1	-1	-1	-1	-1	-1	-1	-1	-1	-1	-1	12.571	4.445	2	23.845	19.100	64	
33.135	21.104	1794	33.135	21.104	1794	33.135	21.104	1794	33.135	21.104	1794	32.690	16.535	1993	29.921	7.941	2000	29.139	5.858	2000	28.631	5.301	2000	28.593	5.242	2000	
29.677	5.690	2000	29.677	5.690	2000	29.677	5.690	2000	29.677	5.690	2000	29.328	5.376	2000	29.313	5.348	2000	29.313	5.348	2000	29.313	5.348	2000	29.313	5.348	2000	
29.570	5.670	2000	29.570	5.670	2000	29.570	5.670	2000	29.570	5.670	2000	29.225	5.286	2000	29.212	5.252	2000	29.212	5.252	2000	29.212	5.252	2000	29.212	5.252	2000	
32.510	20.633	1778	32.510	20.633	1778	32.510	20.633	1778	32.510	20.633	1778	32.108	16.536	1996	29.369	8.255	2000	28.532	5.720	2000	28.137	5.249	2000	28.107	5.195	2000	
-1	-1	-1	-1	-1	-1	-1	-1	-1	-1	-1	-1	-1	-1	-1	-1	-1	-1	-1	-1	-1	13.586	7.951	2	20.554	13.031	84	
-1	-1	-1	-1	-1	-1	-1	-1	-1	-1	-1	-1	-1	-1	-1	-1	-1	-1	-1	-1	-1	-1	-1	-1	-1	-1	-1	
-1	-1	-1	-1	-1	-1	-1	-1	-1	-1	-1	-1	-1	-1	-1	-1	-1	-1	-1	-1	-1	-1	-1	-1	-1	-1	-1	
-1	-1	-1	-1	-1	-1	-1	-1	-1	-1	-1	-1	-1	-1	-1	-1	-1	-1	-1	-1	-1	-1	-1	-1	-1	-1	-1	
-1	-1	-1	-1	-1	-1	-1	-1	-1	-1	-1	-1	-1	-1	-1	-1	-1	-1	-1	-1	-1	-1	-1	-1	-1	-1	-1	
-1	-1	-1	-1	-1	-1	-1	-1	-1	-1	-1	-1	-1	-1	-1	-1	-1	-1	-1	-1	-1	-1	-1	-1	-1	-1	-1	
-1	-1	-1	-1	-1	-1	-1	-1	-1	-1	-1	-1	-1	-1	-1	-1	-1	-1	-1	-1	-1	-1	-1	-1	-1	-1	-1	
-1	-1	-1	-1	-1	-1	-1	-1	-1	-1	-1	-1	-1	-1	-1	-1	-1	-1	-1	-1	-1	-1	-1	-1	-1	-1	-1	
-1	-1	-1	-1	-1	-1	-1	-1	-1	-1	-1	-1	-1	-1	-1	-1	-1	-1	-1	-1	-1	-1	-1	-1	17.475	9.810	20	
-1	-1	-1	-1	-1	-1	-1	-1	-1	-1	-1	-1	16.378	8.150	44	20.226	11.836	566	21.441	12.765	1719	21.092	10.536	1997	19.524	5.557	2000	
21.342	12.733	355	21.342	12.733	355	21.329	12.610	484	24.187	14.643	1674	23.093	12.277	1998	21.366	6.220	2000	20.641	4.658	2000	20.429	4.394	2000	20.431	4.393	2000	
25.833	15.195	1984	25.833	15.195	1984	25.193	13.860	1993	22.848	6.487	2000	22.153	5.070	2000	21.793	4.615	2000	21.780	4.587	2000	21.780	4.587	2000	21.780	4.587	2000	
23.751	8.606	2000	23.751	8.606	2000	23.523	7.506	2000	22.663	5.278	2000	22.210	4.716	2000	22.184	4.669	2000	22.184	4.669	2000	22.184	4.669	2000	22.184	4.669	2000	
23.819	8.190	2000	23.819	8.190	2000	23.709	7.821	2000	22.723	5.405	2000	22.235	4.848	2000	22.196	4.772	2000	22.196	4.772	2000	22.196	4.772	2000	22.196	4.772	2000	
25.046	14.333	1988	25.046	14.333	1988	24.853	13.744	1996	22.596	6.984	2000	21.769	4.978	2000	21.456	4.619	2000	21.445	4.594	2000	21.445	4.594	2000	21.445	4.594	2000	
21.261	12.098	370	21.261	12.098	370	21.049	12.210	482	24.139	14.687	1662	23.209	11.553	1998	21.215	5.955	2000	20.552	4.752	2000	20.357	4.472	2000	20.357	4.470	2000	
-1	-1	-1	-1	-1	-1	-1	-1	-1	17.295	7.647	4	17.743	12.721	38	19.571	11.385	583	21.537	13.124	1724	20.919	10.335	1998	19.353	5.685	2000	
-1	-1	-1	-1	-1	-1	-1	-1	-1	-1	-1	-1	-1	-1	-1	-1	-1	-1	-1	-1	-1	-1	-1	-1	11.464	4.356	12	
-1	-1	-1	-1	-1	-1	-1	-1	-1	-1	-1	-1	-1	-1	-1	-1	-1	-1	-1	-1	-1	-1	-1	-1	-1	-1	-1	
-1	-1	-1	-1	-1	-1	-1	-1	-1	-1	-1	-1	-1	-1	-1	-1	-1	-1	-1	-1	-1	-1	-1	-1	-1	-1	-1	
-1	-1	-1	-1	-1	-1	-1	-1	-1	-1	-1	-1	-1	-1	-1	-1	-1	-1	-1	-1	-1	-1	-1	-1	-1	-1	-1	
-1	-1	-1	-1	-1	-1	-1	-1	-1	-1	-1	-1	-1	-1	-1	-1	-1	-1	-1	-1	-1	-1	-1	-1	-1	-1	-1	
-1	-1	-1	-1	-1	-1	-1	-1	-1	-1	-1	-1	-1	-1	-1	-1	-1	-1	-1	-1	-1	-1	-1	-1	-1	-1	-1	
-1	-1	-1	-1	-1	-1	-1	-1	-1	-1	-1	-1	-1	-1	-1	-1	-1	-1	-1	-1	-1	-1	-1	-1	-1	-1	-1	
-1	-1	-1	-1	-1	-1	-1	-1	-1	-1	-1	-1	-1	-1	-1	-1	-1	-1	-1	-1	-1	-1	-1	-1	-1	-1	-1	
-1	-1	-1	-1	-1	-1	-1	-1	-1	-1	-1	-1	-1	-1	-1	-1	-1	-1	-1	-1	-1	10.296	6.038	12	11.532	5.827	247	
-1	-1	-1	-1	-1	-1	-1	-1	-1	14.379	5.477	9	13.122	6.681	186	13.735	8.241	1173	13.561	6.623	1961	12.653	4.264	2000	12.211	3.434	2000	
15.621	8.894	255	15.621	8.894	255	15.796	9.458	722	15.894	8.363	1855	14.841	5.725	2000	14.040	3.910	2000	13.832	3.577	2000	13.829	3.567	2000	13.829	3.567	2000	
17.449	9.203	1935	17.449	9.203	1935	17.015	8.439	1999	15.648	4.545	2000	15.224	3.892	2000	15.178	3.808	2000	15.178	3.808	2000	15.178	3.808	2000	15.178	3.808	2000	
17.466	7.642	2000	17.466	7.642	2000	16.929	5.948	2000	16.190	4.258	2000	16.048	4.011	2000	16.049	4.012	2000	16.049	4.012	2000	16.049	4.012	2000	16.049	4.012	2000	
17.814	6.945	2000	17.814	6.945	2000	17.416	5.886	2000	16.666	4.314	2000	16.536	4.087	2000	16.538	4.089	2000	16.538	4.089	2000	16.538	4.089	2000	16.538	4.089	2000	
19.137	10.464	1943	19.137	10.464	1943	18.315	8.860	1997	17.131	4.985	2000	16.560	4.171	2000	16.489	4.036	2000	16.490	4.037	2000	16.490	4.037	2000	16.490	4.037	2000	
17.787	11.088	275	17.787	11.088	275	18.494	11.389	739	18.724	11.527	1868	17.182	6.848	2000	16.416	4.773	2000	16.065	4.102	2000	16.051	4.065	2000	16.051	4.065	2000	
-1	-1	-1	-1	-1	-1	-1	-1	-1	15.809	8.566	10	17.463	10.927	181	18.387	11.774	1177	17.532	9.748	1959	15.971	5.869	2000	15.328	4.204	2000	
-1	-1	-1	-1	-1	-1	-1	-1	-1	-1	-1	-1	-1	-1	-1	-1	-1	-1	-1	-1	-1	15.765	6.520	19	16.290	8.948	261	
-1	-1	-1	-1	-1	-1	-1	-1	-1	-1	-1	-1	-1	-1	-1	-1	-1	-1	-1	-1	-1	-1	-1	-1	-1	-1	-1	
-1	-1	-1	-1	-1	-1	-1	-1	-1	-1	-1	-1	-1	-1	-1	-1	-1	-1	-1	-1	-1	-1	-1	-1	-1	-1	-1	
-1	-1	-1	-1	-1	-1	-1	-1	-1	-1	-1	-1	-1	-1	-1	-1	-1	-1	-1	-1	-1	-1	-1	-1	-1	-1	-1	
-1	-1	-1	-1	-1	-1	-1	-1	-1	-1	-1	-1	-1	-1	-1	-1	-1	-1	-1	-1	-1	-1	-1	-1	-1	-1	-1	
-1	-1	-1	-1	-1	-1	-1	-1	-1	-1	-1	-1	-1	-1	-1	-1	-1	-1	-1	-1	-1	-1	-1	-1	-1	-1	-1	
-1	-1	-1	-1	-1	-1	-1	-1	-1	-1	-1	-1	-1	-1	-1	-1	-1	-1	-1	-1	-1	-1	-1	-1	-1	-1	-1	
-1	-1	-1	-1	-1	-1	-1	-1	-1	-1	-1	-1	-1	-1	-1	-1	-1	-1	-1	-1	-1	-1	-1	-1	-1	-1	-1	
-1	-1	-1	-1	-1	-1	-1	-1	-1	-1	-1	-1	-1	-1	-1	-1	-1	-1	-1	-1	-1	-1	-1	-1	-1	-1	-1	
-1	-1	-1	-1	-1	-1	-1	-1	-1	-1	-1	-1	-1	-1	-1	-1	-1	-1	-1	-1	-1	-1	-1	-1	-1	-1	-1	
-1	-1	-1	-1	-1	-1	-1	-1	-1	-1	-1	-1	-1	-1	-1	-1	-1	-1	-1	-1	-1	-1	-1	-1	-1	-1	-1	
-1	-1	-1	-1	-1	-1	-1	-1	-1	-1	-1	-1	14.447	7.616	14	11.454	7.751	206	11.658	6.972	1197	11.246	6.043	1970	10.433	3.968	2000	
12.469	7.262	693	12.469	7.262	693	12.597	7.314	1807	11.757	5.029	1999	11.110	3.492	2000	10.984	3.254	2000	10.979	3.232	2000	10.979	3.232	2000	10.979	3.232	2000	
12.153	4.711	2000	12.153	4.711	2000	11.657	3.622	2000	11.573	3.446	2000	11.571	3.439	2000	11.571	3.439	2000	11.571	3.439	2000	11.571	3.439	2000	11.571	3.439	2000	
12.607	4.938	2000	12.607	4.938	2000	12.041	3.781	2000	11.900	3.489	2000	11.900	3.488	2000	11.900	3.488	2000	11.900	3.488	2000	11.900	3.488	2000	11.900	3.488	2000	
13.787	8.172	698	13.787	8.172	698	13.839	8.149	1790	12.779	5.278	1999	12.125	3.744	2000	11.977	3.478	2000	11.974	3.470	2000	11.974	3.470	2000	11.974	3.470	2000	
-1	-1	-1	-1	-1	-1	-1	-1	-1	-1	-1	-1	16.432	6.941	12	14.124	9.633	202	13.838	8.635	1214	13.113	6.946	1979	12.066	4.351	2000	
-1	-1	-1	-1	-1	-1	-1	-1	-1	-1	-1	-1	-1	-1	-1	-1	-1	-1	-1	-1	-1	-1	-1	-1	-1	-1	-1	
-1	-1	-1	-1	-1	-1	-1	-1	-1	-1	-1	-1	-1	-1	-1	-1	-1	-1	-1	-1	-1	-1	-1	-1	-1	-1	-1	
-1	-1	-1	-1	-1	-1	-1	-1	-1	-1	-1	-1	-1	-1	-1	-1	-1	-1	-1	-1	-1	-1	-1	-1	-1	-1	-1	
-1	-1	-1	-1	-1	-1	-1	-1	-1	-1	-1	-1	-1	-1	-1	-1	-1	-1	-1	-1	-1	-1	-1	-1	-1	-1	-1	
-1	-1	-1	-1	-1	-1	-1	-1	-1	-1	-1	-1	-1	-1	-1	-1	-1	-1	-1	-1	-1	-1	-1	-1	-1	-1	-1	
-1	-1	-1	-1	-1	-1	-1	-1	-1	-1	-1	-1	-1	-1	-1	-1	-1	-1	-1	-1	-1	-1	-1	-1	-1	-1	-1	
-1	-1	-1	-1	-1	-1	-1	-1	-1	-1	-1	-1	-1	-1	-1	-1	-1	-1	-1	-1	-1	-1	-1	-1	-1	-1	-1	
-1	-1	-1	-1	-1	-1	-1	-1	-1	-1	-1	-1	-1	-1	-1	-1	-1	-1	-1	-1	-1	-1	-1	-1	-1	-1	-1	
-1	-1	-1	-1	-1	-1	-1	-1	-1	-1	-1	-1	-1	-1	-1	-1	-1	-1	-1	-1	-1	-1	-1	-1	-1	-1	-1	
-1	-1	-1	-1	-1	-1	-1	-1	-1	-1	-1	-1	-1	-1	-1	-1	-1	-1	-1	-1	-1	6.389	1.252	4	5.235	4.723	80	
6.457	3.023	38	6.457	3.023	38	6.457	3.023	38	6.457	3.023	38	6.457	3.023	38	6.130	3.620	281	5.828	2.998	1419	5.642	2.465	1991	5.604	2.344	1997	
6.564	2.616	1950	6.564	2.616	1950	6.564	2.616	1950	6.564	2.616	1950	6.564	2.616	1950	6.485	2.456	1998	6.472	2.430	1998	6.472	2.430	1998	6.472	2.430	1998	
7.325	2.710	1999	7.325	2.710	1999	7.325	2.710	1999	7.325	2.710	1999	7.325	2.710	1999	7.325	2.710	1999	7.325	2.710	1999	7.325	2.710	1999	7.325	2.710	1999	
7.854	2.843	2000	7.854	2.843	2000	7.854	2.843	2000	7.854	2.843	2000	7.854	2.843	2000	7.854	2.843	2000	7.854	2.843	2000	7.854	2.843	2000	7.854	2.843	2000	
8.323	2.890	1999	8.323	2.890	1999	8.323	2.890	1999	8.323	2.890	1999	8.323	2.890	1999	8.323	2.890	1999	8.323	2.890	1999	8.323	2.890	1999	8.323	2.890	1999	
8.528	2.871	2000	8.528	2.871	2000	8.528	2.871	2000	8.528	2.871	2000	8.528	2.871	2000	8.528	2.871	2000	8.528	2.871	2000	8.528	2.871	2000	8.528	2.871	2000	
8.514	2.902	1999	8.514	2.902	1999	8.514	2.902	1999	8.514	2.902	1999	8.514	2.902	1999	8.514	2.902	1999	8.514	2.902	1999	8.514	2.902	1999	8.514	2.902	1999	
8.456	2.946	2000	8.456	2.946	2000	8.456	2.946	2000	8.456	2.946	2000	8.456	2.946	2000	8.455	2.943	2000	8.455	2.943	2000	8.455	2.943	2000	8.455	2.943	2000	
8.199	3.992	1940	8.199	3.992	1940	8.199	3.992	1940	8.199	3.992	1940	8.199	3.992	1940	7.990	2.937	1999	7.964	2.873	1999	7.964	2.873	1999	7.964	2.873	1999	
8.071	4.861	49	8.071	4.861	49	8.071	4.861	49	8.071	4.861	49	8.071	4.861	49	7.948	4.865	309	7.801	3.598	1345	7.453	2.949	1983	7.369	2.762	1997	
-1	-1	-1	-1	-1	-1	-1	-1	-1	-1	-1	-1	-1	-1	-1	-1	-1	-1	-1	-1	-1	9.472	6.338	3	7.317	4.449	66	
-1	-1	-1	-1	-1	-1	-1	-1	-1	-1	-1	-1	-1	-1	-1	-1	-1	-1	-1	-1	-1	-1	-1	-1	-1	-1	-1	
-1	-1	-1	-1	-1	-1	-1	-1	-1	-1	-1	-1	-1	-1	-1	-1	-1	-1	-1	-1	-1	-1	-1	-1	-1	-1	-1	
-1	-1	-1	-1	-1	-1	-1	-1	-1	-1	-1	-1	-1	-1	-1	-1	-1	-1	-1	-1	-1	-1	-1	-1	-1	-1	-1	
-1	-1	-1	-1	-1	-1	-1	-1	-1	-1	-1	-1	-1	-1	-1	-1	-1	-1	-1	-1	-1	-1	-1	-1	-1	-1	-1	
-1	-1	-1	-1	-1	-1	-1	-1	-1	-1	-1	-1	-1	-1	-1	-1	-1	-1	-1	-1	-1	-1	-1	-1	-1	-1	-1	
-1	-1	-1	-1	-1	-1	-1	-1	-1	-1	-1	-1	-1	-1	-1	-1	-1	-1	4	-1	1	2.600	1.080	25	3.214	1.970	444	
-1	-1	-1	-1	-1	-1	-1	-1	-1	1	-1	1	3.135	2.026	22	3.559	1.726	370	3.637	1.953	1510	3.571	1.803	1928	3.568	1.791	1931	
4.554	2.141	89	4.554	2.141	89	4.554	2.141	89	4.237	2.131	376	4.121	1.980	1550	4.084	1.946	1973	4.082	1.942	1975	4.082	1.942	1975	4.082	1.942	1975	
4.661	2.283	1276	4.661	2.283	1276	4.661	2.283	1276	4.677	2.218	1875	4.612	2.081	1981	4.611	2.079	1981	4.611	2.079	1981	4.611	2.079	1981	4.611	2.079	1981	
5.263	2.451	1967	5.263	2.451	1967	5.263	2.451	1967	5.220	2.305	1984	5.220	2.305	1984	5.220	2.305	1984	5.220	2.305	1984	5.220	2.305	1984	5.220	2.305	1984	
5.552	2.342	1989	5.552	2.342	1989	5.552	2.342	1989	5.549	2.334	1989	5.549	2.335	1989	5.549	2.335	1989	5.549	2.335	1989	5.549	2.335	1989	5.549	2.335	1989	
5.849	2.412	1993	5.849	2.412	1993	5.849	2.412	1993	5.848	2.411	1993	5.848	2.411	1993	5.848	2.411	1993	5.848	2.411	1993	5.848	2.411	1993	5.848	2.411	1993	
6.019	2.465	1992	6.019	2.465	1992	6.019	2.465	1992	6.017	2.456	1992	6.017	2.456	1992	6.017	2.456	1992	6.017	2.456	1992	6.017	2.456	1992	6.017	2.456	1992	
6.010	2.417	1995	6.010	2.417	1995	6.010	2.417	1995	6.005	2.404	1995	6.005	2.404	1995	6.005	2.404	1995	6.005	2.404	1995	6.005	2.404	1995	6.005	2.404	1995	
5.917	2.572	1980	5.917	2.572	1980	5.917	2.572	1980	5.893	2.498	1997	5.879	2.459	1998	5.879	2.459	1998	5.879	2.459	1998	5.879	2.459	1998	5.879	2.459	1998	
5.753	2.735	1277	5.753	2.735	1277	5.753	2.735	1277	5.716	2.537	1865	5.660	2.369	1993	5.661	2.371	1993	5.661	2.371	1993	5.661	2.371	1993	5.661	2.371	1993	
5.150	2.097	86	5.150	2.097	86	5.150	2.097	86	5.299	2.455	378	5.325	2.485	1563	5.274	2.399	1990	5.239	2.235	1993	5.239	2.235	1993	5.239	2.235	1993	
-1	-1	-1	-1	-1	-1	-1	-1	-1	10.667	-1	1	4.546	2.273	20	5.107	2.652	379	4.971	2.479	1528	4.862	2.221	1978	4.862	2.213	1981	
-1	-1	-1	-1	-1	-1	-1	-1	-1	-1	-1	-1	-1	-1	-1	4.833	-1	1	4.796	2.778	3	4.484	2.260	45	4.328	2.119	459	
-1	-1	-1	-1	-1	-1	-1	-1	-1	-1	-1	-1	-1	-1	-1	-1	-1	-1	-1	-1	-1	-1	-1	-1	-1	-1	-1	
-1	-1	-1	-1	-1	-1	-1	-1	-1	-1	-1	-1	-1	-1	-1	-1	-1	-1	-1	-1	-1	-1	-1	-1	-1	-1	-1	
-1	-1	-1	-1	-1	-1	-1	-1	-1	-1	-1	-1	-1	-1	-1	-1	-1	-1	-1	-1	-1	-1	-1	-1	-1	-1	-1	
-1	-1	-1	-1	-1	-1	-1	-1	-1	-1	-1	-1	-1	-1	-1	-1	-1	-1	-1	-1	-1	-1	-1	-1	-1	-1	-1	
-1	-1	-1	-1	-1	-1	-1	-1	-1	-1	-1	-1	-1	-1	-1	-1	-1	-1	-1	-1	-1	-1	-1	-1	-1	-1	-1	
-1	-1	-1	-1	-1	-1	-1	-1	-1	-1	-1	-1	-1	-1	-1	-1	-1	-1	-1	-1	-1	-1	-1	-1	-1	-1	-1	
-1	-1	-1	-1	-1	-1	-1	-1	-1	-1	-1	-1	-1	-1	-1	-1	-1	-1	-1	-1	-1	-1	-1	-1	4.907	4.457	11	
3.664	1.805	132	3.664	1.805	132	3.664	1.805	132	3.664	1.805	132	3.664	1.805	132	3.496	1.807	426	3.354	1.753	1554	3.350	1.712	1913	3.347	1.708	1917	
3.626	1.819	1951	3.626	1.819	1951	3.626	1.819	1951	3.626	1.819	1951	3.626	1.819	1951	3.627	1.820	1951	3.627	1.820	1951	3.627	1.820	1951	3.627	1.820	1951	
3.841	1.938	1960	3.841	1.938	1960	3.841	1.938	1960	3.841	1.938	1960	3.841	1.938	1960	3.841	1.938	1960	3.841	1.938	1960	3.841	1.938	1960	3.841	1.938	1960	
4.017	1.948	1960	4.017	1.948	1960	4.017	1.948	1960	4.017	1.948	1960	4.017	1.948	1960	4.017	1.948	1960	4.017	1.948	1960	4.017	1.948	1960	4.017	1.948	1960	
4.138	1.985	1966	4.138	1.985	1966	4.138	1.985	1966	4.138	1.985	1966	4.138	1.985	1966	4.138	1.985	1966	4.138	1.985	1966	4.138	1.985	1966	4.138	1.985	1966	
4.214	2.000	1968	4.214	2.000	1968	4.214	2.000	1968	4.214	2.000	1968	4.214	2.000	1968	4.214	2.000	1968	4.214	2.000	1968	4.214	2.000	1968	4.214	2.000	1968	
4.142	1.948	1952	4.142	1.948	1952	4.142	1.948	1952	4.142	1.948	1952	4.142	1.948	1952	4.141	1.948	1952	4.141	1.948	1952	4.141	1.948	1952	4.141	1.948	1952	
3.867	1.947	116	3.867	1.947	116	3.867	1.947	116	3.867	1.947	116	3.867	1.947	116	4.023	2.022	398	3.983	1.982	1571	3.965	1.936	1959	3.956	1.893	1961	
-1	-1	-1	-1	-1	-1	-1	-1	-1	-1	-1	-1	-1	-1	-1	-1	-1	-1	-1	-1	-1	-1	-1	-1	3.200	2.280	5	
-1	-1	-1	-1	-1	-1	-1	-1	-1	-1	-1	-1	-1	-1	-1	-1	-1	-1	-1	-1	-1	-1	-1	-1	-1	-1	-1	
-1	-1	-1	-1	-1	-1	-1	-1	-1	-1	-1	-1	-1	-1	-1	-1	-1	-1	-1	-1	-1	-1	-1	-1	-1	-1	-1	
-1	-1	-1	-1	-1	-1	-1	-1	-1	-1	-1	-1	-1	-1	-1	-1	-1	-1	-1	-1	-1	-1	-1	-1	-1	-1	-1	
-1	-1	-1	-1	-1	-1	-1	-1	-1	-1	-1	-1	-1	-1	-1	-1	-1	-1	-1	-1	-1	-1	-1	-1	-1	-1	-1	
