11.532	4.650	2000	16.571	4.331	2000	24.897	4.467	2000	32.276	5.148	2000	37.536	5.591	2000	40.719	5.879	2000	42.488	6.032	2000	43.498	6.140	2000	44.372	6.178	2000	
13.656	5.592	2000	19.747	5.009	2000	29.725	5.115	2000	38.687	5.766	2000	45.210	6.255	2000	49.299	6.548	2000	51.882	6.721	2000	53.666	6.864	2000	55.256	7.012	2000	
20.193	7.976	2000	29.122	6.889	2000	43.583	6.466	2000	56.123	6.911	2000	64.848	7.383	2000	69.952	7.679	2000	72.841	7.807	2000	74.692	7.930	2000	76.273	8.057	2000	
26.211	10.234	2000	37.603	8.572	2000	55.527	7.637	2000	70.362	7.876	2000	80.512	8.209	2000	87.028	8.482	2000	91.283	8.639	2000	94.160	8.848	2000	97.444	9.178	2000	
35.177	14.057	2000	51.179	11.750	2000	78.520	10.326	2000	104.204	10.268	2000	123.072	10.062	2000	134.193	10.171	2000	140.277	10.274	2000	144.104	10.497	2000	147.328	10.792	2000	
43.969	17.863	2000	64.487	15.046	2000	100.972	13.372	2000	136.746	12.929	2000	163.032	11.841	2000	177.857	11.791	2000	185.498	12.082	2000	189.728	12.156	2000	193.108	11.907	2000	
54.134	20.966	2000	78.088	17.057	2000	117.548	14.041	2000	153.071	13.360	2000	179.430	13.179	2000	194.871	13.151	2000	203.648	12.731	2000	210.309	12.431	2000	215.583	12.524	2000	
52.686	20.053	2000	75.485	16.230	2000	111.434	12.949	2000	141.618	11.963	2000	163.574	11.822	2000	178.914	11.871	2000	190.093	12.663	2000	196.491	12.699	2000	203.457	12.574	2000	
59.773	22.905	2000	85.822	18.431	2000	127.777	14.687	2000	164.524	13.523	2000	192.237	12.995	2000	211.517	13.064	2000	223.449	13.492	2000	232.916	13.388	2000	240.950	13.578	2000	
65.685	25.100	2000	94.406	20.098	2000	140.785	15.752	2000	181.603	14.152	2000	212.019	13.598	2000	232.181	13.728	2000	244.541	13.539	2000	254.584	13.790	2000	262.055	13.518	2000	
66.835	25.688	2000	96.044	20.366	2000	143.554	15.955	2000	185.603	14.429	2000	216.880	14.385	2000	235.349	13.994	2000	248.363	13.663	2000	256.962	13.249	2000	264.043	13.364	2000	
61.048	22.947	2000	87.179	17.841	2000	127.824	13.404	2000	160.531	12.195	2000	182.064	12.705	2000	196.667	12.628	2000	206.921	12.677	2000	212.419	12.525	2000	217.558	12.529	2000	
61.677	9.061	1979	90.027	12.185	2000	133.520	12.808	2000	173.821	13.147	2000	204.815	13.203	2000	225.474	13.508	2000	235.855	13.179	2000	240.799	12.752	2000	244.252	12.805	2000	
53.216	22.339	2000	75.541	19.581	2000	109.728	15.890	2000	138.037	13.143	2000	158.991	12.805	2000	172.632	12.079	2000	181.776	12.152	2000	188.142	12.240	2000	193.070	12.444	2000	
38.140	15.052	2000	54.283	13.237	2000	77.811	11.409	2000	95.327	10.114	2000	106.489	10.247	2000	117.236	10.977	2000	123.468	10.504	2000	125.552	10.276	2000	127.340	10.139	2000	
33.300	12.997	2000	47.071	10.722	2000	67.425	9.499	2000	81.428	8.903	2000	89.147	9.112	2000	96.572	10.318	2000	106.130	10.800	2000	110.444	10.220	2000	112.326	9.735	2000	
30.466	11.675	2000	43.233	9.369	2000	62.646	8.179	2000	77.662	8.480	2000	87.359	8.620	2000	93.469	8.916	2000	96.214	9.478	2000	101.196	10.244	2000	106.046	9.478	2000	
27.019	10.454	2000	38.436	8.387	2000	55.969	7.145	2000	69.599	7.732	2000	78.195	8.187	2000	84.275	8.671	2000	89.072	8.710	2000	92.069	8.732	2000	94.236	8.993	2000	
21.900	8.597	2000	31.110	7.373	2000	45.202	6.912	2000	55.875	7.309	2000	63.091	7.515	2000	67.694	8.001	2000	71.732	8.085	2000	74.397	8.012	2000	76.055	8.199	2000	
16.270	6.414	2000	23.108	5.544	2000	33.382	5.440	2000	41.069	6.204	2000	46.324	6.570	2000	50.705	6.812	2000	53.646	6.793	2000	54.992	7.032	2000	55.636	7.133	2000	
14.552	5.947	2000	20.807	5.351	2000	30.663	5.532	2000	38.703	6.085	2000	44.310	6.383	2000	47.872	6.552	2000	50.280	6.659	2000	51.682	6.805	2000	53.118	6.831	2000	
10.859	4.550	2000	15.531	4.299	2000	23.181	4.587	2000	29.767	5.225	2000	34.222	5.521	2000	36.979	5.744	2000	38.424	6.008	2000	39.645	6.030	2000	40.725	6.160	2000	
7.120	3.081	2000	10.146	3.256	2000	16.088	4.064	2000	19.904	4.301	2000	22.644	4.495	2000	23.868	4.828	2000	24.403	4.924	2000	25.199	4.830	2000	26.441	4.926	2000	
6.698	2.063	2000	8.670	2.662	2000	12.900	3.122	2000	16.625	3.716	2000	19.227	4.095	2000	22.558	4.563	2000	23.188	4.650	2000	23.713	4.735	2000	23.979	4.765	2000	
5.319	1.586	2000	6.590	2.186	2000	9.830	2.743	2000	16.002	4.036	2000	16.988	4.034	2000	17.514	4.112	2000	17.883	4.160	2000	18.113	4.213	2000	18.276	4.223	2000	
3.710	1.041	2000	4.142	1.438	2000	5.838	2.043	2000	7.534	2.493	2000	8.821	2.807	2000	10.679	3.205	2000	10.993	3.251	2000	11.227	3.309	2000	11.402	3.313	2000	
