-1	-1	-1	-1	-1	-1	-1	-1	-1	-1	-1	-1	-1	-1	-1	-1	-1	-1	-1	-1	-1	-1	-1	-1	-1	-1	-1	
4.560	1.440	480	4.547	1.417	480	4.486	1.353	480	4.479	1.340	480	4.567	1.458	480	4.644	1.501	480	4.669	1.530	480	4.676	1.545	480	4.704	1.532	480	
4.245	0.630	2000	4.236	0.612	2000	4.182	0.535	2000	4.184	0.544	2000	4.256	0.710	2000	4.314	0.725	2000	4.403	0.880	2000	4.477	0.936	2000	4.396	0.828	2000	
4.325	0.643	2000	4.306	0.608	2000	4.233	0.491	2000	4.225	0.464	2000	4.331	0.652	2000	4.428	0.826	2000	4.525	0.932	2000	4.629	1.072	2000	4.535	0.943	2000	
4.470	0.766	2000	4.447	0.727	2000	4.336	0.581	2000	4.329	0.566	2000	4.480	0.805	2000	4.620	0.971	2000	4.752	1.130	2000	4.890	1.290	2000	4.764	1.140	2000	
4.501	0.812	2000	4.484	0.792	2000	4.355	0.611	2000	4.353	0.620	2000	4.512	0.848	2000	4.656	1.016	2000	4.797	1.158	2000	4.932	1.325	2000	4.781	1.124	2000	
4.491	0.800	2000	4.472	0.766	2000	4.342	0.606	2000	4.349	0.600	2000	4.478	0.807	2000	4.635	1.022	2000	4.767	1.138	2000	4.900	1.307	2000	4.774	1.150	2000	
4.430	0.726	2000	4.416	0.707	2000	4.295	0.536	2000	4.296	0.538	2000	4.432	0.756	2000	4.549	0.923	2000	4.668	1.043	2000	4.788	1.195	2000	4.684	1.070	2000	
4.356	0.689	2000	4.339	0.657	2000	4.243	0.500	2000	4.241	0.468	2000	4.370	0.696	2000	4.460	0.813	2000	4.578	0.976	2000	4.675	1.100	2000	4.608	1.009	2000	
4.242	0.520	2000	4.235	0.505	2000	4.179	0.378	2000	4.168	0.359	2000	4.242	0.548	2000	4.334	0.690	2000	4.429	0.829	2000	4.509	0.973	2000	4.437	0.850	2000	
4.143	0.443	2000	4.134	0.423	2000	4.092	0.293	2000	4.096	0.303	2000	4.148	0.459	2000	4.188	0.541	2000	4.262	0.678	2000	4.304	0.781	2000	4.259	0.651	2000	
4.025	0.368	2000	4.023	0.358	2000	4.002	0.290	2000	4.009	0.312	2000	4.031	0.371	2000	4.058	0.443	2000	4.086	0.508	2000	4.131	0.611	2000	4.089	0.511	2000	
3.879	0.516	2000	3.876	0.511	2000	3.863	0.494	2000	3.871	0.519	2000	3.889	0.563	2000	3.904	0.569	2000	3.914	0.588	2000	3.927	0.584	2000	3.903	0.554	2000	
4.247	1.470	455	4.251	1.472	455	4.263	1.491	455	4.290	1.497	455	4.225	1.467	455	4.227	1.444	455	4.282	1.487	455	4.236	1.486	455	4.228	1.448	455	
-1	-1	-1	-1	-1	-1	-1	-1	-1	-1	-1	-1	-1	-1	-1	-1	-1	-1	-1	-1	-1	-1	-1	-1	-1	-1	-1	
-1	-1	-1	-1	-1	-1	-1	-1	-1	-1	-1	-1	-1	-1	-1	-1	-1	-1	-1	-1	-1	-1	-1	-1	-1	-1	-1	
-1	-1	-1	-1	-1	-1	-1	-1	-1	-1	-1	-1	-1	-1	-1	-1	-1	-1	-1	-1	-1	-1	-1	-1	-1	-1	-1	
5.740	2.592	1987	5.700	2.542	1987	5.372	2.321	1987	5.244	2.354	1987	5.681	2.559	1987	6.042	2.779	1987	6.385	3.074	1987	6.598	3.182	1987	6.341	2.985	1987	
5.356	1.608	2000	5.325	1.573	2000	5.002	1.417	2000	4.861	1.452	2000	5.326	1.644	2000	5.665	1.815	2000	5.987	1.980	2000	6.228	2.068	2000	5.970	1.997	2000	
5.313	1.614	2000	5.284	1.575	2000	4.941	1.394	2000	4.803	1.435	2000	5.267	1.634	2000	5.630	1.779	2000	5.944	1.898	2000	6.184	2.078	2000	5.920	1.906	2000	
5.295	1.612	2000	5.263	1.580	2000	4.931	1.372	2000	4.774	1.398	2000	5.276	1.624	2000	5.622	1.787	2000	5.928	1.931	2000	6.171	2.045	2000	5.922	1.954	2000	
5.214	1.576	2000	5.178	1.534	2000	4.857	1.365	2000	4.726	1.397	2000	5.182	1.579	2000	5.518	1.739	2000	5.831	1.863	2000	6.068	2.001	2000	5.800	1.911	2000	
5.019	1.527	2000	4.988	1.497	2000	4.666	1.308	2000	4.561	1.294	2000	4.995	1.541	2000	5.326	1.705	2000	5.610	1.810	2000	5.841	2.002	2000	5.620	1.816	2000	
4.778	1.437	2000	4.750	1.410	2000	4.500	1.264	2000	4.365	1.224	2000	4.743	1.426	2000	5.068	1.622	2000	5.344	1.733	2000	5.556	1.872	2000	5.315	1.804	2000	
4.524	1.307	2000	4.495	1.270	2000	4.239	1.112	2000	4.150	1.081	2000	4.500	1.326	2000	4.753	1.478	2000	5.022	1.628	2000	5.205	1.726	2000	5.025	1.658	2000	
4.158	1.140	2000	4.136	1.112	2000	3.918	0.929	2000	3.857	0.901	2000	4.133	1.122	2000	4.358	1.300	2000	4.559	1.406	2000	4.730	1.537	2000	4.564	1.441	2000	
3.788	0.869	2000	3.770	0.850	2000	3.605	0.662	2000	3.599	0.662	2000	3.770	0.848	2000	3.916	1.004	2000	4.078	1.133	2000	4.164	1.235	2000	4.078	1.152	2000	
3.459	0.577	2000	3.448	0.556	2000	3.366	0.400	2000	3.371	0.419	2000	3.447	0.566	2000	3.527	0.696	2000	3.612	0.798	2000	3.691	0.904	2000	3.620	0.791	2000	
3.193	0.336	1999	3.188	0.325	1999	3.168	0.261	1999	3.169	0.268	1999	3.187	0.330	1999	3.207	0.378	1999	3.238	0.442	1999	3.267	0.506	1999	3.241	0.466	1999	
2.889	0.426	1995	2.889	0.426	1995	2.889	0.425	1995	2.889	0.424	1995	2.891	0.430	1995	2.895	0.437	1995	2.901	0.453	1995	2.905	0.464	1995	2.896	0.441	1995	
2.495	1.124	1860	2.497	1.126	1860	2.570	1.189	1860	2.646	1.261	1860	2.565	1.211	1860	2.493	1.125	1860	2.558	1.204	1860	2.402	1.046	1860	2.465	1.112	1860	
-1	-1	-1	-1	-1	-1	-1	-1	-1	-1	-1	-1	-1	-1	-1	-1	-1	-1	-1	-1	-1	-1	-1	-1	-1	-1	-1	
-1	-1	-1	-1	-1	-1	-1	-1	-1	-1	-1	-1	-1	-1	-1	-1	-1	-1	-1	-1	-1	-1	-1	-1	-1	-1	-1	
7.383	4.222	1501	7.334	4.176	1501	6.930	3.943	1501	6.745	3.902	1501	7.411	4.445	1501	7.842	4.619	1501	8.131	4.717	1501	8.372	4.766	1501	8.121	4.757	1501	
6.867	2.029	2000	6.824	1.970	2000	6.366	1.729	2000	6.171	1.785	2000	6.809	2.056	2000	7.277	2.229	2000	7.686	2.406	2000	8.025	2.573	2000	7.680	2.449	2000	
6.987	2.048	2000	6.946	2.001	2000	6.482	1.744	2000	6.276	1.822	2000	6.921	2.107	2000	7.397	2.259	2000	7.810	2.432	2000	8.134	2.588	2000	7.782	2.490	2000	
7.013	2.020	2000	6.970	1.966	2000	6.515	1.733	2000	6.310	1.815	2000	6.981	2.107	2000	7.455	2.246	2000	7.862	2.458	2000	8.203	2.607	2000	7.822	2.492	2000	
6.918	2.019	2000	6.875	1.967	2000	6.433	1.740	2000	6.238	1.824	2000	6.871	2.077	2000	7.331	2.258	2000	7.771	2.467	2000	8.087	2.538	2000	7.734	2.486	2000	
6.748	1.992	2000	6.708	1.946	2000	6.267	1.706	2000	6.051	1.744	2000	6.689	2.013	2000	7.152	2.172	2000	7.559	2.376	2000	7.881	2.485	2000	7.531	2.391	2000	
6.535	1.947	2000	6.495	1.899	2000	6.075	1.677	2000	5.876	1.721	2000	6.478	1.965	2000	6.940	2.188	2000	7.317	2.309	2000	7.618	2.405	2000	7.296	2.384	2000	
6.146	1.853	2000	6.108	1.808	2000	5.714	1.614	2000	5.530	1.639	2000	6.091	1.890	2000	6.518	2.031	2000	6.886	2.204	2000	7.175	2.315	2000	6.861	2.208	2000	
5.764	1.780	2000	5.727	1.740	2000	5.333	1.540	2000	5.167	1.551	2000	5.702	1.791	2000	6.103	1.946	2000	6.452	2.105	2000	6.715	2.192	2000	6.427	2.129	2000	
5.177	1.637	2000	5.143	1.595	2000	4.813	1.411	2000	4.661	1.434	2000	5.142	1.648	2000	5.491	1.803	2000	5.806	1.940	2000	6.051	2.014	2000	5.775	1.961	2000	
4.376	1.394	2000	4.350	1.363	2000	4.060	1.194	2000	3.948	1.208	2000	4.330	1.394	2000	4.625	1.553	2000	4.876	1.643	2000	5.066	1.705	2000	4.847	1.696	2000	
3.517	1.027	2000	3.499	1.006	2000	3.295	0.824	2000	3.238	0.831	2000	3.491	1.024	2000	3.708	1.172	2000	3.866	1.264	2000	4.012	1.353	2000	3.857	1.286	2000	
3.269	1.307	1671	3.264	1.305	1671	3.240	1.275	1671	3.249	1.276	1671	3.282	1.303	1671	3.316	1.307	1671	3.364	1.370	1671	3.354	1.353	1671	3.355	1.359	1671	
-1	-1	-1	-1	-1	-1	-1	-1	-1	-1	-1	-1	-1	-1	-1	-1	-1	-1	-1	-1	-1	-1	-1	-1	-1	-1	-1	
-1	-1	-1	-1	-1	-1	-1	-1	-1	-1	-1	-1	-1	-1	-1	-1	-1	-1	-1	-1	-1	-1	-1	-1	-1	-1	-1	
9.397	4.150	2000	9.343	4.097	2000	8.737	3.795	2000	8.493	3.970	2000	9.321	4.198	2000	9.947	4.394	2000	10.486	4.758	2000	10.934	4.931	2000	10.388	4.542	2000	
8.932	2.478	2000	8.879	2.423	2000	8.291	2.101	2000	8.034	2.219	2000	8.870	2.543	2000	9.465	2.757	2000	10.014	2.966	2000	10.440	3.181	2000	9.984	3.074	2000	
9.043	2.522	2000	8.988	2.453	2000	8.393	2.194	2000	8.129	2.238	2000	8.973	2.593	2000	9.593	2.786	2000	10.113	3.004	2000	10.542	3.170	2000	10.111	3.068	2000	
9.060	2.530	2000	9.000	2.457	2000	8.412	2.136	2000	8.151	2.233	2000	8.994	2.586	2000	9.587	2.759	2000	10.141	3.004	2000	10.591	3.197	2000	10.121	3.098	2000	
8.989	2.559	2000	8.937	2.499	2000	8.322	2.174	2000	8.076	2.240	2000	8.908	2.613	2000	9.517	2.833	2000	10.048	3.039	2000	10.470	3.187	2000	10.042	3.100	2000	
8.742	2.493	2000	8.687	2.420	2000	8.112	2.128	2000	7.857	2.183	2000	8.669	2.547	2000	9.264	2.730	2000	9.797	2.981	2000	10.176	3.090	2000	9.749	2.993	2000	
8.389	2.383	2000	8.341	2.326	2000	7.809	2.054	2000	7.557	2.099	2000	8.330	2.421	2000	8.892	2.610	2000	9.389	2.873	2000	9.791	3.008	2000	9.364	2.891	2000	
7.931	2.308	2000	7.883	2.250	2000	7.370	1.991	2000	7.142	2.043	2000	7.871	2.362	2000	8.408	2.524	2000	8.872	2.776	2000	9.253	2.891	2000	8.839	2.788	2000	
7.859	3.341	1998	7.814	3.293	1998	7.322	3.087	1998	7.085	3.068	1998	7.792	3.313	1998	8.329	3.653	1998	8.825	3.922	1998	9.150	3.858	1998	8.635	3.605	2000	
-1	-1	-1	-1	-1	-1	-1	-1	-1	-1	-1	-1	-1	-1	-1	-1	-1	-1	-1	-1	-1	-1	-1	-1	-1	-1	-1	
-1	-1	-1	-1	-1	-1	-1	-1	-1	-1	-1	-1	-1	-1	-1	-1	-1	-1	-1	-1	-1	-1	-1	-1	-1	-1	-1	
-1	-1	-1	-1	-1	-1	-1	-1	-1	-1	-1	-1	-1	-1	-1	-1	-1	-1	-1	-1	-1	-1	-1	-1	-1	-1	-1	
9.404	5.791	1170	9.355	5.755	1170	8.874	5.348	1170	8.599	5.270	1170	9.351	5.763	1170	9.909	5.942	1170	10.330	6.161	1170	10.668	6.270	1170	11.116	6.647	1427	
10.983	3.912	2000	10.919	3.859	2000	10.196	3.430	2000	9.884	3.467	2000	10.884	3.912	2000	11.630	4.263	2000	12.300	4.630	2000	12.808	4.821	2000	12.100	4.083	2000	
11.029	3.085	2000	10.964	3.002	2000	10.234	2.618	2000	9.927	2.748	2000	10.937	3.149	2000	11.682	3.379	2000	12.336	3.707	2000	12.839	3.851	2000	12.296	3.769	2000	
11.329	3.078	2000	11.259	2.988	2000	10.525	2.616	2000	10.181	2.739	2000	11.234	3.141	2000	11.990	3.355	2000	12.691	3.691	2000	13.216	3.868	2000	12.627	3.744	2000	
11.514	3.061	2000	11.444	2.970	2000	10.704	2.636	2000	10.349	2.724	2000	11.422	3.184	2000	12.187	3.444	2000	12.885	3.704	2000	13.443	3.929	2000	12.841	3.764	2000	
11.475	3.099	2000	11.404	3.018	2000	10.658	2.624	2000	10.305	2.737	2000	11.391	3.210	2000	12.159	3.476	2000	12.842	3.698	2000	13.392	3.947	2000	12.820	3.860	2000	
11.313	3.038	2000	11.244	2.958	2000	10.499	2.590	2000	10.175	2.704	2000	11.220	3.104	2000	11.983	3.349	2000	12.649	3.638	2000	13.195	3.865	2000	12.638	3.810	2000	
11.024	2.979	2000	10.956	2.894	2000	10.248	2.523	2000	9.903	2.594	2000	10.938	3.043	2000	11.704	3.342	2000	12.372	3.611	2000	12.876	3.746	2000	12.339	3.702	2000	
10.583	2.891	2000	10.519	2.810	2000	9.815	2.434	2000	9.511	2.537	2000	10.491	2.904	2000	11.198	3.173	2000	11.838	3.483	2000	12.320	3.609	2000	11.788	3.557	2000	
9.875	2.737	2000	9.814	2.658	2000	9.161	2.295	2000	8.873	2.380	2000	9.793	2.797	2000	10.455	3.064	2000	11.045	3.316	2000	11.513	3.500	2000	11.008	3.382	2000	
9.021	2.588	2000	8.966	2.522	2000	8.371	2.172	2000	8.113	2.268	2000	8.946	2.579	2000	9.562	2.865	2000	10.127	3.143	2000	10.525	3.221	2000	10.064	3.126	2000	
8.062	2.316	2000	8.007	2.250	2000	7.489	1.953	2000	7.248	2.033	2000	7.996	2.345	2000	8.545	2.540	2000	9.037	2.817	2000	9.395	2.898	2000	9.008	2.866	2000	
7.116	2.121	2000	7.072	2.072	2000	6.601	1.789	2000	6.390	1.876	2000	7.062	2.148	2000	7.549	2.350	2000	7.989	2.549	2000	8.320	2.658	2000	7.968	2.613	2000	
4.413	1.466	2000	4.387	1.445	2000	4.098	1.252	2000	3.974	1.243	2000	4.356	1.468	2000	4.664	1.609	2000	4.917	1.694	2000	5.118	1.788	2000	4.910	1.739	2000	
4.064	1.329	2000	4.040	1.307	2000	3.797	1.147	2000	3.693	1.156	2000	4.044	1.350	2000	4.307	1.486	2000	4.536	1.562	2000	4.707	1.628	2000	4.520	1.615	2000	
3.850	1.240	2000	3.827	1.219	2000	3.596	1.041	2000	3.505	1.024	2000	3.821	1.227	2000	4.065	1.360	2000	4.286	1.481	2000	4.431	1.547	2000	4.274	1.504	2000	
3.369	1.042	2000	3.353	1.027	2000	3.203	0.882	2000	3.137	0.829	2000	3.372	1.089	2000	3.549	1.202	2000	3.723	1.277	2000	3.829	1.381	2000	3.700	1.282	2000	
3.863	1.880	1545	3.845	1.866	1545	3.700	1.712	1545	3.658	1.714	1545	3.842	1.874	1545	4.014	2.066	1545	4.131	2.109	1545	4.239	2.180	1545	4.086	2.222	1769	
-1	-1	-1	-1	-1	-1	-1	-1	-1	-1	-1	-1	-1	-1	-1	-1	-1	-1	-1	-1	-1	-1	-1	-1	-1	-1	-1	
-1	-1	-1	-1	-1	-1	-1	-1	-1	-1	-1	-1	-1	-1	-1	-1	-1	-1	-1	-1	-1	4.933	-1	1	7.966	3.439	23	
10.294	6.350	1102	10.245	6.308	1102	9.642	5.969	1102	9.281	5.678	1102	10.228	6.320	1102	10.727	6.548	1102	11.210	6.730	1102	13.517	7.598	1539	14.264	7.051	1986	
13.618	6.423	1994	13.539	6.327	1994	12.695	6.006	1994	12.296	5.967	1994	13.545	6.583	1994	14.422	6.786	1994	15.221	7.264	1994	15.127	6.137	1999	13.836	4.311	2000	
13.336	4.113	2000	13.254	4.015	2000	12.388	3.516	2000	12.000	3.632	2000	13.218	4.137	2000	14.120	4.588	2000	14.913	4.779	2000	15.361	4.790	2000	14.544	4.307	2000	
13.694	3.822	2000	13.613	3.748	2000	12.721	3.225	2000	12.306	3.331	2000	13.577	3.841	2000	14.514	4.203	2000	15.346	4.629	2000	15.920	4.687	2000	15.176	4.454	2000	
14.019	3.749	2000	13.935	3.641	2000	13.033	3.204	2000	12.622	3.352	2000	13.931	3.908	2000	14.860	4.133	2000	15.708	4.585	2000	16.351	4.833	2000	15.580	4.559	2000	
14.238	3.740	2000	14.152	3.629	2000	13.232	3.183	2000	12.804	3.290	2000	14.138	3.867	2000	15.108	4.176	2000	15.951	4.541	2000	16.586	4.733	2000	15.831	4.607	2000	
14.331	3.759	2000	14.246	3.667	2000	13.309	3.172	2000	12.883	3.333	2000	14.226	3.909	2000	15.184	4.124	2000	16.054	4.566	2000	16.680	4.781	2000	15.939	4.619	2000	
14.050	3.716	2000	13.963	3.612	2000	13.037	3.134	2000	12.619	3.275	2000	13.950	3.795	2000	14.891	4.159	2000	15.744	4.502	2000	16.393	4.731	2000	15.670	4.584	2000	
13.765	3.661	2000	13.677	3.550	2000	12.771	3.046	2000	12.353	3.177	2000	13.633	3.677	2000	14.565	4.018	2000	15.388	4.436	2000	16.011	4.579	2000	15.332	4.522	2000	
13.104	3.510	2000	13.021	3.412	2000	12.158	2.913	2000	11.757	3.019	2000	12.969	3.535	2000	13.881	3.908	2000	14.662	4.244	2000	15.255	4.456	2000	14.582	4.323	2000	
12.137	3.299	2000	12.062	3.205	2000	11.264	2.767	2000	10.898	2.867	2000	12.033	3.320	2000	12.863	3.636	2000	13.600	4.019	2000	14.171	4.206	2000	13.503	4.018	2000	
10.909	3.009	2000	10.841	2.923	2000	10.112	2.526	2000	9.792	2.656	2000	10.806	3.077	2000	11.560	3.362	2000	12.214	3.675	2000	12.704	3.796	2000	12.129	3.665	2000	
9.417	2.615	2000	9.364	2.556	2000	8.723	2.195	2000	8.441	2.266	2000	9.337	2.669	2000	9.963	2.881	2000	10.537	3.236	2000	10.939	3.312	2000	10.451	3.217	2000	
7.894	2.297	2000	7.843	2.242	2000	7.329	1.963	2000	7.094	2.024	2000	7.832	2.351	2000	8.365	2.528	2000	8.831	2.752	2000	9.201	2.897	2000	8.809	2.828	2000	
6.237	1.923	2000	6.200	1.884	2000	5.797	1.681	2000	5.599	1.687	2000	6.192	1.965	2000	6.614	2.134	2000	7.001	2.304	2000	7.284	2.379	2000	6.965	2.344	2000	
4.526	1.495	2000	4.499	1.470	2000	4.220	1.295	2000	4.097	1.300	2000	4.511	1.513	2000	4.808	1.654	2000	5.079	1.762	2000	5.265	1.825	2000	5.042	1.812	2000	
4.354	1.439	2000	4.333	1.417	2000	4.054	1.229	2000	3.932	1.215	2000	4.324	1.459	2000	4.607	1.593	2000	4.858	1.679	2000	5.024	1.753	2000	4.822	1.732	2000	
4.187	1.394	2000	4.161	1.365	2000	3.919	1.188	2000	3.810	1.173	2000	4.164	1.398	2000	4.437	1.521	2000	4.665	1.632	2000	4.811	1.664	2000	4.598	1.637	2000	
4.302	1.584	2000	4.279	1.559	2000	4.035	1.405	2000	3.946	1.427	2000	4.291	1.677	2000	4.547	1.766	2000	4.790	1.939	2000	4.865	1.809	2000	4.619	1.668	2000	
4.647	2.281	1473	4.619	2.252	1473	4.418	2.133	1473	4.332	2.091	1473	4.662	2.375	1473	4.936	2.577	1473	5.148	2.678	1473	5.265	2.910	1837	4.593	1.893	2000	
-1	-1	-1	-1	-1	-1	-1	-1	-1	-1	-1	-1	-1	-1	-1	-1	-1	-1	-1	-1	-1	-1	-1	-1	4.979	2.530	45	
-1	-1	-1	-1	-1	-1	-1	-1	-1	-1	-1	-1	-1	-1	-1	-1	-1	-1	-1	-1	-1	-1	-1	-1	-1	-1	-1	
-1	-1	-1	-1	-1	-1	-1	-1	-1	-1	-1	-1	-1	-1	-1	-1	-1	-1	-1	-1	-1	-1	-1	-1	-1	-1	-1	
-1	-1	-1	-1	-1	-1	-1	-1	-1	-1	-1	-1	-1	-1	-1	-1	-1	-1	-1	-1	-1	-1	-1	-1	12.065	2.122	4	
8.831	4.916	10	8.525	5.022	10	8.674	4.597	10	7.235	3.248	10	9.786	5.698	10	9.188	5.842	10	11.604	7.381	68	13.864	7.860	619	18.261	9.546	1641	
14.846	8.491	1242	14.774	8.462	1242	13.945	8.154	1242	13.520	8.073	1242	14.700	8.556	1242	15.342	8.597	1242	19.240	9.842	1792	19.674	8.444	1996	17.677	5.559	2000	
17.962	7.665	1992	17.870	7.634	1992	16.751	7.125	1992	16.178	7.011	1992	17.857	7.832	1992	19.016	8.189	1992	18.868	6.232	2000	19.114	5.589	2000	18.170	5.309	2000	
17.109	4.801	2000	17.000	4.653	2000	15.910	4.168	2000	15.387	4.197	2000	17.002	5.020	2000	18.144	5.398	2000	18.935	5.488	2000	19.601	5.491	2000	18.734	5.447	2000	
17.202	4.542	2000	17.095	4.415	2000	15.973	3.801	2000	15.435	3.944	2000	17.048	4.615	2000	18.208	4.986	2000	19.162	5.361	2000	19.956	5.542	2000	19.087	5.491	2000	
17.283	4.461	2000	17.180	4.342	2000	16.046	3.774	2000	15.533	4.003	2000	17.139	4.552	2000	18.300	4.947	2000	19.290	5.437	2000	20.056	5.628	2000	19.174	5.517	2000	
17.084	4.430	2000	16.979	4.298	2000	15.847	3.721	2000	15.336	3.905	2000	16.929	4.517	2000	18.087	4.911	2000	19.065	5.312	2000	19.853	5.545	2000	18.970	5.374	2000	
16.556	4.358	2000	16.455	4.233	2000	15.338	3.554	2000	14.850	3.738	2000	16.417	4.464	2000	17.542	4.743	2000	18.528	5.230	2000	19.276	5.459	2000	18.431	5.346	2000	
15.774	4.178	2000	15.675	4.054	2000	14.654	3.518	2000	14.151	3.635	2000	15.646	4.231	2000	16.716	4.634	2000	17.659	5.111	2000	18.338	5.290	2000	17.541	5.140	2000	
14.544	3.896	2000	14.456	3.794	2000	13.486	3.240	2000	13.044	3.372	2000	14.396	3.951	2000	15.388	4.312	2000	16.201	4.676	2000	16.844	4.908	2000	16.109	4.782	2000	
12.754	3.622	2000	12.674	3.518	2000	11.847	3.021	2000	11.471	3.182	2000	12.652	3.671	2000	13.511	4.036	2000	14.156	4.174	2000	14.655	4.330	2000	14.025	4.244	2000	
11.044	4.136	1999	10.971	4.048	1999	10.261	3.717	1999	9.953	3.731	1999	10.971	4.265	1999	11.680	4.485	1999	11.915	3.891	2000	12.214	3.774	2000	11.617	3.610	2000	
5.115	2.679	1634	5.095	2.660	1634	4.845	2.401	1634	4.743	2.379	1634	5.087	2.656	1634	5.324	2.891	1634	5.205	2.448	1977	4.914	1.792	2000	4.636	1.606	2000	
5.641	3.459	17	5.641	3.459	17	5.275	3.225	17	4.716	2.392	17	5.550	3.392	17	5.145	2.100	17	5.444	2.982	144	5.860	3.101	1013	5.312	2.663	1919	
-1	-1	-1	-1	-1	-1	-1	-1	-1	-1	-1	-1	-1	-1	-1	-1	-1	-1	-1	-1	-1	-1	-1	-1	6.317	2.145	2	
-1	-1	-1	-1	-1	-1	-1	-1	-1	-1	-1	-1	-1	-1	-1	-1	-1	-1	-1	-1	-1	-1	-1	-1	-1	-1	-1	
-1	-1	-1	-1	-1	-1	-1	-1	-1	-1	-1	-1	-1	-1	-1	-1	-1	-1	-1	-1	-1	-1	-1	-1	-1	-1	-1	
-1	-1	-1	-1	-1	-1	-1	-1	-1	-1	-1	-1	-1	-1	-1	-1	-1	-1	-1	-1	-1	-1	-1	-1	-1	-1	-1	
-1	-1	-1	-1	-1	-1	-1	-1	-1	-1	-1	-1	-1	-1	-1	-1	-1	-1	-1	-1	-1	-1	-1	-1	-1	-1	-1	
-1	-1	-1	-1	-1	-1	-1	-1	-1	-1	-1	-1	-1	-1	-1	-1	-1	-1	-1	-1	-1	-1	-1	-1	-1	-1	-1	
-1	-1	-1	-1	-1	-1	-1	-1	-1	-1	-1	-1	-1	-1	-1	-1	-1	-1	-1	-1	-1	-1	-1	-1	6.074	2.912	5	
14.762	8.489	1507	14.688	8.436	1507	13.811	8.049	1507	13.495	8.065	1507	14.671	8.375	1507	15.422	8.630	1507	16.084	8.885	1507	17.763	9.264	1706	17.485	7.760	1998	
15.701	4.180	2000	15.604	4.066	2000	14.611	3.598	2000	14.126	3.721	2000	15.600	4.338	2000	16.646	4.604	2000	17.590	5.184	2000	18.273	5.409	2000	17.433	5.133	2000	
16.756	4.324	2000	16.653	4.204	2000	15.569	3.619	2000	15.068	3.799	2000	16.620	4.380	2000	17.752	4.714	2000	18.781	5.284	2000	19.558	5.537	2000	18.666	5.396	2000	
17.786	4.485	2000	17.674	4.344	2000	16.511	3.809	2000	15.983	3.955	2000	17.628	4.603	2000	18.841	4.974	2000	19.906	5.552	2000	20.716	5.793	2000	19.839	5.716	2000	
18.658	4.755	2000	18.545	4.622	2000	17.327	3.975	2000	16.753	4.214	2000	18.501	4.839	2000	19.752	5.186	2000	20.896	5.806	2000	21.770	6.125	2000	20.800	5.951	2000	
19.298	4.858	2000	19.180	4.715	2000	17.917	4.064	2000	17.329	4.241	2000	19.127	4.900	2000	20.432	5.340	2000	21.611	5.984	2000	22.511	6.227	2000	21.532	6.168	2000	
19.722	4.979	2000	19.607	4.837	2000	18.328	4.205	2000	17.719	4.350	2000	19.567	5.123	2000	20.895	5.501	2000	22.103	6.150	2000	23.010	6.434	2000	21.991	6.275	2000	
20.083	5.489	2000	19.960	5.345	2000	18.660	4.646	2000	18.068	4.804	2000	19.925	5.510	2000	21.293	6.081	2000	22.502	6.654	2000	23.358	6.766	2000	22.220	6.329	2000	
18.027	10.101	1325	17.933	10.050	1325	17.063	9.772	1325	16.529	9.526	1325	17.974	10.116	1325	18.846	10.350	1325	19.885	10.646	1325	22.130	10.887	1538	24.528	11.199	1984	
-1	-1	-1	-1	-1	-1	-1	-1	-1	-1	-1	-1	-1	-1	-1	-1	-1	-1	-1	-1	-1	-1	-1	-1	-1	-1	-1	
-1	-1	-1	-1	-1	-1	-1	-1	-1	-1	-1	-1	-1	-1	-1	-1	-1	-1	-1	-1	-1	-1	-1	-1	-1	-1	-1	
-1	-1	-1	-1	-1	-1	-1	-1	-1	-1	-1	-1	-1	-1	-1	-1	-1	-1	-1	-1	-1	-1	-1	-1	-1	-1	-1	
-1	-1	-1	-1	-1	-1	-1	-1	-1	-1	-1	-1	-1	-1	-1	-1	-1	-1	-1	-1	-1	-1	-1	-1	-1	-1	-1	
-1	-1	-1	-1	-1	-1	-1	-1	-1	-1	-1	-1	-1	-1	-1	-1	-1	-1	-1	-1	-1	-1	-1	-1	-1	-1	-1	
-1	-1	-1	-1	-1	-1	-1	-1	-1	-1	-1	-1	-1	-1	-1	-1	-1	-1	-1	-1	-1	-1	-1	-1	-1	-1	-1	
-1	-1	-1	-1	-1	-1	-1	-1	-1	-1	-1	-1	-1	-1	-1	-1	-1	-1	-1	-1	-1	-1	-1	-1	-1	-1	-1	
13.122	7.697	66	13.042	7.700	66	12.366	7.376	66	12.172	7.548	66	13.012	7.413	66	13.577	8.818	66	14.428	7.962	92	17.099	9.418	737	17.800	8.919	1788	
17.303	7.565	1985	17.195	7.464	1985	16.176	7.111	1985	15.655	6.948	1985	17.194	7.692	1985	18.361	8.194	1985	19.143	8.164	1992	18.382	5.775	2000	17.147	5.110	2000	
16.975	4.426	2000	16.871	4.314	2000	15.774	3.775	2000	15.266	3.939	2000	16.835	4.552	2000	17.985	4.916	2000	18.980	5.453	2000	19.612	5.560	2000	18.655	5.379	2000	
18.188	4.595	2000	18.072	4.448	2000	16.897	3.898	2000	16.352	4.152	2000	18.041	4.708	2000	19.275	5.103	2000	20.359	5.687	2000	21.142	5.906	2000	20.200	5.863	2000	
19.296	4.912	2000	19.177	4.756	2000	17.944	4.193	2000	17.375	4.383	2000	19.154	4.977	2000	20.447	5.342	2000	21.636	6.070	2000	22.476	6.200	2000	21.499	6.163	2000	
20.329	5.116	2000	20.203	4.966	2000	18.896	4.291	2000	18.288	4.491	2000	20.151	5.216	2000	21.522	5.667	2000	22.792	6.352	2000	23.657	6.491	2000	22.624	6.492	2000	
21.136	5.250	2000	21.011	5.107	2000	19.630	4.395	2000	18.986	4.633	2000	20.963	5.395	2000	22.384	5.925	2000	23.658	6.536	2000	24.605	6.811	2000	23.556	6.784	2000	
21.732	5.389	2000	21.600	5.217	2000	20.185	4.573	2000	19.520	4.748	2000	21.538	5.500	2000	23.011	5.989	2000	24.305	6.639	2000	25.221	6.930	2000	24.114	6.866	2000	
22.218	5.829	2000	22.085	5.665	2000	20.641	4.910	2000	19.979	5.081	2000	22.038	5.972	2000	23.512	6.305	2000	24.844	7.039	2000	25.664	7.177	2000	24.463	6.940	2000	
25.369	11.081	1965	25.213	10.959	1965	23.686	10.450	1965	22.934	10.316	1965	25.228	11.326	1965	26.789	11.634	1965	27.926	11.668	1975	26.522	8.466	2000	24.679	7.208	2000	
16.033	9.869	48	16.033	9.869	48	15.370	9.343	48	14.289	9.171	48	16.260	9.939	48	16.617	9.758	48	18.814	10.507	78	22.928	12.267	646	26.381	12.585	1642	
-1	-1	-1	-1	-1	-1	-1	-1	-1	-1	-1	-1	-1	-1	-1	-1	-1	-1	-1	-1	-1	-1	-1	-1	-1	-1	-1	
-1	-1	-1	-1	-1	-1	-1	-1	-1	-1	-1	-1	-1	-1	-1	-1	-1	-1	-1	-1	-1	-1	-1	-1	-1	-1	-1	
-1	-1	-1	-1	-1	-1	-1	-1	-1	-1	-1	-1	-1	-1	-1	-1	-1	-1	-1	-1	-1	-1	-1	-1	-1	-1	-1	
-1	-1	-1	-1	-1	-1	-1	-1	-1	-1	-1	-1	-1	-1	-1	-1	-1	-1	-1	-1	-1	-1	-1	-1	-1	-1	-1	
-1	-1	-1	-1	-1	-1	-1	-1	-1	-1	-1	-1	-1	-1	-1	-1	-1	-1	-1	-1	-1	-1	-1	-1	-1	-1	-1	
15.595	9.889	71	15.529	9.847	71	15.149	10.265	71	14.149	9.784	71	15.531	10.817	71	16.674	10.752	71	16.424	9.904	270	19.293	10.737	1279	19.699	9.130	1938	
19.568	8.734	1976	19.457	8.672	1976	18.238	8.144	1976	17.710	8.121	1976	19.442	8.803	1976	20.762	9.412	1976	20.636	7.833	1999	20.112	5.902	2000	18.864	5.526	2000	
18.776	5.034	2000	18.661	4.891	2000	17.443	4.279	2000	16.887	4.395	2000	18.624	5.105	2000	19.880	5.490	2000	20.834	5.918	2000	21.474	6.034	2000	20.451	5.882	2000	
19.811	4.993	2000	19.692	4.853	2000	18.421	4.299	2000	17.836	4.452	2000	19.673	5.197	2000	20.977	5.505	2000	22.123	6.133	2000	22.931	6.347	2000	21.943	6.258	2000	
20.962	5.234	2000	20.832	5.063	2000	19.486	4.464	2000	18.847	4.584	2000	20.805	5.434	2000	22.204	5.822	2000	23.457	6.498	2000	24.338	6.650	2000	23.301	6.718	2000	
21.949	5.549	2000	21.818	5.389	2000	20.387	4.689	2000	19.708	4.868	2000	21.778	5.682	2000	23.245	6.132	2000	24.528	6.786	2000	25.483	7.050	2000	24.379	6.978	2000	
22.717	5.622	2000	22.578	5.454	2000	21.112	4.756	2000	20.432	4.958	2000	22.531	5.749	2000	24.074	6.225	2000	25.396	6.931	2000	26.410	7.257	2000	25.254	7.225	2000	
23.132	5.796	2000	22.991	5.616	2000	21.512	4.868	2000	20.799	5.035	2000	22.921	5.911	2000	24.511	6.424	2000	25.818	7.130	2000	26.803	7.403	2000	25.634	7.434	2000	
23.606	6.357	2000	23.454	6.145	2000	21.930	5.372	2000	21.205	5.483	2000	23.385	6.427	2000	24.999	7.009	2000	26.164	7.282	2000	26.906	7.402	2000	25.649	7.278	2000	
26.682	11.949	1949	26.540	11.867	1949	24.915	11.101	1949	24.137	10.908	1949	26.451	11.882	1949	28.067	12.253	1949	28.148	11.048	1999	27.095	7.961	2000	25.435	7.386	2000	
20.840	13.591	75	20.840	13.591	75	20.287	13.073	75	19.789	13.110	75	20.756	12.664	75	22.002	13.342	75	22.652	12.955	247	25.075	12.864	1126	28.155	12.753	1895	
-1	-1	-1	-1	-1	-1	-1	-1	-1	-1	-1	-1	-1	-1	-1	-1	-1	-1	-1	-1	-1	-1	-1	-1	-1	-1	-1	
-1	-1	-1	-1	-1	-1	-1	-1	-1	-1	-1	-1	-1	-1	-1	-1	-1	-1	-1	-1	-1	-1	-1	-1	-1	-1	-1	
-1	-1	-1	-1	-1	-1	-1	-1	-1	-1	-1	-1	-1	-1	-1	-1	-1	-1	-1	-1	-1	-1	-1	-1	-1	-1	-1	
-1	-1	-1	-1	-1	-1	-1	-1	-1	-1	-1	-1	-1	-1	-1	-1	-1	-1	13.990	10.082	6	16.048	8.732	119	15.874	8.816	875	
16.256	9.014	1158	16.180	8.986	1158	15.289	8.571	1158	14.767	8.435	1158	16.112	9.044	1158	17.346	9.417	1286	19.076	9.260	1958	18.099	6.085	2000	16.841	5.034	2000	
18.055	5.972	2000	17.942	5.817	2000	16.775	5.290	2000	16.235	5.251	2000	17.920	6.070	2000	18.968	6.000	2000	19.489	5.665	2000	19.995	5.635	2000	19.068	5.523	2000	
18.989	5.057	2000	18.870	4.927	2000	17.632	4.306	2000	17.085	4.459	2000	18.829	5.070	2000	20.077	5.392	2000	20.955	5.896	2000	21.745	6.055	2000	20.791	6.050	2000	
20.406	5.246	2000	20.281	5.077	2000	18.960	4.455	2000	18.350	4.580	2000	20.247	5.421	2000	21.614	5.760	2000	22.752	6.333	2000	23.650	6.536	2000	22.630	6.478	2000	
21.638	5.428	2000	21.504	5.265	2000	20.090	4.679	2000	19.438	4.765	2000	21.477	5.611	2000	22.918	5.985	2000	24.110	6.566	2000	25.122	6.859	2000	23.999	6.814	2000	
22.592	5.650	2000	22.452	5.488	2000	20.974	4.802	2000	20.270	4.901	2000	22.389	5.788	2000	23.914	6.303	2000	25.169	6.868	2000	26.163	7.152	2000	25.030	7.134	2000	
23.199	5.837	2000	23.050	5.643	2000	21.531	4.943	2000	20.811	5.093	2000	22.989	5.999	2000	24.501	6.453	2000	25.788	7.033	2000	26.778	7.315	2000	25.629	7.378	2000	
23.568	6.154	2000	23.424	5.961	2000	21.888	5.205	2000	21.210	5.424	2000	23.378	6.378	2000	24.892	6.726	2000	26.102	7.261	2000	27.111	7.498	2000	25.896	7.388	2000	
24.772	8.775	1997	24.631	8.683	1997	22.995	7.802	1997	22.284	7.819	1997	24.575	8.816	1997	25.816	8.801	1999	26.053	7.476	2000	26.838	7.550	2000	25.563	7.359	2000	
21.754	11.339	987	21.638	11.300	987	20.557	11.084	987	19.861	10.785	987	21.541	11.331	987	22.925	11.712	1131	27.708	12.523	1925	27.123	9.674	2000	24.808	7.302	2000	
-1	-1	-1	-1	-1	-1	-1	-1	-1	-1	-1	-1	-1	-1	-1	-1	-1	-1	23.221	20.994	3	19.139	10.664	98	21.154	11.246	752	
-1	-1	-1	-1	-1	-1	-1	-1	-1	-1	-1	-1	-1	-1	-1	-1	-1	-1	-1	-1	-1	-1	-1	-1	-1	-1	-1	
-1	-1	-1	-1	-1	-1	-1	-1	-1	-1	-1	-1	-1	-1	-1	-1	-1	-1	-1	-1	-1	-1	-1	-1	-1	-1	-1	
-1	-1	-1	-1	-1	-1	-1	-1	-1	-1	-1	-1	-1	-1	-1	11.633	7.005	8	16.879	8.977	143	19.830	10.068	930	23.250	11.246	1865	
22.534	11.053	1865	22.421	10.980	1865	21.122	10.484	1865	20.449	10.519	1865	22.294	10.829	1888	22.416	8.142	2000	22.638	6.610	2000	23.281	6.539	2000	22.198	6.439	2000	
21.514	5.585	2000	21.377	5.417	2000	19.995	4.809	2000	19.319	4.906	2000	21.311	5.764	2000	22.545	5.903	2000	23.779	6.489	2000	24.724	6.754	2000	23.669	6.815	2000	
22.216	5.626	2000	22.075	5.435	2000	20.639	4.761	2000	19.934	4.893	2000	21.983	5.634	2000	23.447	6.087	2000	24.778	6.819	2000	25.773	7.040	2000	24.684	7.074	2000	
22.516	5.701	2000	22.376	5.523	2000	20.890	4.790	2000	20.191	4.869	2000	22.306	5.762	2000	23.784	6.141	2000	25.115	6.941	2000	26.169	7.196	2000	25.058	7.174	2000	
22.646	5.992	2000	22.505	5.800	2000	21.051	5.153	2000	20.364	5.244	2000	22.451	6.055	2000	23.803	6.303	2000	25.079	6.911	2000	26.145	7.248	2000	24.988	7.148	2000	
24.945	12.214	1861	24.815	12.150	1861	23.507	11.964	1861	22.748	11.846	1861	24.863	12.160	1892	24.661	9.793	2000	24.626	7.217	2000	25.337	7.230	2000	24.124	6.970	2000	
-1	-1	-1	-1	-1	-1	-1	-1	-1	-1	-1	-1	-1	-1	-1	8.975	2.133	3	16.476	8.019	124	20.844	10.175	906	24.497	11.321	1834	
-1	-1	-1	-1	-1	-1	-1	-1	-1	-1	-1	-1	-1	-1	-1	-1	-1	-1	-1	-1	-1	-1	-1	-1	-1	-1	-1	
-1	-1	-1	-1	-1	-1	-1	-1	-1	7.951	3.064	6	8.578	5.082	91	11.775	7.195	630	19.454	9.635	1609	22.545	10.430	1986	19.754	6.680	2000	
-1	-1	-1	3.153	1.067	5	7.299	4.490	101	10.558	6.607	638	18.644	9.810	1537	22.641	10.643	1982	21.872	7.433	2000	22.284	6.366	2000	21.280	6.240	2000	
5.353	3.002	7	8.423	4.774	74	10.531	6.492	504	17.536	9.691	1472	23.261	11.349	1981	22.433	7.752	2000	23.024	6.565	2000	23.869	6.722	2000	22.828	6.622	2000	
8.092	4.622	24	9.395	5.527	204	14.057	8.519	957	21.756	11.414	1815	22.764	9.556	1998	22.720	6.499	2000	23.669	6.652	2000	24.605	6.913	2000	23.521	6.749	2000	
7.667	4.787	81	10.745	6.118	396	17.165	9.521	1277	22.657	11.853	1943	22.023	7.650	1999	22.714	6.425	2000	23.832	6.681	2000	24.788	7.044	2000	23.716	6.798	2000	
9.452	6.642	96	11.650	6.538	490	18.493	10.104	1433	21.963	11.031	1974	21.457	7.010	2000	22.271	6.193	2000	23.315	6.465	2000	24.308	6.933	2000	23.228	6.692	2000	
9.093	5.357	98	11.163	6.915	536	18.161	10.170	1506	20.353	9.975	1990	20.262	6.631	2000	21.078	5.765	2000	22.145	6.190	2000	23.027	6.524	2000	22.031	6.346	2000	
7.737	3.987	105	10.225	5.996	537	16.392	9.123	1539	17.942	8.997	1979	18.150	5.701	2000	19.032	5.338	2000	19.994	5.598	2000	20.837	6.010	2000	19.941	5.852	2000	
7.828	3.764	85	9.287	5.481	439	14.268	8.348	1390	16.419	8.494	1976	16.169	5.367	2000	16.803	4.837	2000	17.649	5.046	2000	18.330	5.359	2000	17.550	5.203	2000	
6.783	3.768	43	7.959	4.791	295	10.847	6.599	1271	12.957	7.101	1941	12.874	4.622	2000	13.206	3.876	2000	13.849	4.027	2000	14.401	4.303	2000	13.771	4.202	2000	
6.404	3.159	6	6.883	4.152	86	8.208	4.857	769	10.724	6.395	1774	11.134	4.815	1998	11.110	3.454	2000	11.625	3.489	2000	12.095	3.710	2000	11.550	3.571	2000	
7.133	4.054	2	6.703	2.887	10	5.946	3.270	144	7.276	4.157	1004	9.652	5.628	1885	9.614	4.123	2000	9.696	3.132	2000	10.059	3.252	2000	9.576	3.065	2000	
-1	-1	-1	-1	-1	-1	-1	-1	-1	4.321	1.491	7	6.031	3.503	167	7.044	4.013	994	8.620	4.807	1892	8.381	3.427	1999	7.673	2.659	2000	
-1	-1	-1	-1	-1	-1	-1	-1	-1	-1	-1	-1	-1	-1	-1	-1	-1	-1	-1	-1	-1	-1	-1	-1	-1	-1	-1	
-1	-1	-1	-1	-1	-1	-1	-1	-1	-1	-1	-1	-1	-1	-1	-1	-1	-1	4.067	0.377	2	11.342	6.147	74	13.832	7.638	590	
-1	-1	-1	-1	-1	-1	6.905	-1	1	9.023	4.750	52	12.568	7.261	478	19.064	9.776	1481	23.921	10.853	1981	22.769	7.595	2000	21.287	6.455	2000	
10.360	6.291	115	10.335	6.271	115	13.050	7.660	776	18.900	10.268	1738	21.490	9.772	1995	21.067	6.277	2000	21.980	6.353	2000	22.806	6.450	2000	21.807	6.334	2000	
16.255	9.237	1170	16.155	9.179	1170	20.422	10.416	1890	18.336	6.784	2000	19.364	5.523	2000	20.502	5.477	2000	21.638	6.031	2000	22.528	6.377	2000	21.575	6.288	2000	
19.931	10.384	1742	19.833	10.322	1742	19.029	8.150	1996	17.096	4.746	2000	18.551	4.936	2000	19.702	5.246	2000	20.806	5.833	2000	21.685	6.246	2000	20.767	6.075	2000	
19.112	10.006	1748	19.028	9.980	1748	17.807	7.915	1997	15.906	4.579	2000	17.329	4.648	2000	18.420	4.880	2000	19.478	5.453	2000	20.288	5.793	2000	19.438	5.714	2000	
14.359	8.067	1319	14.298	8.044	1319	16.895	8.808	1937	14.756	5.201	2000	15.743	4.427	2000	16.697	4.539	2000	17.618	4.944	2000	18.384	5.307	2000	17.589	5.231	2000	
9.803	5.008	140	9.767	4.985	140	11.002	6.207	898	13.934	7.914	1830	14.681	6.254	2000	14.824	4.436	2000	15.485	4.533	2000	16.086	4.824	2000	15.378	4.684	2000	
-1	-1	-1	-1	-1	-1	7.671	3.213	5	7.874	4.155	75	10.362	5.997	678	13.659	7.655	1709	14.329	6.735	1997	13.889	4.737	2000	13.058	4.081	2000	
-1	-1	-1	-1	-1	-1	-1	-1	-1	-1	-1	-1	-1	-1	-1	-1	-1	-1	7.028	0.275	2	9.200	4.272	101	10.369	6.058	812	
-1	-1	-1	-1	-1	-1	-1	-1	-1	-1	-1	-1	-1	-1	-1	-1	-1	-1	-1	-1	-1	-1	-1	-1	-1	-1	-1	
-1	-1	-1	-1	-1	-1	-1	-1	-1	-1	-1	-1	-1	-1	-1	-1	-1	-1	-1	-1	-1	-1	-1	-1	-1	-1	-1	
-1	-1	-1	-1	-1	-1	-1	-1	-1	-1	-1	-1	-1	-1	-1	-1	-1	-1	-1	-1	-1	-1	-1	-1	-1	-1	-1	
-1	-1	-1	-1	-1	-1	-1	-1	-1	-1	-1	-1	-1	-1	-1	-1	-1	-1	-1	-1	-1	6	-1	1	10.083	4.789	32	
9.370	4.939	127	9.272	4.854	127	9.973	5.734	408	15.352	9.002	1430	19.571	10.218	1966	18.626	6.271	2000	19.185	5.579	2000	19.928	5.832	2000	19.025	5.664	2000	
17.052	6.618	2000	16.948	6.498	2000	15.316	4.267	2000	14.580	3.752	2000	16.022	4.194	2000	17.065	4.590	2000	18.056	5.123	2000	18.827	5.482	2000	18.041	5.416	2000	
15.660	5.769	2000	15.553	5.599	2000	14.241	3.962	2000	13.516	3.533	2000	14.821	3.957	2000	15.825	4.245	2000	16.718	4.815	2000	17.457	5.134	2000	16.681	4.961	2000	
9.210	5.552	170	9.204	5.545	170	9.282	5.513	512	12.842	7.427	1570	14.881	7.157	1990	14.648	4.689	2000	15.156	4.523	2000	15.738	4.717	2000	15.042	4.542	2000	
-1	-1	-1	-1	-1	-1	-1	-1	-1	-1	-1	-1	-1	-1	-1	-1	-1	-1	-1	-1	-1	14.982	8.003	5	8.460	5.039	60	
-1	-1	-1	-1	-1	-1	-1	-1	-1	-1	-1	-1	-1	-1	-1	-1	-1	-1	-1	-1	-1	-1	-1	-1	-1	-1	-1	
-1	-1	-1	-1	-1	-1	-1	-1	-1	-1	-1	-1	-1	-1	-1	-1	-1	-1	-1	-1	-1	-1	-1	-1	-1	-1	-1	
-1	-1	-1	-1	-1	-1	-1	-1	-1	-1	-1	-1	-1	-1	-1	-1	-1	-1	-1	-1	-1	-1	-1	-1	-1	-1	-1	
-1	-1	-1	-1	-1	-1	-1	-1	-1	-1	-1	-1	-1	-1	-1	-1	-1	-1	-1	-1	-1	-1	-1	-1	-1	-1	-1	
-1	-1	-1	-1	-1	-1	-1	-1	-1	-1	-1	-1	-1	-1	-1	-1	-1	-1	-1	-1	-1	-1	-1	-1	-1	-1	-1	
7.462	4.803	9	7.462	4.803	9	8.791	4.854	22	10.342	5.723	277	13.823	7.672	1218	18.049	9.293	1937	17.548	6.433	2000	17.652	5.418	2000	16.788	5.073	2000	
14.856	4.658	2000	14.757	4.524	2000	13.684	3.729	2000	13.062	3.369	2000	14.321	3.799	2000	15.291	4.145	2000	16.202	4.721	2000	16.888	4.988	2000	16.151	4.874	2000	
13.965	4.264	2000	13.878	4.150	2000	12.860	3.446	2000	12.228	3.160	2000	13.447	3.630	2000	14.328	3.957	2000	15.153	4.390	2000	15.825	4.750	2000	15.136	4.555	2000	
6.794	2.236	6	6.794	2.236	6	6.258	2.930	13	8.778	4.567	269	12.352	7.308	1292	14.917	7.690	1944	14.488	5.229	2000	14.616	4.510	2000	13.879	4.312	2000	
-1	-1	-1	-1	-1	-1	-1	-1	-1	-1	-1	-1	-1	-1	-1	-1	-1	-1	-1	-1	-1	-1	-1	-1	-1	-1	-1	
-1	-1	-1	-1	-1	-1	-1	-1	-1	-1	-1	-1	-1	-1	-1	-1	-1	-1	-1	-1	-1	-1	-1	-1	-1	-1	-1	
-1	-1	-1	-1	-1	-1	-1	-1	-1	-1	-1	-1	-1	-1	-1	-1	-1	-1	-1	-1	-1	-1	-1	-1	-1	-1	-1	
-1	-1	-1	-1	-1	-1	-1	-1	-1	-1	-1	-1	-1	-1	-1	-1	-1	-1	-1	-1	-1	-1	-1	-1	-1	-1	-1	
-1	-1	-1	-1	-1	-1	-1	-1	-1	-1	-1	-1	-1	-1	-1	-1	-1	-1	-1	-1	-1	-1	-1	-1	-1	-1	-1	
-1	-1	-1	-1	-1	-1	-1	-1	-1	-1	-1	-1	-1	-1	-1	-1	-1	-1	-1	-1	-1	-1	-1	-1	-1	-1	-1	
-1	-1	-1	-1	-1	-1	-1	-1	-1	17.871	4.152	2	13.149	7.569	119	15.340	8.142	915	16.077	7.668	1906	15.352	5.338	2000	14.337	4.452	2000	
13.748	5.179	2000	13.655	5.071	2000	12.716	4.506	2000	11.734	3.187	2000	12.765	3.507	2000	13.610	3.828	2000	14.376	4.183	2000	14.979	4.500	2000	14.321	4.387	2000	
12.571	3.444	2000	12.490	3.336	2000	11.690	2.944	2000	11.197	2.921	2000	12.360	3.403	2000	13.192	3.653	2000	13.950	4.039	2000	14.541	4.443	2000	13.926	4.259	2000	
12.431	4.336	2000	12.354	4.246	2000	11.478	3.762	2000	10.808	2.983	2000	11.747	3.217	2000	12.509	3.482	2000	13.222	3.886	2000	13.821	4.161	2000	13.200	4.024	2000	
-1	-1	-1	-1	-1	-1	-1	-1	-1	9.263	4.639	6	11.407	5.984	132	13.153	7.442	956	13.628	6.339	1916	13.250	4.653	2000	12.302	3.940	2000	
-1	-1	-1	-1	-1	-1	-1	-1	-1	-1	-1	-1	-1	-1	-1	-1	-1	-1	-1	-1	-1	-1	-1	-1	-1	-1	-1	
-1	-1	-1	-1	-1	-1	-1	-1	-1	-1	-1	-1	-1	-1	-1	-1	-1	-1	-1	-1	-1	-1	-1	-1	-1	-1	-1	
-1	-1	-1	-1	-1	-1	-1	-1	-1	-1	-1	-1	-1	-1	-1	-1	-1	-1	-1	-1	-1	-1	-1	-1	-1	-1	-1	
-1	-1	-1	-1	-1	-1	-1	-1	-1	-1	-1	-1	-1	-1	-1	-1	-1	-1	-1	-1	-1	-1	-1	-1	-1	-1	-1	
-1	-1	-1	-1	-1	-1	-1	-1	-1	-1	-1	-1	-1	-1	-1	-1	-1	-1	-1	-1	-1	-1	-1	-1	-1	-1	-1	
-1	-1	-1	-1	-1	-1	-1	-1	-1	-1	-1	-1	-1	-1	-1	-1	-1	-1	-1	-1	-1	-1	-1	-1	-1	-1	-1	
-1	-1	-1	-1	-1	-1	-1	-1	-1	-1	-1	-1	-1	-1	-1	-1	-1	-1	6.867	2.873	4	9.972	5.526	75	11.588	6.544	803	
10.685	3.472	2000	10.626	3.418	2000	9.951	3.045	2000	9.644	3.125	2000	10.585	3.366	2000	11.331	3.722	2000	11.708	3.640	2000	12.133	3.729	2000	11.597	3.584	2000	
10.579	2.896	2000	10.506	2.801	2000	9.821	2.475	2000	9.492	2.522	2000	10.484	2.895	2000	11.203	3.136	2000	11.847	3.539	2000	12.348	3.782	2000	11.792	3.655	2000	
10.353	2.821	2000	10.293	2.749	2000	9.622	2.433	2000	9.293	2.438	2000	10.272	2.826	2000	10.971	3.066	2000	11.597	3.409	2000	12.093	3.702	2000	11.576	3.644	2000	
9.946	2.740	2000	9.886	2.678	2000	9.229	2.365	2000	8.931	2.380	2000	9.856	2.752	2000	10.528	2.993	2000	11.136	3.345	2000	11.609	3.581	2000	11.123	3.468	2000	
9.524	3.100	2000	9.463	2.999	2000	8.848	2.705	2000	8.548	2.677	2000	9.442	3.090	2000	10.064	3.300	2000	10.445	3.294	2000	10.795	3.426	2000	10.333	3.286	2000	
-1	-1	-1	-1	-1	-1	-1	-1	-1	-1	-1	-1	-1	-1	-1	-1	-1	-1	12.461	8.738	7	10.106	6.112	101	10.439	6.146	809	
-1	-1	-1	-1	-1	-1	-1	-1	-1	-1	-1	-1	-1	-1	-1	-1	-1	-1	-1	-1	-1	-1	-1	-1	-1	-1	-1	
-1	-1	-1	-1	-1	-1	-1	-1	-1	-1	-1	-1	-1	-1	-1	-1	-1	-1	-1	-1	-1	-1	-1	-1	-1	-1	-1	
-1	-1	-1	-1	-1	-1	-1	-1	-1	-1	-1	-1	-1	-1	-1	-1	-1	-1	-1	-1	-1	-1	-1	-1	-1	-1	-1	
-1	-1	-1	-1	-1	-1	-1	-1	-1	-1	-1	-1	-1	-1	-1	-1	-1	-1	-1	-1	-1	-1	-1	-1	-1	-1	-1	
-1	-1	-1	-1	-1	-1	-1	-1	-1	-1	-1	-1	-1	-1	-1	-1	-1	-1	-1	-1	-1	-1	-1	-1	-1	-1	-1	
-1	-1	-1	-1	-1	-1	-1	-1	-1	-1	-1	-1	-1	-1	-1	-1	-1	-1	-1	-1	-1	-1	-1	-1	-1	-1	-1	
-1	-1	-1	-1	-1	-1	-1	-1	-1	-1	-1	-1	-1	-1	-1	5.167	-1	1	3.050	0.354	2	11.564	5.657	16	8.959	5.386	237	
7.730	4.643	80	7.677	4.593	80	7.393	3.716	89	8.004	4.504	766	9.715	5.497	1819	9.454	3.735	2000	9.466	3.087	2000	9.721	3.069	2000	9.238	2.933	2000	
9.117	3.517	2000	9.063	3.473	2000	8.431	2.957	2000	7.745	2.234	2000	8.434	2.469	2000	8.971	2.617	2000	9.496	2.945	2000	9.869	3.079	2000	9.444	2.982	2000	
8.511	2.483	2000	8.458	2.420	2000	7.870	2.206	2000	7.531	2.099	2000	8.277	2.405	2000	8.797	2.555	2000	9.319	2.858	2000	9.728	3.114	2000	9.303	2.984	2000	
8.610	3.118	2000	8.557	3.052	2000	7.968	2.778	2000	7.329	2.150	2000	8.002	2.334	2000	8.512	2.528	2000	9.001	2.763	2000	9.366	2.983	2000	8.962	2.886	2000	
7.897	5.051	75	7.875	5.014	75	7.414	4.217	96	8.056	4.659	785	8.702	4.397	1854	8.525	3.328	2000	8.573	2.786	2000	8.833	2.872	2000	8.414	2.736	2000	
-1	-1	-1	-1	-1	-1	-1	-1	-1	-1	-1	-1	-1	-1	-1	-1	-1	-1	16.636	11.082	2	8.331	5.177	16	8.731	5.057	212	
-1	-1	-1	-1	-1	-1	-1	-1	-1	-1	-1	-1	-1	-1	-1	-1	-1	-1	-1	-1	-1	-1	-1	-1	-1	-1	-1	
-1	-1	-1	-1	-1	-1	-1	-1	-1	-1	-1	-1	-1	-1	-1	-1	-1	-1	-1	-1	-1	-1	-1	-1	-1	-1	-1	
-1	-1	-1	-1	-1	-1	-1	-1	-1	-1	-1	-1	-1	-1	-1	-1	-1	-1	-1	-1	-1	-1	-1	-1	-1	-1	-1	
-1	-1	-1	-1	-1	-1	-1	-1	-1	-1	-1	-1	-1	-1	-1	-1	-1	-1	-1	-1	-1	-1	-1	-1	-1	-1	-1	
-1	-1	-1	-1	-1	-1	-1	-1	-1	-1	-1	-1	-1	-1	-1	-1	-1	-1	-1	-1	-1	-1	-1	-1	-1	-1	-1	
-1	-1	-1	-1	-1	-1	-1	-1	-1	-1	-1	-1	-1	-1	-1	-1	-1	-1	-1	-1	-1	-1	-1	-1	-1	-1	-1	
-1	-1	-1	-1	-1	-1	-1	-1	-1	-1	-1	-1	-1	-1	-1	-1	-1	-1	-1	-1	-1	-1	-1	-1	-1	-1	-1	
-1	-1	-1	-1	-1	-1	-1	-1	-1	-1	-1	-1	-1	-1	-1	-1	-1	-1	-1	-1	-1	3.095	1.280	2	6.051	3.962	64	
7.191	4.105	1794	7.148	4.033	1794	6.748	3.777	1794	6.571	3.840	1794	6.857	3.056	1993	6.905	2.262	2000	7.191	2.338	2000	7.466	2.493	2000	7.140	2.368	2000	
6.582	2.005	2000	6.540	1.956	2000	6.112	1.756	2000	5.908	1.750	2000	6.500	1.970	2000	6.918	2.126	2000	7.328	2.315	2000	7.628	2.523	2000	7.316	2.450	2000	
6.543	1.971	2000	6.503	1.924	2000	6.064	1.714	2000	5.871	1.718	2000	6.462	1.921	2000	6.899	2.067	2000	7.297	2.296	2000	7.603	2.474	2000	7.295	2.435	2000	
7.215	4.225	1778	7.176	4.204	1778	6.748	3.833	1778	6.547	3.830	1778	6.721	3.060	1996	6.731	2.233	2000	7.077	2.304	2000	7.347	2.425	2000	7.026	2.366	2000	
-1	-1	-1	-1	-1	-1	-1	-1	-1	-1	-1	-1	-1	-1	-1	-1	-1	-1	-1	-1	-1	6.571	3.435	2	5.562	3.185	84	
-1	-1	-1	-1	-1	-1	-1	-1	-1	-1	-1	-1	-1	-1	-1	-1	-1	-1	-1	-1	-1	-1	-1	-1	-1	-1	-1	
-1	-1	-1	-1	-1	-1	-1	-1	-1	-1	-1	-1	-1	-1	-1	-1	-1	-1	-1	-1	-1	-1	-1	-1	-1	-1	-1	
-1	-1	-1	-1	-1	-1	-1	-1	-1	-1	-1	-1	-1	-1	-1	-1	-1	-1	-1	-1	-1	-1	-1	-1	-1	-1	-1	
-1	-1	-1	-1	-1	-1	-1	-1	-1	-1	-1	-1	-1	-1	-1	-1	-1	-1	-1	-1	-1	-1	-1	-1	-1	-1	-1	
-1	-1	-1	-1	-1	-1	-1	-1	-1	-1	-1	-1	-1	-1	-1	-1	-1	-1	-1	-1	-1	-1	-1	-1	-1	-1	-1	
-1	-1	-1	-1	-1	-1	-1	-1	-1	-1	-1	-1	-1	-1	-1	-1	-1	-1	-1	-1	-1	-1	-1	-1	-1	-1	-1	
-1	-1	-1	-1	-1	-1	-1	-1	-1	-1	-1	-1	-1	-1	-1	-1	-1	-1	-1	-1	-1	-1	-1	-1	-1	-1	-1	
-1	-1	-1	-1	-1	-1	-1	-1	-1	-1	-1	-1	-1	-1	-1	-1	-1	-1	-1	-1	-1	-1	-1	-1	5.023	2.005	20	
-1	-1	-1	-1	-1	-1	-1	-1	-1	-1	-1	-1	4.316	1.797	44	5.123	2.752	566	5.478	3.010	1719	5.200	2.262	1997	4.783	1.803	2000	
5.105	2.805	355	5.087	2.795	355	4.815	2.544	484	5.086	2.771	1674	4.863	2.225	1998	4.874	1.621	2000	5.134	1.762	2000	5.341	1.826	2000	5.122	1.807	2000	
5.562	2.939	1984	5.533	2.917	1984	5.089	2.510	1993	4.484	1.486	2000	4.847	1.553	2000	5.161	1.655	2000	5.457	1.815	2000	5.677	1.969	2000	5.461	1.937	2000	
5.148	1.849	2000	5.116	1.814	2000	4.755	1.561	2000	4.515	1.398	2000	4.939	1.573	2000	5.249	1.670	2000	5.553	1.858	2000	5.784	2.026	2000	5.534	1.952	2000	
5.105	1.861	2000	5.068	1.821	2000	4.727	1.592	2000	4.483	1.397	2000	4.936	1.585	2000	5.247	1.700	2000	5.550	1.856	2000	5.789	2.021	2000	5.541	1.966	2000	
5.377	2.561	1988	5.344	2.526	1988	4.962	2.228	1996	4.409	1.448	2000	4.789	1.548	2000	5.090	1.673	2000	5.372	1.787	2000	5.606	1.982	2000	5.373	1.882	2000	
5.280	2.832	370	5.264	2.807	370	4.927	2.438	482	5.070	2.795	1662	4.878	2.056	1998	4.917	1.707	2000	5.132	1.736	2000	5.349	1.876	2000	5.107	1.826	2000	
-1	-1	-1	-1	-1	-1	-1	-1	-1	4.314	1.148	4	4.743	2.657	38	5.157	2.705	583	5.495	3.175	1724	5.203	2.377	1998	4.765	1.741	2000	
-1	-1	-1	-1	-1	-1	-1	-1	-1	-1	-1	-1	-1	-1	-1	-1	-1	-1	-1	-1	-1	-1	-1	-1	3.607	1.263	12	
-1	-1	-1	-1	-1	-1	-1	-1	-1	-1	-1	-1	-1	-1	-1	-1	-1	-1	-1	-1	-1	-1	-1	-1	-1	-1	-1	
-1	-1	-1	-1	-1	-1	-1	-1	-1	-1	-1	-1	-1	-1	-1	-1	-1	-1	-1	-1	-1	-1	-1	-1	-1	-1	-1	
-1	-1	-1	-1	-1	-1	-1	-1	-1	-1	-1	-1	-1	-1	-1	-1	-1	-1	-1	-1	-1	-1	-1	-1	-1	-1	-1	
-1	-1	-1	-1	-1	-1	-1	-1	-1	-1	-1	-1	-1	-1	-1	-1	-1	-1	-1	-1	-1	-1	-1	-1	-1	-1	-1	
-1	-1	-1	-1	-1	-1	-1	-1	-1	-1	-1	-1	-1	-1	-1	-1	-1	-1	-1	-1	-1	-1	-1	-1	-1	-1	-1	
-1	-1	-1	-1	-1	-1	-1	-1	-1	-1	-1	-1	-1	-1	-1	-1	-1	-1	-1	-1	-1	-1	-1	-1	-1	-1	-1	
-1	-1	-1	-1	-1	-1	-1	-1	-1	-1	-1	-1	-1	-1	-1	-1	-1	-1	-1	-1	-1	-1	-1	-1	-1	-1	-1	
-1	-1	-1	-1	-1	-1	-1	-1	-1	-1	-1	-1	-1	-1	-1	-1	-1	-1	-1	-1	-1	3.340	0.824	12	3.852	1.492	247	
-1	-1	-1	-1	-1	-1	-1	-1	-1	4.169	1.627	9	3.819	1.352	186	4.024	1.738	1173	3.980	1.617	1961	3.695	1.216	2000	3.517	0.894	2000	
4.234	1.749	255	4.203	1.720	255	4.116	1.805	722	3.811	1.527	1855	3.701	1.283	2000	3.630	0.956	2000	3.747	1.045	2000	3.832	1.158	2000	3.759	1.099	2000	
4.223	1.754	1935	4.206	1.734	1935	3.850	1.442	1999	3.525	0.851	2000	3.681	0.949	2000	3.819	1.040	2000	3.983	1.189	2000	4.127	1.346	2000	3.997	1.237	2000	
4.017	1.393	2000	3.991	1.366	2000	3.700	0.950	2000	3.600	0.839	2000	3.807	1.018	2000	3.977	1.166	2000	4.172	1.304	2000	4.318	1.477	2000	4.195	1.366	2000	
4.125	1.447	2000	4.104	1.407	2000	3.805	1.053	2000	3.645	0.882	2000	3.891	1.050	2000	4.070	1.190	2000	4.262	1.328	2000	4.426	1.489	2000	4.278	1.434	2000	
4.536	2.206	1943	4.513	2.171	1943	4.042	1.604	1997	3.685	0.944	2000	3.904	1.077	2000	4.075	1.196	2000	4.279	1.346	2000	4.435	1.502	2000	4.255	1.392	2000	
4.786	2.547	275	4.763	2.547	275	4.475	2.088	739	4.207	1.922	1868	4.055	1.397	2000	4.055	1.240	2000	4.197	1.347	2000	4.338	1.459	2000	4.195	1.363	2000	
-1	-1	-1	-1	-1	-1	-1	-1	-1	4.417	1.728	10	4.640	2.686	181	4.773	2.590	1177	4.611	2.209	1959	4.278	1.559	2000	4.066	1.265	2000	
-1	-1	-1	-1	-1	-1	-1	-1	-1	-1	-1	-1	-1	-1	-1	-1	-1	-1	-1	-1	-1	5.067	2.282	19	4.633	2.355	261	
-1	-1	-1	-1	-1	-1	-1	-1	-1	-1	-1	-1	-1	-1	-1	-1	-1	-1	-1	-1	-1	-1	-1	-1	-1	-1	-1	
-1	-1	-1	-1	-1	-1	-1	-1	-1	-1	-1	-1	-1	-1	-1	-1	-1	-1	-1	-1	-1	-1	-1	-1	-1	-1	-1	
-1	-1	-1	-1	-1	-1	-1	-1	-1	-1	-1	-1	-1	-1	-1	-1	-1	-1	-1	-1	-1	-1	-1	-1	-1	-1	-1	
-1	-1	-1	-1	-1	-1	-1	-1	-1	-1	-1	-1	-1	-1	-1	-1	-1	-1	-1	-1	-1	-1	-1	-1	-1	-1	-1	
-1	-1	-1	-1	-1	-1	-1	-1	-1	-1	-1	-1	-1	-1	-1	-1	-1	-1	-1	-1	-1	-1	-1	-1	-1	-1	-1	
-1	-1	-1	-1	-1	-1	-1	-1	-1	-1	-1	-1	-1	-1	-1	-1	-1	-1	-1	-1	-1	-1	-1	-1	-1	-1	-1	
-1	-1	-1	-1	-1	-1	-1	-1	-1	-1	-1	-1	-1	-1	-1	-1	-1	-1	-1	-1	-1	-1	-1	-1	-1	-1	-1	
-1	-1	-1	-1	-1	-1	-1	-1	-1	-1	-1	-1	-1	-1	-1	-1	-1	-1	-1	-1	-1	-1	-1	-1	-1	-1	-1	
-1	-1	-1	-1	-1	-1	-1	-1	-1	-1	-1	-1	-1	-1	-1	-1	-1	-1	-1	-1	-1	-1	-1	-1	-1	-1	-1	
-1	-1	-1	-1	-1	-1	-1	-1	-1	-1	-1	-1	-1	-1	-1	-1	-1	-1	-1	-1	-1	-1	-1	-1	-1	-1	-1	
-1	-1	-1	-1	-1	-1	-1	-1	-1	-1	-1	-1	3.787	1.038	14	3.734	1.805	206	3.820	1.655	1197	3.569	1.346	1970	3.269	0.909	2000	
3.663	1.449	693	3.653	1.435	693	3.571	1.412	1807	3.428	1.410	1999	3.138	0.651	2000	3.165	0.635	2000	3.242	0.722	2000	3.312	0.829	2000	3.255	0.757	2000	
3.256	0.831	2000	3.245	0.824	2000	3.105	0.505	2000	3.070	0.430	2000	3.154	0.565	2000	3.227	0.665	2000	3.341	0.787	2000	3.425	0.961	2000	3.357	0.820	2000	
3.350	0.964	2000	3.336	0.942	2000	3.136	0.558	2000	3.092	0.481	2000	3.197	0.616	2000	3.280	0.736	2000	3.386	0.854	2000	3.474	0.989	2000	3.405	0.868	2000	
3.937	1.719	698	3.917	1.698	698	3.699	1.442	1790	3.442	1.275	1999	3.250	0.759	2000	3.309	0.737	2000	3.410	0.857	2000	3.480	0.974	2000	3.425	0.880	2000	
-1	-1	-1	-1	-1	-1	-1	-1	-1	-1	-1	-1	4.353	1.906	12	4.133	2.125	202	4.017	1.841	1214	3.770	1.489	1979	3.457	1.009	2000	
-1	-1	-1	-1	-1	-1	-1	-1	-1	-1	-1	-1	-1	-1	-1	-1	-1	-1	-1	-1	-1	-1	-1	-1	-1	-1	-1	
-1	-1	-1	-1	-1	-1	-1	-1	-1	-1	-1	-1	-1	-1	-1	-1	-1	-1	-1	-1	-1	-1	-1	-1	-1	-1	-1	
-1	-1	-1	-1	-1	-1	-1	-1	-1	-1	-1	-1	-1	-1	-1	-1	-1	-1	-1	-1	-1	-1	-1	-1	-1	-1	-1	
-1	-1	-1	-1	-1	-1	-1	-1	-1	-1	-1	-1	-1	-1	-1	-1	-1	-1	-1	-1	-1	-1	-1	-1	-1	-1	-1	
-1	-1	-1	-1	-1	-1	-1	-1	-1	-1	-1	-1	-1	-1	-1	-1	-1	-1	-1	-1	-1	-1	-1	-1	-1	-1	-1	
-1	-1	-1	-1	-1	-1	-1	-1	-1	-1	-1	-1	-1	-1	-1	-1	-1	-1	-1	-1	-1	-1	-1	-1	-1	-1	-1	
-1	-1	-1	-1	-1	-1	-1	-1	-1	-1	-1	-1	-1	-1	-1	-1	-1	-1	-1	-1	-1	-1	-1	-1	-1	-1	-1	
-1	-1	-1	-1	-1	-1	-1	-1	-1	-1	-1	-1	-1	-1	-1	-1	-1	-1	-1	-1	-1	-1	-1	-1	-1	-1	-1	
-1	-1	-1	-1	-1	-1	-1	-1	-1	-1	-1	-1	-1	-1	-1	-1	-1	-1	-1	-1	-1	-1	-1	-1	-1	-1	-1	
-1	-1	-1	-1	-1	-1	-1	-1	-1	-1	-1	-1	-1	-1	-1	-1	-1	-1	-1	-1	-1	5.600	1.925	4	3.994	1.965	80	
5.612	2.319	38	5.612	2.319	38	5.612	2.319	38	5.612	2.319	38	5.612	2.319	38	4.750	1.865	281	4.842	1.963	1419	4.519	1.726	1991	4.075	1.268	1997	
5.351	2.030	1950	5.350	2.026	1950	5.525	2.111	1950	5.581	2.132	1950	5.439	2.070	1950	4.906	1.707	1998	4.398	1.143	1998	4.361	1.074	1998	4.363	1.052	1998	
4.717	1.166	1999	4.716	1.163	1999	4.721	1.153	1999	4.793	1.243	1999	4.762	1.213	1999	4.700	1.111	1999	4.697	1.060	1999	4.693	1.037	1999	4.688	1.025	1999	
4.861	1.026	2000	4.861	1.026	2000	4.861	1.026	2000	4.863	1.028	2000	4.862	1.025	2000	4.862	1.004	2000	4.862	0.984	2000	4.866	0.975	2000	4.867	0.966	2000	
5.014	0.988	1999	5.014	0.988	1999	5.014	0.988	1999	5.014	0.987	1999	5.015	0.987	1999	5.017	0.964	1999	5.019	0.951	1999	5.018	0.943	1999	5.019	0.938	1999	
5.079	0.979	2000	5.079	0.979	2000	5.079	0.979	2000	5.079	0.978	2000	5.079	0.979	2000	5.085	0.955	2000	5.083	0.934	2000	5.085	0.922	2000	5.088	0.918	2000	
5.073	0.996	1999	5.073	0.996	1999	5.073	0.996	1999	5.073	0.996	1999	5.073	0.996	1999	5.076	0.967	1999	5.081	0.940	1999	5.080	0.927	1999	5.083	0.923	1999	
5.072	1.121	2000	5.072	1.121	2000	5.088	1.139	2000	5.143	1.226	2000	5.133	1.206	2000	5.069	1.053	2000	5.063	1.007	2000	5.061	0.984	2000	5.057	0.966	2000	
6.084	2.286	1940	6.083	2.286	1940	6.311	2.433	1940	6.443	2.476	1940	6.197	2.347	1940	5.529	1.886	1999	4.951	1.147	1999	4.907	1.046	1999	4.904	1.013	1999	
5.016	1.904	49	5.016	1.904	49	5.014	1.924	49	5.014	1.924	49	5.033	1.899	49	5.210	1.963	309	5.666	2.154	1345	5.336	1.923	1983	4.785	1.308	1997	
-1	-1	-1	-1	-1	-1	-1	-1	-1	-1	-1	-1	-1	-1	-1	-1	-1	-1	-1	-1	-1	5.422	2.236	3	5.010	1.528	66	
-1	-1	-1	-1	-1	-1	-1	-1	-1	-1	-1	-1	-1	-1	-1	-1	-1	-1	-1	-1	-1	-1	-1	-1	-1	-1	-1	
-1	-1	-1	-1	-1	-1	-1	-1	-1	-1	-1	-1	-1	-1	-1	-1	-1	-1	-1	-1	-1	-1	-1	-1	-1	-1	-1	
-1	-1	-1	-1	-1	-1	-1	-1	-1	-1	-1	-1	-1	-1	-1	-1	-1	-1	-1	-1	-1	-1	-1	-1	-1	-1	-1	
-1	-1	-1	-1	-1	-1	-1	-1	-1	-1	-1	-1	-1	-1	-1	-1	-1	-1	-1	-1	-1	-1	-1	-1	-1	-1	-1	
-1	-1	-1	-1	-1	-1	-1	-1	-1	-1	-1	-1	-1	-1	-1	-1	-1	-1	-1	-1	-1	-1	-1	-1	-1	-1	-1	
-1	-1	-1	-1	-1	-1	-1	-1	-1	-1	-1	-1	-1	-1	-1	-1	-1	-1	4	-1	1	2.600	1.080	25	3.039	1.648	444	
-1	-1	-1	-1	-1	-1	-1	-1	-1	1	-1	1	2.894	1.561	22	3.365	1.555	370	3.401	1.618	1510	3.174	1.447	1928	2.973	1.196	1931	
4.124	1.727	89	4.124	1.727	89	4.124	1.727	89	3.861	1.743	376	3.811	1.720	1550	3.682	1.626	1973	3.329	1.273	1975	3.220	1.172	1975	3.219	1.166	1975	
4.161	1.824	1276	4.164	1.822	1276	4.180	1.843	1276	4.306	1.887	1875	3.939	1.581	1981	3.577	1.230	1981	3.529	1.182	1981	3.525	1.172	1981	3.523	1.166	1981	
4.614	1.928	1967	4.612	1.928	1967	4.741	2.015	1967	4.503	1.855	1984	3.899	1.282	1984	3.846	1.231	1984	3.833	1.204	1984	3.831	1.197	1984	3.834	1.198	1984	
4.430	1.609	1989	4.423	1.605	1989	4.579	1.737	1989	4.304	1.477	1989	4.021	1.198	1989	4.014	1.181	1989	4.012	1.174	1989	4.007	1.166	1989	4.008	1.166	1989	
4.380	1.454	1993	4.376	1.453	1993	4.488	1.526	1993	4.290	1.381	1993	4.150	1.201	1993	4.141	1.178	1993	4.140	1.168	1993	4.140	1.164	1993	4.143	1.165	1993	
4.462	1.419	1992	4.463	1.424	1992	4.599	1.548	1992	4.364	1.307	1992	4.231	1.175	1992	4.226	1.157	1992	4.227	1.152	1992	4.227	1.148	1992	4.227	1.147	1992	
4.674	1.651	1995	4.664	1.638	1995	4.861	1.785	1995	4.507	1.465	1995	4.233	1.181	1995	4.230	1.162	1995	4.227	1.145	1995	4.228	1.143	1995	4.226	1.138	1995	
5.001	1.985	1980	4.999	1.983	1980	5.196	2.139	1980	4.931	1.974	1997	4.224	1.288	1998	4.163	1.197	1998	4.160	1.178	1998	4.158	1.169	1998	4.156	1.168	1998	
4.793	1.944	1277	4.790	1.945	1277	4.818	1.947	1277	5.106	2.106	1865	4.611	1.783	1993	4.106	1.263	1993	4.065	1.195	1993	4.061	1.176	1993	4.057	1.166	1993	
4.438	1.799	86	4.438	1.799	86	4.471	1.813	86	4.562	1.883	378	4.648	1.881	1563	4.457	1.756	1990	3.992	1.299	1993	3.864	1.178	1993	3.857	1.165	1993	
-1	-1	-1	-1	-1	-1	-1	-1	-1	4.667	-1	1	3.980	1.489	20	4.335	1.923	379	4.361	1.877	1528	4.057	1.653	1978	3.715	1.263	1981	
-1	-1	-1	-1	-1	-1	-1	-1	-1	-1	-1	-1	-1	-1	-1	3.667	-1	1	3.244	1.096	3	4.024	1.772	45	3.926	1.744	459	
-1	-1	-1	-1	-1	-1	-1	-1	-1	-1	-1	-1	-1	-1	-1	-1	-1	-1	-1	-1	-1	-1	-1	-1	-1	-1	-1	
-1	-1	-1	-1	-1	-1	-1	-1	-1	-1	-1	-1	-1	-1	-1	-1	-1	-1	-1	-1	-1	-1	-1	-1	-1	-1	-1	
-1	-1	-1	-1	-1	-1	-1	-1	-1	-1	-1	-1	-1	-1	-1	-1	-1	-1	-1	-1	-1	-1	-1	-1	-1	-1	-1	
-1	-1	-1	-1	-1	-1	-1	-1	-1	-1	-1	-1	-1	-1	-1	-1	-1	-1	-1	-1	-1	-1	-1	-1	-1	-1	-1	
-1	-1	-1	-1	-1	-1	-1	-1	-1	-1	-1	-1	-1	-1	-1	-1	-1	-1	-1	-1	-1	-1	-1	-1	-1	-1	-1	
-1	-1	-1	-1	-1	-1	-1	-1	-1	-1	-1	-1	-1	-1	-1	-1	-1	-1	-1	-1	-1	-1	-1	-1	-1	-1	-1	
-1	-1	-1	-1	-1	-1	-1	-1	-1	-1	-1	-1	-1	-1	-1	-1	-1	-1	-1	-1	-1	-1	-1	-1	3.309	1.021	11	
3.301	1.412	132	3.301	1.412	132	3.294	1.406	132	3.301	1.416	132	3.306	1.413	132	3.171	1.398	426	3.139	1.469	1554	2.945	1.284	1913	2.771	1.054	1917	
3.063	1.240	1951	3.060	1.236	1951	3.115	1.262	1951	3.214	1.401	1951	3.115	1.299	1951	2.955	1.109	1951	2.890	1.054	1951	2.888	1.050	1951	2.889	1.050	1951	
2.999	1.083	1960	2.999	1.083	1960	2.999	1.082	1960	3.002	1.081	1960	3.001	1.082	1960	3.001	1.081	1960	2.999	1.076	1960	2.998	1.074	1960	2.998	1.075	1960	
3.100	1.045	1960	3.100	1.045	1960	3.100	1.046	1960	3.102	1.044	1960	3.101	1.045	1960	3.102	1.046	1960	3.103	1.044	1960	3.101	1.041	1960	3.101	1.042	1960	
3.164	1.060	1966	3.164	1.060	1966	3.164	1.059	1966	3.165	1.059	1966	3.165	1.059	1966	3.164	1.058	1966	3.164	1.055	1966	3.164	1.054	1966	3.162	1.052	1966	
3.209	1.047	1968	3.209	1.047	1968	3.209	1.047	1968	3.213	1.045	1968	3.211	1.046	1968	3.206	1.043	1968	3.203	1.038	1968	3.203	1.035	1968	3.203	1.034	1968	
3.348	1.194	1952	3.344	1.186	1952	3.434	1.292	1952	3.548	1.412	1952	3.434	1.301	1952	3.238	1.087	1952	3.174	1.027	1952	3.171	1.019	1952	3.173	1.020	1952	
3.412	1.391	116	3.396	1.371	116	3.438	1.425	116	3.438	1.425	116	3.438	1.425	116	3.500	1.462	398	3.625	1.555	1571	3.351	1.352	1959	3.124	1.082	1961	
-1	-1	-1	-1	-1	-1	-1	-1	-1	-1	-1	-1	-1	-1	-1	-1	-1	-1	-1	-1	-1	-1	-1	-1	3.200	2.280	5	
-1	-1	-1	-1	-1	-1	-1	-1	-1	-1	-1	-1	-1	-1	-1	-1	-1	-1	-1	-1	-1	-1	-1	-1	-1	-1	-1	
-1	-1	-1	-1	-1	-1	-1	-1	-1	-1	-1	-1	-1	-1	-1	-1	-1	-1	-1	-1	-1	-1	-1	-1	-1	-1	-1	
-1	-1	-1	-1	-1	-1	-1	-1	-1	-1	-1	-1	-1	-1	-1	-1	-1	-1	-1	-1	-1	-1	-1	-1	-1	-1	-1	
-1	-1	-1	-1	-1	-1	-1	-1	-1	-1	-1	-1	-1	-1	-1	-1	-1	-1	-1	-1	-1	-1	-1	-1	-1	-1	-1	
