2.406	1.745	96	2.406	1.745	96	2.406	1.745	96	2.406	1.745	96	2.406	1.745	96	2.406	1.745	96	2.406	1.745	96	2.406	1.745	96	2.406	1.745	96	
6.280	2.782	1974	6.280	2.782	1974	6.280	2.782	1974	6.280	2.782	1974	6.280	2.782	1974	6.280	2.782	1974	6.280	2.782	1974	6.280	2.782	1974	6.280	2.782	1974	
13.923	3.615	2000	13.923	3.615	2000	13.923	3.615	2000	13.923	3.615	2000	13.923	3.615	2000	13.923	3.615	2000	13.923	3.615	2000	13.923	3.615	2000	13.923	3.615	2000	
15.580	3.871	2000	15.580	3.871	2000	15.580	3.871	2000	15.580	3.871	2000	15.580	3.871	2000	15.580	3.871	2000	15.580	3.871	2000	15.580	3.871	2000	15.580	3.871	2000	
17.158	3.987	2000	17.158	3.987	2000	17.158	3.987	2000	17.158	3.987	2000	17.158	3.987	2000	17.158	3.987	2000	17.158	3.987	2000	17.158	3.987	2000	17.158	3.987	2000	
17.380	3.995	2000	17.380	3.995	2000	17.380	3.995	2000	17.380	3.995	2000	17.380	3.995	2000	17.380	3.995	2000	17.380	3.995	2000	17.380	3.995	2000	17.380	3.995	2000	
17.245	4.026	2000	17.245	4.026	2000	17.245	4.026	2000	17.245	4.026	2000	17.245	4.026	2000	17.245	4.026	2000	17.245	4.026	2000	17.245	4.026	2000	17.245	4.026	2000	
16.609	3.882	2000	16.609	3.882	2000	16.609	3.882	2000	16.609	3.882	2000	16.609	3.882	2000	16.609	3.882	2000	16.609	3.882	2000	16.609	3.882	2000	16.609	3.882	2000	
15.892	3.873	2000	15.892	3.873	2000	15.892	3.873	2000	15.892	3.873	2000	15.892	3.873	2000	15.892	3.873	2000	15.892	3.873	2000	15.892	3.873	2000	15.892	3.873	2000	
14.709	3.743	2000	14.709	3.743	2000	14.709	3.743	2000	14.709	3.743	2000	14.709	3.743	2000	14.709	3.743	2000	14.709	3.743	2000	14.709	3.743	2000	14.709	3.743	2000	
13.211	3.555	2000	13.211	3.555	2000	13.211	3.555	2000	13.211	3.555	2000	13.211	3.555	2000	13.211	3.555	2000	13.211	3.555	2000	13.211	3.555	2000	13.211	3.555	2000	
11.558	3.287	2000	11.558	3.287	2000	11.558	3.287	2000	11.558	3.287	2000	11.558	3.287	2000	11.558	3.287	2000	11.558	3.287	2000	11.558	3.287	2000	11.558	3.287	2000	
9.626	3.042	2000	9.626	3.042	2000	9.626	3.042	2000	9.626	3.042	2000	9.626	3.042	2000	9.626	3.042	2000	9.626	3.042	2000	9.626	3.042	2000	9.626	3.042	2000	
5.122	2.231	1969	5.122	2.231	1969	5.122	2.231	1969	5.122	2.231	1969	5.122	2.231	1969	5.122	2.231	1969	5.122	2.231	1969	5.122	2.231	1969	5.122	2.231	1969	
1.333	0.554	51	1.333	0.554	51	1.333	0.554	51	1.333	0.554	51	1.333	0.554	51	1.333	0.554	51	1.333	0.554	51	1.333	0.554	51	1.333	0.554	51	
1.250	0.500	4	1.250	0.500	4	1.250	0.500	4	1.250	0.500	4	1.250	0.500	4	1.250	0.500	4	1.250	0.500	4	1.250	0.500	4	1.250	0.500	4	
2.352	1.646	876	2.352	1.646	876	2.352	1.646	876	2.352	1.646	876	2.352	1.646	876	2.352	1.646	876	2.352	1.646	876	2.352	1.646	876	2.352	1.646	876	
14.885	3.339	2000	14.885	3.339	2000	14.885	3.339	2000	14.885	3.339	2000	14.885	3.339	2000	14.885	3.339	2000	14.885	3.339	2000	14.885	3.339	2000	14.885	3.339	2000	
23.814	4.755	2000	23.814	4.755	2000	23.814	4.755	2000	23.814	4.755	2000	23.814	4.755	2000	23.814	4.755	2000	23.814	4.755	2000	23.814	4.755	2000	23.814	4.755	2000	
23.695	4.694	2000	23.695	4.694	2000	23.695	4.694	2000	23.695	4.694	2000	23.695	4.694	2000	23.695	4.694	2000	23.695	4.694	2000	23.695	4.694	2000	23.695	4.694	2000	
23.653	4.766	2000	23.653	4.766	2000	23.653	4.766	2000	23.653	4.766	2000	23.653	4.766	2000	23.653	4.766	2000	23.653	4.766	2000	23.653	4.766	2000	23.653	4.766	2000	
23.252	4.557	2000	23.252	4.557	2000	23.252	4.557	2000	23.252	4.557	2000	23.252	4.557	2000	23.252	4.557	2000	23.252	4.557	2000	23.252	4.557	2000	23.252	4.557	2000	
22.392	4.577	2000	22.392	4.577	2000	22.392	4.577	2000	22.392	4.577	2000	22.392	4.577	2000	22.392	4.577	2000	22.392	4.577	2000	22.392	4.577	2000	22.392	4.577	2000	
21.203	4.511	2000	21.203	4.511	2000	21.203	4.511	2000	21.203	4.511	2000	21.203	4.511	2000	21.203	4.511	2000	21.203	4.511	2000	21.203	4.511	2000	21.203	4.511	2000	
19.777	4.370	2000	19.777	4.370	2000	19.777	4.370	2000	19.777	4.370	2000	19.777	4.370	2000	19.777	4.370	2000	19.777	4.370	2000	19.777	4.370	2000	19.777	4.370	2000	
17.681	4.173	2000	17.681	4.173	2000	17.681	4.173	2000	17.681	4.173	2000	17.681	4.173	2000	17.681	4.173	2000	17.681	4.173	2000	17.681	4.173	2000	17.681	4.173	2000	
15.212	3.756	2000	15.212	3.756	2000	15.212	3.756	2000	15.212	3.756	2000	15.212	3.756	2000	15.212	3.756	2000	15.212	3.756	2000	15.212	3.756	2000	15.212	3.756	2000	
12.269	3.410	2000	12.269	3.410	2000	12.269	3.410	2000	12.269	3.410	2000	12.269	3.410	2000	12.269	3.410	2000	12.269	3.410	2000	12.269	3.410	2000	12.269	3.410	2000	
9.008	2.934	1999	9.008	2.934	1999	9.008	2.934	1999	9.008	2.934	1999	9.008	2.934	1999	9.008	2.934	1999	9.008	2.934	1999	9.008	2.934	1999	9.008	2.934	1999	
6.084	2.430	1995	6.084	2.430	1995	6.084	2.430	1995	6.084	2.430	1995	6.084	2.430	1995	6.084	2.430	1995	6.084	2.430	1995	6.084	2.430	1995	6.084	2.430	1995	
2.932	1.501	1876	2.932	1.501	1876	2.932	1.501	1876	2.932	1.501	1876	2.932	1.501	1876	2.932	1.501	1876	2.932	1.501	1876	2.932	1.501	1876	2.932	1.501	1876	
1.327	0.639	630	1.327	0.639	630	1.327	0.639	630	1.327	0.639	630	1.327	0.639	630	1.327	0.639	630	1.327	0.639	630	1.327	0.639	630	1.327	0.639	630	
1	-1	1	1	-1	1	1	-1	1	1	-1	1	1	-1	1	1	-1	1	1	-1	1	1	-1	1	1	-1	1	
10.005	3.457	2000	10.005	3.457	2000	10.005	3.457	2000	10.005	3.457	2000	10.005	3.457	2000	10.005	3.457	2000	10.005	3.457	2000	10.005	3.457	2000	10.005	3.457	2000	
30.780	5.367	2000	30.780	5.367	2000	30.780	5.367	2000	30.780	5.367	2000	30.780	5.367	2000	30.780	5.367	2000	30.780	5.367	2000	30.780	5.367	2000	30.780	5.367	2000	
31.310	5.460	2000	31.310	5.460	2000	31.310	5.460	2000	31.310	5.460	2000	31.310	5.460	2000	31.310	5.460	2000	31.310	5.460	2000	31.310	5.460	2000	31.310	5.460	2000	
31.526	5.538	2000	31.526	5.538	2000	31.526	5.538	2000	31.526	5.538	2000	31.526	5.538	2000	31.526	5.538	2000	31.526	5.538	2000	31.526	5.538	2000	31.526	5.538	2000	
31.100	5.376	2000	31.100	5.376	2000	31.100	5.376	2000	31.100	5.376	2000	31.100	5.376	2000	31.100	5.376	2000	31.100	5.376	2000	31.100	5.376	2000	31.100	5.376	2000	
30.266	5.240	2000	30.266	5.240	2000	30.266	5.240	2000	30.266	5.240	2000	30.266	5.240	2000	30.266	5.240	2000	30.266	5.240	2000	30.266	5.240	2000	30.266	5.240	2000	
29.284	5.195	2000	29.284	5.195	2000	29.284	5.195	2000	29.284	5.195	2000	29.284	5.195	2000	29.284	5.195	2000	29.284	5.195	2000	29.284	5.195	2000	29.284	5.195	2000	
27.623	5.056	2000	27.623	5.056	2000	27.623	5.056	2000	27.623	5.056	2000	27.623	5.056	2000	27.623	5.056	2000	27.623	5.056	2000	27.623	5.056	2000	27.623	5.056	2000	
25.796	4.873	2000	25.796	4.873	2000	25.796	4.873	2000	25.796	4.873	2000	25.796	4.873	2000	25.796	4.873	2000	25.796	4.873	2000	25.796	4.873	2000	25.796	4.873	2000	
23.207	4.646	2000	23.207	4.646	2000	23.207	4.646	2000	23.207	4.646	2000	23.207	4.646	2000	23.207	4.646	2000	23.207	4.646	2000	23.207	4.646	2000	23.207	4.646	2000	
19.418	4.309	2000	19.418	4.309	2000	19.418	4.309	2000	19.418	4.309	2000	19.418	4.309	2000	19.418	4.309	2000	19.418	4.309	2000	19.418	4.309	2000	19.418	4.309	2000	
15.012	3.719	2000	15.012	3.719	2000	15.012	3.719	2000	15.012	3.719	2000	15.012	3.719	2000	15.012	3.719	2000	15.012	3.719	2000	15.012	3.719	2000	15.012	3.719	2000	
6.319	1.965	1999	6.319	1.965	1999	6.319	1.965	1999	6.319	1.965	1999	6.319	1.965	1999	6.319	1.965	1999	6.319	1.965	1999	6.319	1.965	1999	6.319	1.965	1999	
1	0	4	1	0	4	1	0	4	1	0	4	1	0	4	1	0	4	1	0	4	1	0	4	1	0	4	
2.208	1.560	1041	2.208	1.560	1041	2.208	1.560	1041	2.208	1.560	1041	2.208	1.560	1041	2.208	1.560	1041	2.208	1.560	1041	2.208	1.560	1041	2.238	1.583	1101	
22.879	4.064	2000	22.879	4.064	2000	22.879	4.064	2000	22.879	4.064	2000	22.879	4.064	2000	22.879	4.064	2000	22.879	4.064	2000	22.879	4.064	2000	24.067	4.048	2000	
39.974	6.114	2000	39.974	6.114	2000	39.974	6.114	2000	39.974	6.114	2000	39.974	6.114	2000	39.974	6.114	2000	39.974	6.114	2000	39.974	6.114	2000	40.001	6.138	2000	
40.599	6.188	2000	40.599	6.188	2000	40.599	6.188	2000	40.599	6.188	2000	40.599	6.188	2000	40.599	6.188	2000	40.599	6.188	2000	40.599	6.188	2000	40.599	6.188	2000	
40.664	6.128	2000	40.664	6.128	2000	40.664	6.128	2000	40.664	6.128	2000	40.664	6.128	2000	40.664	6.128	2000	40.664	6.128	2000	40.664	6.128	2000	40.664	6.128	2000	
40.306	6.243	2000	40.306	6.243	2000	40.306	6.243	2000	40.306	6.243	2000	40.306	6.243	2000	40.306	6.243	2000	40.306	6.243	2000	40.306	6.243	2000	40.306	6.243	2000	
39.185	6.058	2000	39.185	6.058	2000	39.185	6.058	2000	39.185	6.058	2000	39.185	6.058	2000	39.185	6.058	2000	39.185	6.058	2000	39.185	6.058	2000	39.185	6.058	2000	
37.638	5.955	2000	37.638	5.955	2000	37.638	5.955	2000	37.638	5.955	2000	37.638	5.955	2000	37.638	5.955	2000	37.638	5.955	2000	37.638	5.955	2000	37.638	5.955	2000	
35.440	5.715	2000	35.440	5.715	2000	35.440	5.715	2000	35.440	5.715	2000	35.440	5.715	2000	35.440	5.715	2000	35.440	5.715	2000	35.440	5.715	2000	35.450	5.724	2000	
21.172	3.837	2000	21.172	3.837	2000	21.172	3.837	2000	21.172	3.837	2000	21.172	3.837	2000	21.172	3.837	2000	21.172	3.837	2000	21.172	3.837	2000	22.092	3.858	2000	
2.048	1.437	1057	2.048	1.437	1057	2.048	1.437	1057	2.048	1.437	1057	2.048	1.437	1057	2.048	1.437	1057	2.048	1.437	1057	2.048	1.437	1057	2.113	1.469	1100	
1.400	0.548	5	1.400	0.548	5	1.400	0.548	5	1.400	0.548	5	1.400	0.548	5	1.400	0.548	5	1.400	0.548	5	1.400	0.548	5	1.400	0.548	5	
1.691	1.354	735	1.691	1.354	735	1.691	1.354	735	1.691	1.354	735	1.691	1.354	735	1.691	1.354	735	1.691	1.354	735	1.691	1.354	735	1.725	1.342	825	
9.789	3.982	2000	9.789	3.982	2000	9.789	3.982	2000	9.789	3.982	2000	9.789	3.982	2000	9.789	3.982	2000	9.789	3.982	2000	9.789	3.982	2000	11.305	4.157	2000	
30.818	4.713	2000	30.818	4.713	2000	30.818	4.713	2000	30.818	4.713	2000	30.818	4.713	2000	30.818	4.713	2000	30.818	4.713	2000	30.818	4.713	2000	33.745	4.651	2000	
45.325	5.499	2000	45.325	5.499	2000	45.325	5.499	2000	45.325	5.499	2000	45.325	5.499	2000	45.325	5.499	2000	45.325	5.499	2000	45.325	5.499	2000	46.697	5.854	2000	
50.259	6.571	2000	50.259	6.571	2000	50.259	6.571	2000	50.259	6.571	2000	50.259	6.571	2000	50.259	6.571	2000	50.259	6.571	2000	50.259	6.571	2000	50.494	6.708	2000	
51.520	6.828	2000	51.520	6.828	2000	51.520	6.828	2000	51.520	6.828	2000	51.520	6.828	2000	51.520	6.828	2000	51.520	6.828	2000	51.520	6.828	2000	51.544	6.848	2000	
51.453	6.887	2000	51.453	6.887	2000	51.453	6.887	2000	51.453	6.887	2000	51.453	6.887	2000	51.453	6.887	2000	51.453	6.887	2000	51.453	6.887	2000	51.457	6.892	2000	
50.673	6.742	2000	50.673	6.742	2000	50.673	6.742	2000	50.673	6.742	2000	50.673	6.742	2000	50.673	6.742	2000	50.673	6.742	2000	50.673	6.742	2000	50.673	6.742	2000	
49.524	6.710	2000	49.524	6.710	2000	49.524	6.710	2000	49.524	6.710	2000	49.524	6.710	2000	49.524	6.710	2000	49.524	6.710	2000	49.524	6.710	2000	49.524	6.710	2000	
47.379	6.538	2000	47.379	6.538	2000	47.379	6.538	2000	47.379	6.538	2000	47.379	6.538	2000	47.379	6.538	2000	47.379	6.538	2000	47.379	6.538	2000	47.379	6.539	2000	
44.214	6.472	2000	44.214	6.472	2000	44.214	6.472	2000	44.214	6.472	2000	44.214	6.472	2000	44.214	6.472	2000	44.214	6.472	2000	44.214	6.472	2000	44.214	6.472	2000	
40.477	6.210	2000	40.477	6.210	2000	40.477	6.210	2000	40.477	6.210	2000	40.477	6.210	2000	40.477	6.210	2000	40.477	6.210	2000	40.477	6.210	2000	40.477	6.210	2000	
36.129	5.792	2000	36.129	5.792	2000	36.129	5.792	2000	36.129	5.792	2000	36.129	5.792	2000	36.129	5.792	2000	36.129	5.792	2000	36.129	5.792	2000	36.129	5.792	2000	
31.944	5.671	2000	31.944	5.671	2000	31.944	5.671	2000	31.944	5.671	2000	31.944	5.671	2000	31.944	5.671	2000	31.944	5.671	2000	31.944	5.671	2000	31.944	5.671	2000	
19.600	4.455	2000	19.600	4.455	2000	19.600	4.455	2000	19.600	4.455	2000	19.600	4.455	2000	19.600	4.455	2000	19.600	4.455	2000	19.600	4.455	2000	19.600	4.455	2000	
17.960	4.174	2000	17.960	4.174	2000	17.960	4.174	2000	17.960	4.174	2000	17.960	4.174	2000	17.960	4.174	2000	17.960	4.174	2000	17.960	4.174	2000	17.960	4.174	2000	
16.785	3.936	2000	16.785	3.936	2000	16.785	3.936	2000	16.785	3.936	2000	16.785	3.936	2000	16.785	3.936	2000	16.785	3.936	2000	16.785	3.936	2000	16.800	3.951	2000	
13.437	3.212	2000	13.437	3.212	2000	13.437	3.212	2000	13.437	3.212	2000	13.437	3.212	2000	13.437	3.212	2000	13.437	3.212	2000	13.437	3.212	2000	13.678	3.370	2000	
7.352	2.504	1999	7.352	2.504	1999	7.352	2.504	1999	7.352	2.504	1999	7.352	2.504	1999	7.352	2.504	1999	7.352	2.504	1999	7.352	2.504	1999	8.105	2.518	2000	
1.592	1.229	701	1.592	1.229	701	1.592	1.229	701	1.592	1.229	701	1.592	1.229	701	1.592	1.229	701	1.592	1.229	701	1.592	1.229	701	1.656	1.265	811	
2.126	1.566	1145	2.126	1.566	1145	2.126	1.566	1145	2.126	1.566	1145	2.126	1.566	1145	2.126	1.566	1145	2.126	1.566	1145	2.378	1.700	1356	3.396	2.241	1834	
9.846	3.953	1999	9.846	3.953	1999	9.846	3.953	1999	9.846	3.953	1999	9.846	3.953	1999	9.846	3.953	1999	9.846	3.953	1999	12.731	4.279	2000	22.384	4.755	2000	
25.190	4.978	2000	25.190	4.978	2000	25.190	4.978	2000	25.190	4.978	2000	25.190	4.978	2000	25.190	4.978	2000	25.190	4.978	2000	30.635	4.991	2000	44.068	4.968	2000	
40.106	4.984	2000	40.106	4.984	2000	40.106	4.984	2000	40.106	4.984	2000	40.106	4.984	2000	40.106	4.984	2000	40.106	4.984	2000	45.884	4.995	2000	55.447	6.148	2000	
50.621	5.298	2000	50.621	5.298	2000	50.621	5.298	2000	50.621	5.298	2000	50.621	5.298	2000	50.621	5.298	2000	50.621	5.298	2000	55.187	5.727	2000	60.307	7.014	2000	
57.304	6.025	2000	57.304	6.025	2000	57.304	6.025	2000	57.304	6.025	2000	57.304	6.025	2000	57.304	6.025	2000	57.304	6.025	2000	60.253	6.700	2000	62.510	7.621	2000	
60.883	6.480	2000	60.883	6.480	2000	60.883	6.480	2000	60.883	6.480	2000	60.883	6.480	2000	60.883	6.480	2000	60.883	6.480	2000	62.610	7.035	2000	63.566	7.527	2000	
62.581	6.888	2000	62.581	6.888	2000	62.581	6.888	2000	62.581	6.888	2000	62.581	6.888	2000	62.581	6.888	2000	62.581	6.888	2000	63.591	7.312	2000	64.045	7.545	2000	
62.180	7.099	2000	62.180	7.099	2000	62.180	7.099	2000	62.180	7.099	2000	62.180	7.099	2000	62.180	7.099	2000	62.180	7.099	2000	62.797	7.404	2000	62.963	7.536	2000	
61.041	7.170	2000	61.041	7.170	2000	61.041	7.170	2000	61.041	7.170	2000	61.041	7.170	2000	61.041	7.170	2000	61.041	7.170	2000	61.430	7.388	2000	61.522	7.462	2000	
58.316	7.096	2000	58.316	7.096	2000	58.316	7.096	2000	58.316	7.096	2000	58.316	7.096	2000	58.316	7.096	2000	58.316	7.096	2000	58.536	7.232	2000	58.588	7.285	2000	
54.071	6.736	2000	54.071	6.736	2000	54.071	6.736	2000	54.071	6.736	2000	54.071	6.736	2000	54.071	6.736	2000	54.071	6.736	2000	54.236	6.857	2000	54.263	6.883	2000	
48.593	6.612	2000	48.593	6.612	2000	48.593	6.612	2000	48.593	6.612	2000	48.593	6.612	2000	48.593	6.612	2000	48.593	6.612	2000	48.689	6.694	2000	48.704	6.711	2000	
41.932	6.093	2000	41.932	6.093	2000	41.932	6.093	2000	41.932	6.093	2000	41.932	6.093	2000	41.932	6.093	2000	41.932	6.093	2000	41.990	6.138	2000	42.002	6.149	2000	
35.249	5.764	2000	35.249	5.764	2000	35.249	5.764	2000	35.249	5.764	2000	35.249	5.764	2000	35.249	5.764	2000	35.249	5.764	2000	35.297	5.816	2000	35.309	5.831	2000	
27.857	5.257	2000	27.857	5.257	2000	27.857	5.257	2000	27.857	5.257	2000	27.857	5.257	2000	27.857	5.257	2000	27.857	5.257	2000	27.888	5.291	2000	27.893	5.298	2000	
20.078	4.476	2000	20.078	4.476	2000	20.078	4.476	2000	20.078	4.476	2000	20.078	4.476	2000	20.078	4.476	2000	20.078	4.476	2000	20.093	4.494	2000	20.097	4.500	2000	
19.061	4.256	2000	19.061	4.256	2000	19.061	4.256	2000	19.061	4.256	2000	19.061	4.256	2000	19.061	4.256	2000	19.061	4.256	2000	19.158	4.355	2000	19.180	4.381	2000	
17.659	3.745	2000	17.659	3.745	2000	17.659	3.745	2000	17.659	3.745	2000	17.659	3.745	2000	17.659	3.745	2000	17.659	3.745	2000	18.029	3.966	2000	18.230	4.138	2000	
15.038	3.024	2000	15.038	3.024	2000	15.038	3.024	2000	15.038	3.024	2000	15.038	3.024	2000	15.038	3.024	2000	15.038	3.024	2000	16.352	3.278	2000	17.912	3.983	2000	
8.091	2.719	2000	8.091	2.719	2000	8.091	2.719	2000	8.091	2.719	2000	8.091	2.719	2000	8.091	2.719	2000	8.091	2.719	2000	9.785	2.743	2000	13.848	2.846	2000	
2.038	1.370	1117	2.038	1.370	1117	2.038	1.370	1117	2.038	1.370	1117	2.038	1.370	1117	2.038	1.370	1117	2.038	1.370	1117	2.279	1.545	1329	3.275	1.975	1774	
-1	-1	-1	-1	-1	-1	-1	-1	-1	-1	-1	-1	-1	-1	-1	-1	-1	-1	-1	-1	-1	-1	-1	-1	-1	-1	-1	
1.615	0.961	13	1.615	0.961	13	1.615	0.961	13	1.615	0.961	13	1.615	0.961	13	1.615	0.961	13	1.400	0.821	20	1.629	1.308	35	1.627	1.266	83	
1.847	1.467	346	1.847	1.467	346	1.847	1.467	346	1.847	1.467	346	1.847	1.467	346	1.847	1.467	346	1.937	1.586	526	2.204	1.783	917	2.820	2.168	1458	
3.568	2.547	1653	3.568	2.547	1653	3.568	2.547	1653	3.568	2.547	1653	3.568	2.547	1653	3.568	2.547	1653	4.965	3.230	1874	9.189	4.287	1997	16.927	5.537	2000	
12.844	4.959	2000	12.844	4.959	2000	12.844	4.959	2000	12.844	4.959	2000	12.844	4.959	2000	12.844	4.959	2000	19.160	5.619	2000	33.008	6.130	2000	50.337	5.966	2000	
32.265	6.171	2000	32.265	6.171	2000	32.265	6.171	2000	32.265	6.171	2000	32.265	6.171	2000	32.265	6.171	2000	44.013	6.207	2000	61.293	5.982	2000	70.836	7.267	2000	
54.006	5.981	2000	54.006	5.981	2000	54.006	5.981	2000	54.006	5.981	2000	54.006	5.981	2000	54.006	5.981	2000	64.888	6.101	2000	73.698	7.480	2000	75.123	8.089	2000	
67.419	6.324	2000	67.419	6.324	2000	67.419	6.324	2000	67.419	6.324	2000	67.419	6.324	2000	67.419	6.324	2000	73.908	7.320	2000	76.525	8.249	2000	76.618	8.333	2000	
73.133	7.073	2000	73.133	7.073	2000	73.133	7.073	2000	73.133	7.073	2000	73.133	7.073	2000	73.133	7.073	2000	76.341	8.047	2000	77.045	8.459	2000	77.053	8.468	2000	
74.165	7.199	2000	74.165	7.199	2000	74.165	7.199	2000	74.165	7.199	2000	74.165	7.199	2000	74.165	7.199	2000	75.996	7.833	2000	76.290	8.009	2000	76.292	8.010	2000	
72.168	7.248	2000	72.168	7.248	2000	72.168	7.248	2000	72.168	7.248	2000	72.168	7.248	2000	72.168	7.248	2000	73.802	7.867	2000	74.033	8.008	2000	74.035	8.010	2000	
67.722	6.922	2000	67.722	6.922	2000	67.722	6.922	2000	67.722	6.922	2000	67.722	6.922	2000	67.722	6.922	2000	70.000	7.692	2000	70.391	7.911	2000	70.394	7.912	2000	
59.364	6.056	2000	59.364	6.056	2000	59.364	6.056	2000	59.364	6.056	2000	59.364	6.056	2000	59.364	6.056	2000	63.433	6.957	2000	64.634	7.509	2000	64.659	7.536	2000	
45.596	5.070	2000	45.596	5.070	2000	45.596	5.070	2000	45.596	5.070	2000	45.596	5.070	2000	45.596	5.070	2000	52.100	5.670	2000	55.837	6.844	2000	56.187	7.099	2000	
27.944	5.037	2000	27.944	5.037	2000	27.944	5.037	2000	27.944	5.037	2000	27.944	5.037	2000	27.944	5.037	2000	35.577	4.733	2000	43.783	5.461	2000	46.269	6.394	2000	
9.694	3.246	1999	9.694	3.246	1999	9.694	3.246	1999	9.694	3.246	1999	9.694	3.246	1999	9.694	3.246	1999	12.666	3.133	2000	16.293	3.355	2000	17.782	3.995	2000	
3.313	2.304	1682	3.313	2.304	1682	3.313	2.304	1682	3.313	2.304	1682	3.313	2.304	1682	3.313	2.304	1682	4.452	2.725	1897	7.467	3.147	1994	11.686	3.128	2000	
1.884	1.508	353	1.884	1.508	353	1.884	1.508	353	1.884	1.508	353	1.884	1.508	353	1.884	1.508	353	1.938	1.488	513	2.107	1.607	944	2.663	1.924	1447	
1.615	0.650	13	1.615	0.650	13	1.615	0.650	13	1.615	0.650	13	1.615	0.650	13	1.615	0.650	13	1.727	1.162	22	1.827	1.279	52	1.802	1.293	91	
-1	-1	-1	-1	-1	-1	-1	-1	-1	-1	-1	-1	-1	-1	-1	-1	-1	-1	-1	-1	-1	-1	-1	-1	-1	-1	-1	
-1	-1	-1	-1	-1	-1	-1	-1	-1	-1	-1	-1	-1	-1	-1	-1	-1	-1	-1	-1	-1	-1	-1	-1	-1	-1	-1	
-1	-1	-1	-1	-1	-1	-1	-1	-1	-1	-1	-1	-1	-1	-1	-1	-1	-1	-1	-1	-1	-1	-1	-1	-1	-1	-1	
1.500	1.106	28	1.500	1.106	28	1.500	1.106	28	1.500	1.106	28	1.500	1.106	28	1.500	1.106	28	1.500	1.106	28	1.452	1.060	31	1.467	1.065	60	
2.058	1.592	893	2.058	1.592	893	2.058	1.592	893	2.058	1.592	893	2.058	1.592	893	2.058	1.592	893	2.058	1.592	893	2.137	1.652	1016	2.884	2.158	1514	
14.520	5.181	2000	14.520	5.181	2000	14.520	5.181	2000	14.520	5.181	2000	14.520	5.181	2000	14.520	5.181	2000	14.520	5.181	2000	16.825	5.365	2000	29.097	5.826	2000	
57.017	5.874	2000	57.017	5.874	2000	57.017	5.874	2000	57.017	5.874	2000	57.017	5.874	2000	57.017	5.874	2000	57.017	5.874	2000	60.453	6.002	2000	68.509	7.580	2000	
74.864	8.221	2000	74.864	8.221	2000	74.864	8.221	2000	74.864	8.221	2000	74.864	8.221	2000	74.864	8.221	2000	74.864	8.221	2000	75.025	8.294	2000	75.112	8.351	2000	
79.693	8.311	2000	79.693	8.311	2000	79.693	8.311	2000	79.693	8.311	2000	79.693	8.311	2000	79.693	8.311	2000	79.693	8.311	2000	79.694	8.313	2000	79.694	8.313	2000	
83.654	8.610	2000	83.654	8.610	2000	83.654	8.610	2000	83.654	8.610	2000	83.654	8.610	2000	83.654	8.610	2000	83.654	8.610	2000	83.654	8.610	2000	83.654	8.610	2000	
86.509	8.522	2000	86.509	8.522	2000	86.509	8.522	2000	86.509	8.522	2000	86.509	8.522	2000	86.509	8.522	2000	86.509	8.522	2000	86.510	8.523	2000	86.511	8.524	2000	
87.635	8.396	2000	87.635	8.396	2000	87.635	8.396	2000	87.635	8.396	2000	87.635	8.396	2000	87.635	8.396	2000	87.635	8.396	2000	88.041	8.561	2000	88.322	8.723	2000	
65.757	6.428	2000	65.757	6.428	2000	65.757	6.428	2000	65.757	6.428	2000	65.757	6.428	2000	65.757	6.428	2000	65.757	6.428	2000	70.925	6.429	2000	85.311	7.514	2000	
14.904	5.208	1999	14.904	5.208	1999	14.904	5.208	1999	14.904	5.208	1999	14.904	5.208	1999	14.904	5.208	1999	14.904	5.208	1999	17.456	5.520	2000	31.493	6.513	2000	
2.170	1.736	894	2.170	1.736	894	2.170	1.736	894	2.170	1.736	894	2.170	1.736	894	2.170	1.736	894	2.170	1.736	894	2.249	1.802	1008	2.900	2.215	1500	
1.938	1.289	16	1.938	1.289	16	1.938	1.289	16	1.938	1.289	16	1.938	1.289	16	1.938	1.289	16	1.938	1.289	16	1.833	1.249	18	1.660	1.221	47	
-1	-1	-1	-1	-1	-1	-1	-1	-1	-1	-1	-1	-1	-1	-1	-1	-1	-1	-1	-1	-1	-1	-1	-1	-1	-1	-1	
-1	-1	-1	-1	-1	-1	-1	-1	-1	-1	-1	-1	-1	-1	-1	-1	-1	-1	-1	-1	-1	-1	-1	-1	-1	-1	-1	
-1	-1	-1	-1	-1	-1	-1	-1	-1	-1	-1	-1	-1	-1	-1	-1	-1	-1	-1	-1	-1	-1	-1	-1	-1	-1	-1	
1	0	3	1	0	3	1	0	3	1	0	3	1	0	3	1	0	3	1	0	3	3.143	3.388	7	2.308	2.626	13	
2.479	3.103	259	2.479	3.103	259	2.479	3.103	259	2.479	3.103	259	2.479	3.103	259	2.479	3.103	259	2.459	3.114	279	2.762	3.252	509	3.273	3.579	906	
6.401	5.609	1832	6.401	5.609	1832	6.401	5.609	1832	6.401	5.609	1832	6.401	5.609	1832	6.401	5.609	1832	6.860	5.775	1863	11.996	7.263	1991	21.656	8.427	2000	
32.883	8.765	2000	32.883	8.765	2000	32.883	8.765	2000	32.883	8.765	2000	32.883	8.765	2000	32.883	8.765	2000	34.687	8.738	2000	51.385	7.421	2000	63.663	6.730	2000	
67.177	6.732	2000	67.177	6.732	2000	67.177	6.732	2000	67.177	6.732	2000	67.177	6.732	2000	67.177	6.732	2000	68.395	6.792	2000	74.176	7.832	2000	74.733	8.142	2000	
80.493	8.052	2000	80.493	8.052	2000	80.493	8.052	2000	80.493	8.052	2000	80.493	8.052	2000	80.493	8.052	2000	80.644	8.119	2000	80.976	8.290	2000	80.977	8.290	2000	
86.286	8.580	2000	86.286	8.580	2000	86.286	8.580	2000	86.286	8.580	2000	86.286	8.580	2000	86.286	8.580	2000	86.301	8.595	2000	86.321	8.615	2000	86.321	8.615	2000	
90.848	8.734	2000	90.848	8.734	2000	90.848	8.734	2000	90.848	8.734	2000	90.848	8.734	2000	90.848	8.734	2000	90.854	8.739	2000	90.865	8.752	2000	90.865	8.752	2000	
94.344	8.865	2000	94.344	8.865	2000	94.344	8.865	2000	94.344	8.865	2000	94.344	8.865	2000	94.344	8.865	2000	94.371	8.886	2000	94.418	8.917	2000	94.418	8.917	2000	
95.333	8.293	2000	95.333	8.293	2000	95.333	8.293	2000	95.333	8.293	2000	95.333	8.293	2000	95.333	8.293	2000	95.698	8.405	2000	96.690	8.844	2000	96.702	8.857	2000	
80.879	7.870	2000	80.879	7.870	2000	80.879	7.870	2000	80.879	7.870	2000	80.879	7.870	2000	80.879	7.870	2000	82.995	7.698	2000	95.658	8.416	2000	97.846	9.118	2000	
36.274	10.361	2000	36.274	10.361	2000	36.274	10.361	2000	36.274	10.361	2000	36.274	10.361	2000	36.274	10.361	2000	38.363	10.473	2000	61.393	9.499	2000	84.034	7.714	2000	
6.522	5.546	1852	6.522	5.546	1852	6.522	5.546	1852	6.522	5.546	1852	6.522	5.546	1852	6.522	5.546	1852	6.942	5.746	1870	12.524	7.621	1995	23.520	9.584	2000	
2.724	3.314	268	2.724	3.314	268	2.724	3.314	268	2.724	3.314	268	2.724	3.314	268	2.724	3.314	268	2.679	3.242	290	2.749	3.370	550	3.314	3.705	942	
2.667	1.528	3	2.667	1.528	3	2.667	1.528	3	2.667	1.528	3	2.667	1.528	3	2.667	1.528	3	2.667	1.528	3	2.875	1.642	8	3.294	3.584	17	
-1	-1	-1	-1	-1	-1	-1	-1	-1	-1	-1	-1	-1	-1	-1	-1	-1	-1	-1	-1	-1	-1	-1	-1	-1	-1	-1	
-1	-1	-1	-1	-1	-1	-1	-1	-1	-1	-1	-1	-1	-1	-1	-1	-1	-1	-1	-1	-1	1	-1	1	1	0	2	
2.872	3.772	257	2.872	3.772	257	2.872	3.772	257	2.872	3.772	257	2.872	3.772	257	2.872	3.772	257	2.719	3.664	352	3.058	3.899	656	3.479	4.102	1053	
6.487	5.849	1872	6.487	5.849	1872	6.487	5.849	1872	6.487	5.849	1872	6.487	5.849	1872	6.487	5.849	1872	8.733	6.661	1961	16.348	8.529	2000	28.727	9.329	2000	
33.551	10.126	2000	33.551	10.126	2000	33.551	10.126	2000	33.551	10.126	2000	33.551	10.126	2000	33.551	10.126	2000	42.815	9.619	2000	60.924	7.536	2000	72.068	7.192	2000	
68.745	7.451	2000	68.745	7.451	2000	68.745	7.451	2000	68.745	7.451	2000	68.745	7.451	2000	68.745	7.451	2000	75.733	7.079	2000	81.316	8.167	2000	81.804	8.409	2000	
85.788	7.765	2000	85.788	7.765	2000	85.788	7.765	2000	85.788	7.765	2000	85.788	7.765	2000	85.788	7.765	2000	87.455	8.261	2000	87.913	8.507	2000	87.915	8.509	2000	
93.029	8.795	2000	93.029	8.795	2000	93.029	8.795	2000	93.029	8.795	2000	93.029	8.795	2000	93.029	8.795	2000	93.386	8.966	2000	93.433	8.995	2000	93.433	8.995	2000	
97.569	9.038	2000	97.569	9.038	2000	97.569	9.038	2000	97.569	9.038	2000	97.569	9.038	2000	97.569	9.038	2000	97.831	9.169	2000	97.855	9.184	2000	97.855	9.184	2000	
100.597	8.678	2000	100.597	8.678	2000	100.597	8.678	2000	100.597	8.678	2000	100.597	8.678	2000	100.597	8.678	2000	101.192	8.905	2000	101.287	8.982	2000	101.287	8.982	2000	
98.484	8.260	2000	98.484	8.260	2000	98.484	8.260	2000	98.484	8.260	2000	98.484	8.260	2000	98.484	8.260	2000	101.605	8.971	2000	102.693	9.413	2000	102.710	9.424	2000	
79.042	8.576	2000	79.042	8.576	2000	79.042	8.576	2000	79.042	8.576	2000	79.042	8.576	2000	79.042	8.576	2000	90.010	7.628	2000	100.901	8.570	2000	102.489	9.180	2000	
36.044	11.540	2000	36.044	11.540	2000	36.044	11.540	2000	36.044	11.540	2000	36.044	11.540	2000	36.044	11.540	2000	47.024	11.245	2000	71.901	9.543	2000	92.228	7.914	2000	
6.752	6.189	1882	6.752	6.189	1882	6.752	6.189	1882	6.752	6.189	1882	6.752	6.189	1882	6.752	6.189	1882	9.093	7.113	1965	17.100	9.152	1999	31.213	10.855	2000	
2.417	3.014	247	2.417	3.014	247	2.417	3.014	247	2.417	3.014	247	2.417	3.014	247	2.417	3.014	247	2.484	2.970	347	2.784	3.253	624	3.212	3.564	1036	
-1	-1	-1	-1	-1	-1	-1	-1	-1	-1	-1	-1	-1	-1	-1	-1	-1	-1	-1	-1	-1	-1	-1	-1	1.667	0.577	3	
2.500	1.886	18	2.500	1.886	18	2.500	1.886	18	2.500	1.886	18	2.500	1.886	18	2.421	1.865	19	2.029	1.566	34	2	2.098	66	2.164	2.163	134	
3.337	3.267	953	3.337	3.267	953	3.337	3.267	953	3.337	3.267	953	3.337	3.267	953	3.396	3.317	1013	4.455	3.925	1522	7.064	5.145	1899	12.602	6.721	1996	
14.932	7.210	1998	14.932	7.210	1998	14.932	7.210	1998	14.932	7.210	1998	14.932	7.210	1998	16.026	7.309	1998	28.210	8.209	2000	44.154	7.410	2000	59.013	6.355	2000	
45.291	8.173	2000	45.291	8.173	2000	45.291	8.173	2000	45.291	8.173	2000	45.291	8.173	2000	47.573	7.978	2000	65.350	6.755	2000	74.702	7.585	2000	76.319	8.172	2000	
71.860	7.219	2000	71.860	7.219	2000	71.860	7.219	2000	71.860	7.219	2000	71.860	7.219	2000	73.669	7.190	2000	82.211	8.068	2000	83.387	8.531	2000	83.409	8.544	2000	
86.467	7.553	2000	86.467	7.553	2000	86.467	7.553	2000	86.467	7.553	2000	86.467	7.553	2000	87.442	7.676	2000	90.665	8.657	2000	90.785	8.744	2000	90.785	8.744	2000	
94.041	8.120	2000	94.041	8.120	2000	94.041	8.120	2000	94.041	8.120	2000	94.041	8.120	2000	94.681	8.281	2000	96.373	8.931	2000	96.415	8.963	2000	96.415	8.963	2000	
97.601	8.277	2000	97.601	8.277	2000	97.601	8.277	2000	97.601	8.277	2000	97.601	8.277	2000	98.336	8.405	2000	100.452	9.116	2000	100.508	9.157	2000	100.508	9.157	2000	
96.049	7.690	2000	96.049	7.690	2000	96.049	7.690	2000	96.049	7.690	2000	96.049	7.690	2000	97.387	7.820	2000	102.496	9.055	2000	102.799	9.199	2000	102.800	9.200	2000	
82.626	7.680	2000	82.626	7.680	2000	82.626	7.680	2000	82.626	7.680	2000	82.626	7.680	2000	85.251	7.563	2000	100.471	8.261	2000	103.742	9.198	2000	103.880	9.292	2000	
49.740	10.197	2000	49.740	10.197	2000	49.740	10.197	2000	49.740	10.197	2000	49.740	10.197	2000	52.682	10.120	2000	78.362	8.272	2000	96.586	7.930	2000	101.796	9.093	2000	
15.447	7.592	1997	15.447	7.592	1997	15.447	7.592	1997	15.447	7.592	1997	15.447	7.592	1997	16.659	7.792	1998	30.462	9.409	2000	51.459	9.689	2000	75.768	7.981	2000	
3.423	3.301	1013	3.423	3.301	1013	3.423	3.301	1013	3.423	3.301	1013	3.423	3.301	1013	3.532	3.444	1060	4.624	4.098	1544	7.270	5.478	1903	13.214	7.069	1997	
3.632	3.670	19	3.632	3.670	19	3.632	3.670	19	3.632	3.670	19	3.632	3.670	19	3.500	3.620	20	3.121	3.189	33	2.607	2.722	61	2.841	3.061	145	
2.333	2.422	6	2.333	2.422	6	2.333	2.422	6	2.333	2.422	6	2.333	2.422	6	2.643	2.274	14	2.560	1.960	25	2.465	1.764	43	2.188	1.524	85	
3.229	2.520	1084	3.229	2.520	1084	3.229	2.520	1084	3.229	2.520	1084	3.280	2.582	1118	4.480	3.347	1592	7.279	4.621	1914	13.382	5.908	1998	24.548	7.204	2000	
25.156	7.382	2000	25.156	7.382	2000	25.156	7.382	2000	25.156	7.382	2000	26.134	7.473	2000	44.496	7.825	2000	66.828	7.061	2000	83.354	7.353	2000	88.578	8.687	2000	
72.222	6.960	2000	72.222	6.960	2000	72.222	6.960	2000	72.222	6.960	2000	73.562	6.889	2000	90.085	7.556	2000	94.826	8.774	2000	95.105	8.943	2000	95.108	8.948	2000	
92.221	7.392	2000	92.221	7.392	2000	92.221	7.392	2000	92.221	7.392	2000	92.982	7.489	2000	98.751	8.923	2000	99.144	9.140	2000	99.146	9.143	2000	99.146	9.143	2000	
93.412	7.345	2000	93.412	7.345	2000	93.412	7.345	2000	93.412	7.345	2000	94.180	7.449	2000	100.127	8.837	2000	100.588	9.088	2000	100.591	9.093	2000	100.591	9.093	2000	
74.163	7.096	2000	74.163	7.096	2000	74.163	7.096	2000	74.163	7.096	2000	75.631	7.016	2000	94.198	7.622	2000	99.990	8.971	2000	100.389	9.171	2000	100.390	9.172	2000	
25.888	7.606	2000	25.888	7.606	2000	25.888	7.606	2000	25.888	7.606	2000	26.846	7.657	2000	45.976	8.411	2000	69.927	7.562	2000	89.052	7.415	2000	96.072	8.877	2000	
3.202	2.402	1074	3.202	2.402	1074	3.202	2.402	1074	3.202	2.402	1074	3.234	2.412	1108	4.454	3.226	1593	7.179	4.468	1914	13.431	6.191	1998	24.690	7.569	2000	
2.889	2.619	9	2.889	2.619	9	2.889	2.619	9	2.889	2.619	9	2.889	2.619	9	2.700	2.541	10	2.300	2.029	20	2.267	1.643	45	2.383	1.666	94	
1.592	1.077	422	1.776	1.208	673	2.072	1.468	1083	2.799	1.941	1576	4.575	2.778	1914	8.493	3.802	1997	16.263	4.937	2000	28.820	5.683	2000	46.730	5.804	2000	
2.182	1.557	1228	2.861	1.974	1614	4.682	2.708	1930	8.786	3.794	1997	16.701	4.965	2000	30.231	5.682	2000	49.672	5.923	2000	70.321	6.135	2000	82.571	7.619	2000	
3.002	2.001	1694	4.477	2.753	1924	8.250	3.747	1997	15.816	4.771	2000	28.825	5.748	2000	48.605	6.122	2000	71.365	6.094	2000	86.926	7.558	2000	91.224	8.852	2000	
3.759	2.349	1856	6.024	3.156	1980	11.653	4.226	1999	21.891	5.339	2000	38.609	6.024	2000	61.437	6.042	2000	82.811	6.710	2000	92.939	8.451	2000	94.399	9.065	2000	
4.606	2.712	1923	7.565	3.582	1996	14.295	4.719	2000	26.389	5.489	2000	45.391	6.299	2000	68.948	6.223	2000	87.832	7.410	2000	94.617	8.965	2000	95.171	9.247	2000	
5.068	2.859	1959	8.408	3.709	1997	15.872	4.865	2000	28.894	5.716	2000	48.685	6.149	2000	71.720	6.134	2000	88.082	7.376	2000	92.889	8.659	2000	93.181	8.836	2000	
5.086	2.802	1970	8.458	3.585	1998	16.210	4.808	2000	29.491	5.821	2000	49.013	6.138	2000	70.689	6.000	2000	84.760	7.599	2000	88.254	8.633	2000	88.410	8.719	2000	
4.940	2.834	1959	8.211	3.586	1998	15.451	4.587	2000	27.846	5.487	2000	46.014	5.785	2000	65.497	5.974	2000	77.293	7.513	2000	79.882	8.461	2000	79.980	8.538	2000	
4.460	2.641	1932	7.235	3.347	1996	13.804	4.395	2000	24.947	5.283	2000	40.809	5.461	2000	57.907	5.605	2000	68.048	7.072	2000	70.277	7.987	2000	70.357	8.042	2000	
3.859	2.392	1878	6.056	3.054	1978	11.289	3.992	2000	20.058	4.648	2000	32.672	4.871	2000	45.889	5.063	2000	53.553	6.415	2000	55.137	7.084	2000	55.200	7.132	2000	
2.919	1.845	1675	4.315	2.482	1909	7.935	3.311	1995	14.501	4.074	2000	24.355	4.411	2000	35.731	4.496	2000	43.855	5.484	2000	46.144	6.463	2000	46.290	6.584	2000	
2.077	1.400	1272	2.819	1.883	1633	4.609	2.582	1930	8.332	3.476	1997	14.761	3.960	2000	23.688	4.042	2000	32.673	4.253	2000	37.438	5.484	2000	38.329	6.021	2000	
1.493	1.002	381	1.644	1.098	616	1.998	1.376	1045	2.704	1.882	1569	4.366	2.512	1924	7.713	3.210	1997	13.496	3.602	2000	20.930	3.548	2000	27.216	3.966	2000	
2.500	0.707	2	2.500	0.707	2	2.500	0.707	2	2.500	0.707	2	2	1	3	1.667	0.866	9	1.625	0.719	16	1.419	0.620	31	1.435	0.717	69	
1.512	1.012	84	1.512	1.012	84	1.632	1.087	155	1.833	1.220	317	1.998	1.390	614	2.382	1.676	1017	3.147	2.206	1541	4.925	3.065	1890	9.101	4.201	1990	
2.249	1.526	1028	2.249	1.526	1028	2.930	1.986	1473	4.619	2.815	1852	8.441	4.022	1990	16.083	5.244	2000	29.252	6.237	2000	48.315	6.366	2000	69.054	6.271	2000	
5.679	3.113	1946	5.679	3.113	1946	10.350	4.217	1998	19.381	5.413	2000	34.434	6.216	2000	55.229	6.099	2000	75.433	6.486	2000	85.800	8.241	2000	87.449	8.901	2000	
12.946	4.557	2000	12.946	4.557	2000	23.235	5.592	2000	40.315	6.120	2000	61.573	5.896	2000	79.299	6.875	2000	85.868	8.346	2000	86.470	8.643	2000	86.475	8.649	2000	
18.999	4.995	2000	18.999	4.995	2000	32.753	5.730	2000	52.424	5.667	2000	71.741	6.118	2000	81.601	7.824	2000	83.215	8.484	2000	83.257	8.510	2000	83.257	8.510	2000	
18.897	4.907	2000	18.897	4.907	2000	31.991	5.591	2000	50.877	5.571	2000	68.417	6.323	2000	76.665	7.821	2000	77.894	8.365	2000	77.918	8.385	2000	77.918	8.385	2000	
13.023	4.415	2000	13.023	4.415	2000	22.760	5.295	2000	38.001	5.491	2000	55.388	5.582	2000	67.212	6.800	2000	70.391	7.938	2000	70.567	8.071	2000	70.567	8.071	2000	
5.660	3.139	1944	5.660	3.139	1944	10.095	4.124	1999	18.436	4.983	2000	31.321	5.330	2000	46.612	5.336	2000	57.933	6.179	2000	61.459	7.311	2000	61.705	7.460	2000	
2.244	1.478	1004	2.244	1.478	1004	2.937	1.990	1483	4.625	2.752	1872	8.443	3.873	1992	15.493	4.747	2000	26.170	5.106	2000	39.030	4.906	2000	48.689	5.772	2000	
1.646	1.046	96	1.646	1.046	96	1.634	0.985	172	1.733	1.042	345	1.921	1.266	622	2.267	1.505	1056	3.069	2.050	1536	4.771	2.777	1888	8.670	3.702	1995	
1	-1	1	1	-1	1	1.667	1.155	3	1.667	1.155	3	2.167	0.983	6	2.300	1.252	10	2.118	1.111	17	2.065	1.063	31	1.838	1.128	68	
-1	-1	-1	-1	-1	-1	-1	-1	-1	-1	-1	-1	-1	-1	-1	-1	-1	-1	-1	-1	-1	-1	-1	-1	-1	-1	-1	
-1	-1	-1	-1	-1	-1	-1	-1	-1	-1	-1	-1	-1	-1	-1	-1	-1	-1	-1	-1	-1	-1	-1	-1	1	-1	1	
1.524	0.800	63	1.524	0.800	63	1.494	0.808	81	1.524	0.865	166	1.675	1.015	302	1.729	1.015	547	2.044	1.281	945	2.742	1.809	1420	4.217	2.602	1853	
5.489	3.007	1967	5.489	3.007	1967	7.563	3.527	1994	14.534	4.497	2000	26.230	5.422	2000	43.315	5.642	2000	61.956	5.847	2000	73.485	7.221	2000	76.121	8.192	2000	
35.950	4.953	2000	35.950	4.953	2000	44.704	4.944	2000	61.615	5.606	2000	70.695	7.405	2000	72.280	8.167	2000	72.323	8.204	2000	72.323	8.204	2000	72.323	8.204	2000	
34.880	4.690	2000	34.880	4.690	2000	43.229	4.799	2000	58.491	5.613	2000	65.828	7.300	2000	66.943	7.821	2000	66.972	7.849	2000	66.972	7.849	2000	66.972	7.849	2000	
5.569	3.061	1951	5.569	3.061	1951	7.563	3.551	1986	14.315	4.560	2000	25.125	5.180	2000	39.563	5.139	2000	52.982	5.567	2000	59.310	6.972	2000	60.250	7.464	2000	
1.558	0.934	43	1.558	0.934	43	1.484	0.825	62	1.599	0.907	142	1.642	0.986	279	1.787	1.046	535	2.102	1.349	926	2.790	1.816	1436	4.239	2.605	1840	
-1	-1	-1	-1	-1	-1	-1	-1	-1	-1	-1	-1	-1	-1	-1	-1	-1	-1	-1	-1	-1	-1	-1	-1	1	0	3	
-1	-1	-1	-1	-1	-1	-1	-1	-1	-1	-1	-1	-1	-1	-1	-1	-1	-1	-1	-1	-1	-1	-1	-1	-1	-1	-1	
-1	-1	-1	-1	-1	-1	-1	-1	-1	-1	-1	-1	-1	-1	-1	-1	-1	-1	-1	-1	-1	-1	-1	-1	-1	-1	-1	
-1	-1	-1	-1	-1	-1	-1	-1	-1	-1	-1	-1	-1	-1	-1	-1	-1	-1	-1	-1	-1	-1	-1	-1	-1	-1	-1	
2	-1	1	2	-1	1	2	-1	1	2	1.414	7	1.667	1.155	12	1.526	1.020	19	2	1.465	42	2.048	1.439	84	1.906	1.307	171	
3.560	2.469	1670	3.560	2.469	1670	3.962	2.650	1744	6.816	3.622	1972	12.566	4.734	2000	22.586	5.508	2000	37.485	5.689	2000	53.892	5.493	2000	64.421	6.649	2000	
41.657	4.917	2000	41.657	4.917	2000	45.514	4.857	2000	58.923	5.914	2000	64.169	7.460	2000	64.748	7.770	2000	64.754	7.774	2000	64.754	7.774	2000	64.754	7.774	2000	
40.597	4.827	2000	40.597	4.827	2000	44.138	4.884	2000	55.996	6.002	2000	60.285	7.320	2000	60.664	7.540	2000	60.667	7.542	2000	60.667	7.542	2000	60.667	7.542	2000	
3.397	2.320	1659	3.397	2.320	1659	3.706	2.445	1751	6.431	3.419	1964	12.091	4.546	1999	21.418	5.182	2000	34.520	5.053	2000	47.500	5.313	2000	54.214	6.602	2000	
1.667	0.577	3	1.667	0.577	3	1.667	0.577	3	1.600	0.966	10	1.462	0.877	13	1.500	0.839	28	1.580	1.071	50	1.464	0.963	84	1.613	1.083	168	
-1	-1	-1	-1	-1	-1	-1	-1	-1	-1	-1	-1	-1	-1	-1	-1	-1	-1	-1	-1	-1	-1	-1	-1	-1	-1	-1	
-1	-1	-1	-1	-1	-1	-1	-1	-1	-1	-1	-1	-1	-1	-1	-1	-1	-1	-1	-1	-1	-1	-1	-1	-1	-1	-1	
-1	-1	-1	-1	-1	-1	-1	-1	-1	-1	-1	-1	-1	-1	-1	-1	-1	-1	-1	-1	-1	-1	-1	-1	-1	-1	-1	
-1	-1	-1	-1	-1	-1	-1	-1	-1	-1	-1	-1	-1	-1	-1	-1	-1	-1	-1	-1	-1	-1	-1	-1	-1	-1	-1	
1	-1	1	1	-1	1	1	-1	1	3.250	2.435	8	3.462	2.184	13	3.300	2.203	20	2.853	2.134	34	2.696	2.084	79	2.710	2.016	155	
3.654	2.682	1003	3.654	2.682	1003	3.713	2.715	1039	4.882	3.512	1524	7.734	4.755	1905	13.683	5.962	1998	24.078	6.789	2000	37.807	6.413	2000	50.366	5.645	2000	
34.552	6.448	2000	34.552	6.448	2000	35.605	6.407	2000	49.049	5.753	2000	56.118	6.756	2000	57.413	7.388	2000	57.454	7.424	2000	57.454	7.424	2000	57.454	7.424	2000	
51.904	5.805	2000	51.904	5.805	2000	52.426	5.931	2000	55.581	6.986	2000	55.822	7.149	2000	55.823	7.151	2000	55.823	7.151	2000	55.823	7.151	2000	55.823	7.151	2000	
33.319	5.909	2000	33.319	5.909	2000	34.292	5.867	2000	46.381	5.382	2000	52.040	6.390	2000	52.912	6.878	2000	52.939	6.909	2000	52.939	6.909	2000	52.939	6.909	2000	
3.618	2.765	1004	3.618	2.765	1004	3.705	2.831	1039	4.897	3.502	1530	7.591	4.600	1894	13.339	5.858	1993	22.905	6.348	2000	34.956	5.721	2000	44.683	5.679	2000	
2	1.549	6	2	1.549	6	2	1.549	6	2.143	1.464	7	2.125	1.356	8	2.154	1.281	13	2.111	1.348	36	2.408	1.661	71	2.514	1.768	138	
-1	-1	-1	-1	-1	-1	-1	-1	-1	-1	-1	-1	-1	-1	-1	-1	-1	-1	-1	-1	-1	-1	-1	-1	-1	-1	-1	
-1	-1	-1	-1	-1	-1	-1	-1	-1	-1	-1	-1	-1	-1	-1	-1	-1	-1	-1	-1	-1	-1	-1	-1	-1	-1	-1	
-1	-1	-1	-1	-1	-1	-1	-1	-1	-1	-1	-1	-1	-1	-1	-1	-1	-1	-1	-1	-1	-1	-1	-1	-1	-1	-1	
-1	-1	-1	-1	-1	-1	-1	-1	-1	-1	-1	-1	-1	-1	-1	-1	-1	-1	-1	-1	-1	-1	-1	-1	-1	-1	-1	
2	2	6	2	2	6	2	2	6	2	2	6	2	2	6	2	2	6	2.500	2.204	8	2.846	2.193	13	2.760	2.385	25	
2.773	2.144	1057	2.773	2.144	1057	2.773	2.144	1057	2.773	2.144	1057	2.773	2.144	1057	2.773	2.144	1057	3.535	2.559	1512	5.638	3.495	1868	9.925	4.557	1989	
33.027	4.995	2000	33.027	4.995	2000	33.027	4.995	2000	33.027	4.995	2000	33.027	4.995	2000	33.027	4.995	2000	41.335	5.088	2000	45.756	6.316	2000	46.333	6.700	2000	
47.362	6.528	2000	47.362	6.528	2000	47.362	6.528	2000	47.362	6.528	2000	47.362	6.528	2000	47.362	6.528	2000	47.372	6.538	2000	47.372	6.538	2000	47.372	6.538	2000	
46.441	6.605	2000	46.441	6.605	2000	46.441	6.605	2000	46.441	6.605	2000	46.441	6.605	2000	46.441	6.605	2000	46.441	6.605	2000	46.441	6.605	2000	46.441	6.605	2000	
44.546	6.428	2000	44.546	6.428	2000	44.546	6.428	2000	44.546	6.428	2000	44.546	6.428	2000	44.546	6.428	2000	44.550	6.434	2000	44.550	6.434	2000	44.550	6.434	2000	
30.958	4.667	2000	30.958	4.667	2000	30.958	4.667	2000	30.958	4.667	2000	30.958	4.667	2000	30.958	4.667	2000	37.818	5.017	2000	40.953	6.103	2000	41.286	6.336	2000	
2.961	2.232	1077	2.961	2.232	1077	2.961	2.232	1077	2.961	2.232	1077	2.961	2.232	1077	2.961	2.232	1077	3.694	2.682	1525	5.660	3.478	1885	9.744	4.401	1986	
2	0.816	4	2	0.816	4	2	0.816	4	2	0.816	4	2	0.816	4	2	0.816	4	2.625	1.408	8	2.435	1.441	23	2.229	1.374	35	
-1	-1	-1	-1	-1	-1	-1	-1	-1	-1	-1	-1	-1	-1	-1	-1	-1	-1	-1	-1	-1	-1	-1	-1	-1	-1	-1	
-1	-1	-1	-1	-1	-1	-1	-1	-1	-1	-1	-1	-1	-1	-1	-1	-1	-1	-1	-1	-1	-1	-1	-1	-1	-1	-1	
-1	-1	-1	-1	-1	-1	-1	-1	-1	-1	-1	-1	-1	-1	-1	-1	-1	-1	-1	-1	-1	-1	-1	-1	-1	-1	-1	
-1	-1	-1	-1	-1	-1	-1	-1	-1	-1	-1	-1	-1	-1	-1	-1	-1	-1	-1	-1	-1	-1	-1	-1	-1	-1	-1	
-1	-1	-1	-1	-1	-1	-1	-1	-1	-1	-1	-1	-1	-1	-1	-1	-1	-1	1.667	1.155	3	1.875	1.126	8	1.438	0.892	16	
2.026	1.793	117	2.026	1.793	117	2.033	1.796	120	2.195	2.087	221	2.317	2.105	419	2.534	2.277	726	2.976	2.615	1168	3.926	3.168	1662	6.255	4.024	1940	
5.067	3.559	1854	5.067	3.559	1854	5.230	3.624	1864	9.107	4.526	1994	16.053	5.093	2000	25.020	4.691	2000	32.980	4.733	2000	36.516	5.661	2000	36.979	6.001	2000	
25.939	4.568	2000	25.939	4.568	2000	26.498	4.521	2000	34.282	4.754	2000	37.511	5.755	2000	37.897	6.033	2000	37.901	6.041	2000	37.901	6.041	2000	37.901	6.041	2000	
33.465	4.613	2000	33.465	4.613	2000	33.797	4.679	2000	36.926	5.693	2000	37.265	5.940	2000	37.270	5.947	2000	37.270	5.947	2000	37.270	5.947	2000	37.270	5.947	2000	
25.253	4.486	2000	25.253	4.486	2000	25.734	4.471	2000	32.842	4.632	2000	35.614	5.527	2000	35.909	5.763	2000	35.912	5.766	2000	35.912	5.766	2000	35.912	5.766	2000	
5.009	3.443	1866	5.009	3.443	1866	5.181	3.496	1882	9.087	4.478	1996	15.632	4.803	2000	23.943	4.530	2000	30.664	4.650	2000	33.279	5.519	2000	33.544	5.728	2000	
2.198	2.157	86	2.198	2.157	86	2.144	2.123	90	2.231	2.069	199	2.392	2.213	424	2.514	2.273	751	2.946	2.664	1214	3.862	3.073	1691	6.253	3.958	1944	
1	-1	1	1	-1	1	1	-1	1	1	-1	1	1	-1	1	1.600	0.894	5	1.833	0.983	6	1.714	0.951	7	1.857	1.027	14	
-1	-1	-1	-1	-1	-1	-1	-1	-1	-1	-1	-1	-1	-1	-1	-1	-1	-1	-1	-1	-1	-1	-1	-1	-1	-1	-1	
-1	-1	-1	-1	-1	-1	-1	-1	-1	-1	-1	-1	-1	-1	-1	-1	-1	-1	-1	-1	-1	-1	-1	-1	-1	-1	-1	
-1	-1	-1	-1	-1	-1	-1	-1	-1	-1	-1	-1	-1	-1	-1	-1	-1	-1	-1	-1	-1	-1	-1	-1	-1	-1	-1	
-1	-1	-1	-1	-1	-1	-1	-1	-1	-1	-1	-1	-1	-1	-1	-1	-1	-1	-1	-1	-1	-1	-1	-1	-1	-1	-1	
-1	-1	-1	-1	-1	-1	-1	-1	-1	-1	-1	-1	-1	-1	-1	-1	-1	-1	-1	-1	-1	-1	-1	-1	-1	-1	-1	
-1	-1	-1	-1	-1	-1	-1	-1	-1	-1	-1	-1	-1	-1	-1	-1	-1	-1	-1	-1	-1	-1	-1	-1	1	-1	1	
1.490	0.882	149	1.490	0.882	149	1.490	0.882	149	1.490	0.882	149	1.531	0.985	273	1.650	1.065	531	1.821	1.213	944	2.314	1.507	1448	3.577	2.179	1834	
11.495	3.304	2000	11.495	3.304	2000	11.495	3.304	2000	11.495	3.304	2000	17.411	3.481	2000	24.167	3.749	2000	27.840	4.745	2000	28.568	5.214	2000	28.593	5.242	2000	
28.951	5.054	2000	28.951	5.054	2000	28.951	5.054	2000	28.951	5.054	2000	29.303	5.337	2000	29.313	5.348	2000	29.313	5.348	2000	29.313	5.348	2000	29.313	5.348	2000	
28.848	4.985	2000	28.848	4.985	2000	28.848	4.985	2000	28.848	4.985	2000	29.199	5.238	2000	29.212	5.252	2000	29.212	5.252	2000	29.212	5.252	2000	29.212	5.252	2000	
11.395	3.306	2000	11.395	3.306	2000	11.395	3.306	2000	11.395	3.306	2000	17.251	3.443	2000	23.822	3.774	2000	27.403	4.730	2000	28.084	5.169	2000	28.107	5.195	2000	
1.436	0.865	165	1.436	0.865	165	1.436	0.865	165	1.436	0.865	165	1.461	0.875	280	1.540	0.962	539	1.815	1.190	968	2.447	1.629	1455	3.670	2.245	1870	
-1	-1	-1	-1	-1	-1	-1	-1	-1	-1	-1	-1	-1	-1	-1	-1	-1	-1	1	-1	1	1	-1	1	1	-1	1	
-1	-1	-1	-1	-1	-1	-1	-1	-1	-1	-1	-1	-1	-1	-1	-1	-1	-1	-1	-1	-1	-1	-1	-1	-1	-1	-1	
-1	-1	-1	-1	-1	-1	-1	-1	-1	-1	-1	-1	-1	-1	-1	-1	-1	-1	-1	-1	-1	-1	-1	-1	-1	-1	-1	
-1	-1	-1	-1	-1	-1	-1	-1	-1	-1	-1	-1	-1	-1	-1	-1	-1	-1	-1	-1	-1	-1	-1	-1	-1	-1	-1	
-1	-1	-1	-1	-1	-1	-1	-1	-1	-1	-1	-1	-1	-1	-1	-1	-1	-1	-1	-1	-1	-1	-1	-1	-1	-1	-1	
-1	-1	-1	-1	-1	-1	-1	-1	-1	-1	-1	-1	-1	-1	-1	-1	-1	-1	-1	-1	-1	-1	-1	-1	-1	-1	-1	
-1	-1	-1	-1	-1	-1	-1	-1	-1	-1	-1	-1	1	-1	1	1	0	2	1.250	0.500	4	1.538	0.776	13	1.412	0.609	34	
1.592	0.814	49	1.592	0.814	49	1.569	0.806	51	1.670	0.891	106	1.597	0.884	216	1.672	0.970	406	1.775	1.051	680	2.121	1.314	1153	2.878	1.726	1643	
1.804	1.081	836	1.804	1.081	836	1.853	1.105	903	2.381	1.442	1377	3.427	1.950	1813	5.763	2.512	1972	9.518	2.794	2000	14.120	2.863	2000	17.475	3.462	2000	
5.258	2.432	1958	5.258	2.432	1958	5.658	2.495	1968	9.598	2.878	2000	14.536	2.962	2000	18.615	3.488	2000	20.239	4.212	2000	20.425	4.385	2000	20.431	4.393	2000	
13.546	2.867	2000	13.546	2.867	2000	14.237	2.899	2000	19.028	3.336	2000	21.377	4.271	2000	21.769	4.573	2000	21.780	4.587	2000	21.780	4.587	2000	21.780	4.587	2000	
18.112	3.186	2000	18.112	3.186	2000	18.746	3.266	2000	21.604	4.235	2000	22.166	4.645	2000	22.184	4.669	2000	22.184	4.669	2000	22.184	4.669	2000	22.184	4.669	2000	
18.146	3.232	2000	18.146	3.232	2000	18.769	3.364	2000	21.610	4.359	2000	22.174	4.744	2000	22.196	4.772	2000	22.196	4.772	2000	22.196	4.772	2000	22.196	4.772	2000	
13.329	2.897	2000	13.329	2.897	2000	14.088	2.968	2000	18.781	3.396	2000	21.067	4.280	2000	21.439	4.585	2000	21.445	4.594	2000	21.445	4.594	2000	21.445	4.594	2000	
5.192	2.468	1971	5.192	2.468	1971	5.600	2.558	1983	9.614	2.908	2000	14.621	3.022	2000	18.630	3.607	2000	20.162	4.295	2000	20.354	4.465	2000	20.357	4.470	2000	
1.806	1.046	818	1.806	1.046	818	1.868	1.085	877	2.333	1.395	1366	3.440	1.947	1795	5.748	2.531	1975	9.459	2.834	2000	14.044	2.894	2000	17.394	3.578	2000	
1.479	0.652	48	1.479	0.652	48	1.481	0.671	52	1.582	0.849	98	1.551	0.861	196	1.636	0.889	374	1.857	1.049	691	2.134	1.314	1149	2.868	1.666	1641	
-1	-1	-1	-1	-1	-1	-1	-1	-1	-1	-1	-1	-1	-1	-1	2.500	2.121	2	2	1.549	6	2	1.237	18	1.853	1.048	34	
-1	-1	-1	-1	-1	-1	-1	-1	-1	-1	-1	-1	-1	-1	-1	-1	-1	-1	-1	-1	-1	-1	-1	-1	-1	-1	-1	
-1	-1	-1	-1	-1	-1	-1	-1	-1	-1	-1	-1	-1	-1	-1	-1	-1	-1	-1	-1	-1	-1	-1	-1	-1	-1	-1	
-1	-1	-1	-1	-1	-1	-1	-1	-1	-1	-1	-1	-1	-1	-1	-1	-1	-1	-1	-1	-1	-1	-1	-1	-1	-1	-1	
-1	-1	-1	-1	-1	-1	-1	-1	-1	-1	-1	-1	-1	-1	-1	-1	-1	-1	-1	-1	-1	-1	-1	-1	-1	-1	-1	
-1	-1	-1	-1	-1	-1	-1	-1	-1	-1	-1	-1	-1	-1	-1	-1	-1	-1	-1	-1	-1	-1	-1	-1	-1	-1	-1	
1	-1	1	1	-1	1	1.333	0.577	3	1.400	0.548	5	1.333	0.516	6	2	1.414	15	2.121	1.616	33	1.925	1.460	67	1.807	1.346	140	
1.667	1.002	78	1.667	1.002	78	1.752	1.215	105	1.736	1.175	212	1.893	1.381	383	2.028	1.435	680	2.319	1.576	1119	2.952	1.821	1649	4.396	2.205	1927	
2.036	1.356	863	2.036	1.356	863	2.208	1.478	1089	2.864	1.821	1585	4.298	2.309	1900	6.768	2.506	1995	9.703	2.565	2000	11.631	2.981	2000	12.140	3.331	2000	
4.901	2.406	1945	4.901	2.406	1945	6.223	2.615	1985	9.493	2.688	2000	12.336	2.834	2000	13.638	3.375	2000	13.824	3.561	2000	13.829	3.567	2000	13.829	3.567	2000	
10.637	2.642	2000	10.637	2.642	2000	12.387	2.729	2000	14.576	3.334	2000	15.143	3.758	2000	15.178	3.808	2000	15.178	3.808	2000	15.178	3.808	2000	15.178	3.808	2000	
13.769	2.925	2000	13.769	2.925	2000	14.974	3.298	2000	15.953	3.902	2000	16.047	4.009	2000	16.049	4.012	2000	16.049	4.012	2000	16.049	4.012	2000	16.049	4.012	2000	
14.080	2.989	2000	14.080	2.989	2000	15.388	3.358	2000	16.429	3.972	2000	16.536	4.086	2000	16.538	4.089	2000	16.538	4.089	2000	16.538	4.089	2000	16.538	4.089	2000	
11.120	2.815	2000	11.120	2.815	2000	13.041	2.840	2000	15.671	3.471	2000	16.426	3.972	2000	16.489	4.036	2000	16.490	4.037	2000	16.490	4.037	2000	16.490	4.037	2000	
4.988	2.601	1956	4.988	2.601	1956	6.482	2.850	1992	10.134	2.816	2000	13.779	3.009	2000	15.665	3.708	2000	16.030	4.031	2000	16.051	4.065	2000	16.051	4.065	2000	
2.140	1.480	886	2.140	1.480	886	2.327	1.614	1126	3.020	1.981	1598	4.598	2.497	1918	7.464	2.774	1998	11.076	2.731	2000	13.904	3.116	2000	15.006	3.755	2000	
1.916	1.381	83	1.916	1.381	83	1.857	1.355	112	1.863	1.350	204	1.862	1.388	383	2.016	1.412	685	2.372	1.635	1175	3.180	2.065	1643	4.832	2.585	1925	
-1	-1	-1	-1	-1	-1	1	0	4	1.167	0.408	6	1.417	0.793	12	1.800	2.042	20	1.588	1.617	34	1.714	1.495	70	1.799	1.384	139	
-1	-1	-1	-1	-1	-1	-1	-1	-1	-1	-1	-1	-1	-1	-1	-1	-1	-1	-1	-1	-1	-1	-1	-1	-1	-1	-1	
-1	-1	-1	-1	-1	-1	-1	-1	-1	-1	-1	-1	-1	-1	-1	-1	-1	-1	-1	-1	-1	-1	-1	-1	-1	-1	-1	
-1	-1	-1	-1	-1	-1	-1	-1	-1	-1	-1	-1	-1	-1	-1	-1	-1	-1	-1	-1	-1	-1	-1	-1	-1	-1	-1	
-1	-1	-1	-1	-1	-1	-1	-1	-1	-1	-1	-1	-1	-1	-1	-1	-1	-1	-1	-1	-1	-1	-1	-1	-1	-1	-1	
-1	-1	-1	-1	-1	-1	-1	-1	-1	-1	-1	-1	-1	-1	-1	-1	-1	-1	-1	-1	-1	-1	-1	-1	-1	-1	-1	
-1	-1	-1	-1	-1	-1	-1	-1	-1	-1	-1	-1	-1	-1	-1	-1	-1	-1	-1	-1	-1	-1	-1	-1	-1	-1	-1	
-1	-1	-1	-1	-1	-1	-1	-1	-1	-1	-1	-1	-1	-1	-1	-1	-1	-1	-1	-1	-1	-1	-1	-1	-1	-1	-1	
-1	-1	-1	-1	-1	-1	-1	-1	-1	-1	-1	-1	-1	-1	-1	-1	-1	-1	-1	-1	-1	-1	-1	-1	-1	-1	-1	
1	0	3	1	0	3	2	1.549	6	1.583	1.165	12	1.458	0.932	24	1.827	1.167	52	1.800	1.089	85	1.776	1.031	152	1.844	1.089	295	
1.805	1.004	420	1.805	1.004	420	1.898	1.115	696	2.153	1.314	1130	2.818	1.653	1620	4.136	2.016	1924	6.250	2.141	1999	8.509	2.303	2000	9.810	2.876	2000	
5.553	2.197	1986	5.553	2.197	1986	7.858	2.282	2000	10.024	2.651	2000	10.864	3.099	2000	10.977	3.230	2000	10.979	3.232	2000	10.979	3.232	2000	10.979	3.232	2000	
10.797	2.805	2000	10.797	2.805	2000	11.473	3.315	2000	11.568	3.433	2000	11.571	3.439	2000	11.571	3.439	2000	11.571	3.439	2000	11.571	3.439	2000	11.571	3.439	2000	
11.068	2.860	2000	11.068	2.860	2000	11.804	3.368	2000	11.897	3.480	2000	11.900	3.488	2000	11.900	3.488	2000	11.900	3.488	2000	11.900	3.488	2000	11.900	3.488	2000	
5.670	2.234	1987	5.670	2.234	1987	8.237	2.340	2000	10.682	2.669	2000	11.789	3.281	2000	11.969	3.461	2000	11.974	3.470	2000	11.974	3.470	2000	11.974	3.470	2000	
1.719	1.015	385	1.719	1.015	385	1.899	1.151	695	2.192	1.354	1130	2.905	1.707	1601	4.266	2.084	1921	6.675	2.290	1998	9.387	2.457	2000	11.109	3.024	2000	
1	0	4	1	0	4	1.286	0.756	7	1.444	0.726	9	1.579	0.961	19	1.548	0.832	42	1.568	0.944	88	1.615	0.957	169	1.705	0.994	329	
-1	-1	-1	-1	-1	-1	-1	-1	-1	-1	-1	-1	-1	-1	-1	-1	-1	-1	3	-1	1	3	-1	1	2	1.414	2	
-1	-1	-1	-1	-1	-1	-1	-1	-1	-1	-1	-1	-1	-1	-1	-1	-1	-1	-1	-1	-1	-1	-1	-1	-1	-1	-1	
-1	-1	-1	-1	-1	-1	-1	-1	-1	-1	-1	-1	-1	-1	-1	-1	-1	-1	-1	-1	-1	-1	-1	-1	-1	-1	-1	
-1	-1	-1	-1	-1	-1	-1	-1	-1	-1	-1	-1	-1	-1	-1	-1	-1	-1	-1	-1	-1	-1	-1	-1	-1	-1	-1	
-1	-1	-1	-1	-1	-1	-1	-1	-1	-1	-1	-1	-1	-1	-1	-1	-1	-1	-1	-1	-1	-1	-1	-1	-1	-1	-1	
-1	-1	-1	-1	-1	-1	-1	-1	-1	-1	-1	-1	-1	-1	-1	-1	-1	-1	-1	-1	-1	-1	-1	-1	-1	-1	-1	
-1	-1	-1	-1	-1	-1	-1	-1	-1	-1	-1	-1	-1	-1	-1	-1	-1	-1	1	-1	1	1	-1	1	1	-1	1	
2.143	1.069	7	2.143	1.069	7	2.143	1.069	7	2.143	1.069	7	2.143	1.069	7	2.091	1.151	22	2.231	1.404	39	2.244	1.414	86	2.246	1.449	138	
2.532	1.836	327	2.532	1.836	327	2.532	1.836	327	2.532	1.836	327	2.532	1.836	327	2.596	1.831	510	2.755	1.882	916	3.088	1.979	1390	3.647	2.017	1838	
3.919	2.298	1759	3.919	2.298	1759	3.919	2.298	1759	3.919	2.298	1759	3.919	2.298	1759	4.544	2.264	1933	5.340	2.257	1997	5.592	2.331	1997	5.604	2.344	1997	
6.420	2.399	1998	6.420	2.399	1998	6.420	2.399	1998	6.420	2.399	1998	6.420	2.399	1998	6.471	2.427	1998	6.472	2.430	1998	6.472	2.430	1998	6.472	2.430	1998	
7.325	2.710	1999	7.325	2.710	1999	7.325	2.710	1999	7.325	2.710	1999	7.325	2.710	1999	7.325	2.710	1999	7.325	2.710	1999	7.325	2.710	1999	7.325	2.710	1999	
7.854	2.843	2000	7.854	2.843	2000	7.854	2.843	2000	7.854	2.843	2000	7.854	2.843	2000	7.854	2.843	2000	7.854	2.843	2000	7.854	2.843	2000	7.854	2.843	2000	
8.323	2.890	1999	8.323	2.890	1999	8.323	2.890	1999	8.323	2.890	1999	8.323	2.890	1999	8.323	2.890	1999	8.323	2.890	1999	8.323	2.890	1999	8.323	2.890	1999	
8.528	2.871	2000	8.528	2.871	2000	8.528	2.871	2000	8.528	2.871	2000	8.528	2.871	2000	8.528	2.871	2000	8.528	2.871	2000	8.528	2.871	2000	8.528	2.871	2000	
8.514	2.902	1999	8.514	2.902	1999	8.514	2.902	1999	8.514	2.902	1999	8.514	2.902	1999	8.514	2.902	1999	8.514	2.902	1999	8.514	2.902	1999	8.514	2.902	1999	
8.455	2.943	2000	8.455	2.943	2000	8.455	2.943	2000	8.455	2.943	2000	8.455	2.943	2000	8.455	2.943	2000	8.455	2.943	2000	8.455	2.943	2000	8.455	2.943	2000	
7.840	2.781	1999	7.840	2.781	1999	7.840	2.781	1999	7.840	2.781	1999	7.840	2.781	1999	7.952	2.860	1999	7.964	2.873	1999	7.964	2.873	1999	7.964	2.873	1999	
4.676	2.822	1748	4.676	2.822	1748	4.676	2.822	1748	4.676	2.822	1748	4.676	2.822	1748	5.631	2.786	1933	6.861	2.605	1997	7.318	2.714	1997	7.368	2.759	1997	
2.927	2.425	328	2.927	2.425	328	2.927	2.425	328	2.927	2.425	328	2.927	2.425	328	2.960	2.411	528	3.280	2.481	938	3.834	2.567	1418	4.721	2.595	1828	
2.455	1.809	11	2.455	1.809	11	2.455	1.809	11	2.455	1.809	11	2.455	1.809	11	3	2.656	20	3.051	2.533	39	3.064	2.462	78	2.861	2.370	144	
-1	-1	-1	-1	-1	-1	-1	-1	-1	-1	-1	-1	-1	-1	-1	-1	-1	-1	-1	-1	-1	-1	-1	-1	-1	-1	-1	
-1	-1	-1	-1	-1	-1	-1	-1	-1	-1	-1	-1	-1	-1	-1	-1	-1	-1	-1	-1	-1	-1	-1	-1	-1	-1	-1	
-1	-1	-1	-1	-1	-1	-1	-1	-1	-1	-1	-1	-1	-1	-1	-1	-1	-1	1	-1	1	1	-1	1	1	-1	1	
1	0	4	1	0	4	1	0	4	1.571	1.512	7	1.286	1.069	14	1.360	0.995	25	1.484	1.052	62	1.565	1.046	131	1.587	0.996	276	
1.981	1.338	158	1.981	1.338	158	1.981	1.338	158	2.107	1.417	253	2.009	1.366	431	2.036	1.340	728	2.205	1.368	1185	2.495	1.478	1644	2.833	1.561	1827	
2.327	1.538	884	2.327	1.538	884	2.327	1.538	884	2.494	1.599	1174	2.833	1.621	1646	3.237	1.705	1883	3.523	1.758	1931	3.566	1.787	1931	3.568	1.791	1931	
3.244	1.812	1839	3.244	1.812	1839	3.244	1.812	1839	3.590	1.829	1942	4.005	1.891	1973	4.081	1.941	1975	4.082	1.942	1975	4.082	1.942	1975	4.082	1.942	1975	
4.436	2.001	1978	4.436	2.001	1978	4.436	2.001	1978	4.575	2.049	1981	4.611	2.078	1981	4.611	2.079	1981	4.611	2.079	1981	4.611	2.079	1981	4.611	2.079	1981	
5.198	2.276	1984	5.198	2.276	1984	5.198	2.276	1984	5.216	2.297	1984	5.220	2.305	1984	5.220	2.305	1984	5.220	2.305	1984	5.220	2.305	1984	5.220	2.305	1984	
5.545	2.330	1989	5.545	2.330	1989	5.545	2.330	1989	5.549	2.334	1989	5.549	2.335	1989	5.549	2.335	1989	5.549	2.335	1989	5.549	2.335	1989	5.549	2.335	1989	
5.848	2.411	1993	5.848	2.411	1993	5.848	2.411	1993	5.848	2.411	1993	5.848	2.411	1993	5.848	2.411	1993	5.848	2.411	1993	5.848	2.411	1993	5.848	2.411	1993	
6.015	2.450	1992	6.015	2.450	1992	6.015	2.450	1992	6.017	2.456	1992	6.017	2.456	1992	6.017	2.456	1992	6.017	2.456	1992	6.017	2.456	1992	6.017	2.456	1992	
6.003	2.404	1995	6.003	2.404	1995	6.003	2.404	1995	6.005	2.404	1995	6.005	2.404	1995	6.005	2.404	1995	6.005	2.404	1995	6.005	2.404	1995	6.005	2.404	1995	
5.844	2.429	1998	5.844	2.429	1998	5.844	2.429	1998	5.873	2.451	1998	5.879	2.459	1998	5.879	2.459	1998	5.879	2.459	1998	5.879	2.459	1998	5.879	2.459	1998	
5.374	2.265	1992	5.374	2.265	1992	5.374	2.265	1992	5.598	2.324	1993	5.658	2.364	1993	5.661	2.371	1993	5.661	2.371	1993	5.661	2.371	1993	5.661	2.371	1993	
3.955	2.142	1837	3.955	2.142	1837	3.955	2.142	1837	4.435	2.131	1943	5.073	2.148	1992	5.228	2.221	1993	5.239	2.235	1993	5.239	2.235	1993	5.239	2.235	1993	
2.936	2.052	894	2.936	2.052	894	2.936	2.052	894	3.082	2.056	1202	3.517	2.045	1696	4.185	2.093	1941	4.714	2.126	1981	4.854	2.203	1981	4.861	2.211	1981	
2.204	1.619	167	2.204	1.619	167	2.204	1.619	167	2.328	1.667	256	2.449	1.774	477	2.564	1.736	802	2.832	1.850	1269	3.275	1.896	1723	3.810	1.868	1936	
2	1	5	2	1	5	2	1	5	2.273	1.555	11	2.053	1.353	19	2.356	1.510	45	2.387	1.720	93	2.471	1.827	172	2.418	1.736	323	
-1	-1	-1	-1	-1	-1	-1	-1	-1	-1	-1	-1	-1	-1	-1	-1	-1	-1	-1	-1	-1	-1	-1	-1	-1	-1	-1	
-1	-1	-1	-1	-1	-1	-1	-1	-1	-1	-1	-1	-1	-1	-1	-1	-1	-1	-1	-1	-1	-1	-1	-1	-1	-1	-1	
-1	-1	-1	-1	-1	-1	-1	-1	-1	-1	-1	-1	-1	-1	-1	-1	-1	-1	-1	-1	-1	-1	-1	-1	-1	-1	-1	
-1	-1	-1	-1	-1	-1	-1	-1	-1	-1	-1	-1	-1	-1	-1	-1	-1	-1	-1	-1	-1	-1	-1	-1	-1	-1	-1	
2	1.414	2	2	1.414	2	2	1.414	2	2	1.414	2	2	1.414	2	2	1	3	2.667	1.862	6	2.158	1.302	19	2	1.091	43	
1.920	1.166	225	1.920	1.166	225	1.920	1.166	225	1.920	1.166	225	1.920	1.166	225	1.944	1.133	305	1.991	1.202	583	2.110	1.271	949	2.288	1.348	1426	
2.822	1.474	1799	2.822	1.474	1799	2.822	1.474	1799	2.822	1.474	1799	2.822	1.474	1799	3.037	1.534	1877	3.282	1.645	1915	3.345	1.706	1917	3.347	1.708	1917	
3.626	1.819	1951	3.626	1.819	1951	3.626	1.819	1951	3.626	1.819	1951	3.626	1.819	1951	3.627	1.820	1951	3.627	1.820	1951	3.627	1.820	1951	3.627	1.820	1951	
3.841	1.938	1960	3.841	1.938	1960	3.841	1.938	1960	3.841	1.938	1960	3.841	1.938	1960	3.841	1.938	1960	3.841	1.938	1960	3.841	1.938	1960	3.841	1.938	1960	
4.017	1.948	1960	4.017	1.948	1960	4.017	1.948	1960	4.017	1.948	1960	4.017	1.948	1960	4.017	1.948	1960	4.017	1.948	1960	4.017	1.948	1960	4.017	1.948	1960	
4.138	1.985	1966	4.138	1.985	1966	4.138	1.985	1966	4.138	1.985	1966	4.138	1.985	1966	4.138	1.985	1966	4.138	1.985	1966	4.138	1.985	1966	4.138	1.985	1966	
4.214	2.000	1968	4.214	2.000	1968	4.214	2.000	1968	4.214	2.000	1968	4.214	2.000	1968	4.214	2.000	1968	4.214	2.000	1968	4.214	2.000	1968	4.214	2.000	1968	
4.141	1.946	1952	4.141	1.946	1952	4.141	1.946	1952	4.141	1.946	1952	4.141	1.946	1952	4.141	1.948	1952	4.141	1.948	1952	4.141	1.948	1952	4.141	1.948	1952	
3.214	1.667	1853	3.214	1.667	1853	3.214	1.667	1853	3.214	1.667	1853	3.214	1.667	1853	3.515	1.717	1930	3.866	1.812	1961	3.951	1.884	1961	3.956	1.893	1961	
2.153	1.372	236	2.153	1.372	236	2.153	1.372	236	2.153	1.372	236	2.153	1.372	236	2.159	1.343	327	2.158	1.318	607	2.418	1.449	1046	2.683	1.519	1531	
1	0	2	1	0	2	1	0	2	1	0	2	1	0	2	1.667	1.155	3	1.750	1.165	8	2.067	1.163	15	2	1.265	31	
-1	-1	-1	-1	-1	-1	-1	-1	-1	-1	-1	-1	-1	-1	-1	-1	-1	-1	-1	-1	-1	-1	-1	-1	-1	-1	-1	
-1	-1	-1	-1	-1	-1	-1	-1	-1	-1	-1	-1	-1	-1	-1	-1	-1	-1	-1	-1	-1	-1	-1	-1	-1	-1	-1	
-1	-1	-1	-1	-1	-1	-1	-1	-1	-1	-1	-1	-1	-1	-1	-1	-1	-1	-1	-1	-1	-1	-1	-1	-1	-1	-1	
