45.554	6.321	2000	45.554	6.321	2000	45.554	6.321	2000	45.554	6.321	2000	45.554	6.321	2000	45.554	6.321	2000	45.554	6.321	2000	45.554	6.321	2000	45.554	6.321	2000	
59.037	7.124	2000	59.037	7.124	2000	59.037	7.124	2000	59.037	7.124	2000	59.037	7.124	2000	59.037	7.124	2000	59.037	7.124	2000	59.037	7.124	2000	59.037	7.124	2000	
79.697	8.200	2000	79.697	8.200	2000	79.697	8.200	2000	79.697	8.200	2000	79.697	8.200	2000	79.697	8.200	2000	79.697	8.200	2000	79.697	8.200	2000	79.697	8.200	2000	
97.755	8.761	2000	97.755	8.761	2000	97.755	8.761	2000	97.755	8.761	2000	97.755	8.761	2000	97.755	8.761	2000	97.755	8.761	2000	97.755	8.761	2000	98.048	8.771	2000	
146.371	10.193	2000	146.371	10.193	2000	146.371	10.193	2000	146.371	10.193	2000	146.371	10.193	2000	146.371	10.193	2000	146.371	10.193	2000	146.371	10.193	2000	147.165	10.255	2000	
184.376	10.918	2000	184.376	10.918	2000	184.376	10.918	2000	184.376	10.918	2000	184.376	10.918	2000	184.376	10.918	2000	184.376	10.918	2000	187.341	11.123	2000	192.329	11.342	2000	
188.690	10.636	2000	188.690	10.636	2000	188.690	10.636	2000	188.690	10.636	2000	188.690	10.636	2000	188.690	10.636	2000	197.542	11.096	2000	206.938	11.425	2000	213.395	11.658	2000	
188.690	11.074	2000	188.690	11.074	2000	188.690	11.074	2000	188.690	11.074	2000	188.690	11.074	2000	188.690	11.074	2000	188.690	11.074	2000	190.967	11.131	2000	198.889	11.495	2000	
216.718	11.390	2000	216.718	11.390	2000	216.718	11.390	2000	216.718	11.390	2000	216.718	11.390	2000	216.718	11.390	2000	218.033	11.457	2000	228.829	11.644	2000	237.936	11.965	2000	
230.965	11.426	2000	230.965	11.426	2000	230.965	11.426	2000	230.965	11.426	2000	230.965	11.426	2000	230.965	11.426	2000	238.364	11.632	2000	250.059	12.046	2000	259.199	12.138	2000	
225.237	11.257	2000	225.237	11.257	2000	225.237	11.257	2000	225.237	11.257	2000	225.237	11.257	2000	227.478	11.432	2000	242.781	11.853	2000	253.771	12.042	2000	262.147	12.223	2000	
178.071	10.012	2000	178.071	10.012	2000	178.071	10.012	2000	178.071	10.012	2000	179.227	10.091	2000	194.046	10.878	2000	204.338	11.216	2000	212.120	11.531	2000	217.393	11.712	2000	
35.114	4.329	2000	55.410	5.157	2000	91.568	6.271	2000	135.042	7.343	2000	175.948	8.819	2000	207.519	10.218	2000	227.600	11.323	2000	237.909	11.971	2000	243.239	12.252	2000	
62.380	5.235	2000	62.380	5.235	2000	93.736	5.990	2000	126.396	7.425	2000	150.827	9.111	2000	166.917	10.137	2000	177.492	10.731	2000	185.120	11.044	2000	191.208	11.306	2000	
65.233	4.919	2000	65.233	4.919	2000	77.082	5.648	2000	96.510	7.414	2000	107.572	8.688	2000	115.271	9.092	2000	122.293	9.480	2000	126.357	10.038	2000	127.746	10.240	2000	
68.111	5.659	2000	68.111	5.659	2000	72.518	5.950	2000	86.191	7.680	2000	92.462	8.688	2000	97.117	8.802	2000	103.243	8.772	2000	109.478	9.059	2000	113.109	9.552	2000	
78.873	7.033	2000	78.873	7.033	2000	79.765	7.081	2000	88.906	8.082	2000	93.448	8.743	2000	96.221	8.970	2000	99.869	8.947	2000	104.548	9.059	2000	108.457	9.212	2000	
88.432	8.210	2000	88.432	8.210	2000	88.432	8.210	2000	88.432	8.210	2000	88.432	8.210	2000	88.432	8.210	2000	91.395	8.464	2000	93.433	8.846	2000	94.868	8.934	2000	
56.610	5.964	2000	56.610	5.964	2000	57.145	6.029	2000	63.660	7.040	2000	67.696	7.423	2000	71.099	7.659	2000	73.956	7.982	2000	75.460	8.192	2000	76.386	8.194	2000	
47.023	6.097	2000	47.023	6.097	2000	47.023	6.097	2000	47.023	6.097	2000	49.904	6.212	2000	52.881	6.571	2000	54.549	6.959	2000	55.153	7.118	2000	55.718	7.099	2000	
39.234	4.880	2000	39.234	4.880	2000	40.093	5.017	2000	44.809	5.867	2000	47.835	6.328	2000	49.893	6.578	2000	51.397	6.691	2000	52.800	6.794	2000	53.932	6.922	2000	
30.535	4.572	2000	30.535	4.572	2000	32.539	4.932	2000	35.308	5.457	2000	37.179	5.753	2000	38.497	5.944	2000	39.579	6.057	2000	40.497	6.157	2000	41.159	6.214	2000	
19.769	3.890	2000	19.769	3.890	2000	21.533	4.323	2000	22.879	4.586	2000	23.707	4.772	2000	24.410	4.794	2000	25.301	4.835	2000	26.236	4.921	2000	26.802	5.083	2000	
22.790	4.626	2000	22.790	4.626	2000	22.790	4.626	2000	22.790	4.626	2000	22.790	4.626	2000	23.151	4.657	2000	23.591	4.719	2000	23.882	4.750	2000	24.189	4.766	2000	
16.741	3.986	2000	16.741	3.986	2000	16.741	3.986	2000	17.074	4.036	2000	17.466	4.108	2000	17.760	4.159	2000	18.003	4.193	2000	18.183	4.210	2000	18.329	4.231	2000	
10.729	3.220	2000	10.729	3.220	2000	10.729	3.220	2000	10.729	3.220	2000	10.729	3.220	2000	10.876	3.250	2000	11.086	3.298	2000	11.268	3.322	2000	11.473	3.330	2000	
