60 0 15 6817 0.6 3.4 11 7
55 15 18 21765 0.7 7 13 9
50 33 13 32070 0.5 4.55 8 5
45 46 13 5896 0.74 15 19 10.5
40 59 20 5429 0.2 5.8 18 4.5
35 79 22 2395 0.46 5.5 10 3.5
30 101 20 1005 0.35 3.3 10 9.5
25 121 17 2694 0.3 3.3 10 19
20 138 17 1485 0.21 3 25 13
15 155 15 1122 0.2 4.5 39 9
10 170 14 737 0.35 4 22 7
5 184 10 383 0.75 5 13 9.5
0 194 13 29 0.1 0.6 4 2.5
-5 207 12 52 0.75 5 8 8.5
-10 219 10 71 0.7 3 5 32.5
-15 229 10 85 0.5 3 7 51
-20 239 11 95 0.63 2 9 39
-25 250 13 879 0.69 5 12 31
-30 263 13 96 0.17 1 8 33.5
-35 276 14 217 0.18 1 4 66
-40 290 16 91 0.85 4 5 21
-45 306 18 71 0.6 7 13 24.5
-50 324 18 53 0.7 3.5 6 69.5
-55 342 18 476 0.35 1.5 16 15.5
-60 360 18 131 0.36 2 22 9
-65 378 18 555 0.63 4 18 28
